Locale_GetText_m3374010885	System.String Locale::GetText(System.String)	mscorlib
Locale_GetText_m1601577974	System.String Locale::GetText(System.String,System.Object[])	mscorlib
SafeHandleZeroOrMinusOneIsInvalid__ctor_m2667299826	System.Void Microsoft.Win32.SafeHandles.SafeHandleZeroOrMinusOneIsInvalid::.ctor(System.Boolean)	mscorlib
SafeHandleZeroOrMinusOneIsInvalid_get_IsInvalid_m1185299356	System.Boolean Microsoft.Win32.SafeHandles.SafeHandleZeroOrMinusOneIsInvalid::get_IsInvalid()	mscorlib
SafeWaitHandle__ctor_m3710504225	System.Void Microsoft.Win32.SafeHandles.SafeWaitHandle::.ctor(System.IntPtr,System.Boolean)	mscorlib
SafeWaitHandle_ReleaseHandle_m2890681297	System.Boolean Microsoft.Win32.SafeHandles.SafeWaitHandle::ReleaseHandle()	mscorlib
CodePointIndexer__ctor_m2813317897	System.Void Mono.Globalization.Unicode.CodePointIndexer::.ctor(System.Int32[],System.Int32[],System.Int32,System.Int32)	mscorlib
CodePointIndexer_ToIndex_m1008730487	System.Int32 Mono.Globalization.Unicode.CodePointIndexer::ToIndex(System.Int32)	mscorlib
TableRange__ctor_m3039750162_AdjustorThunk	System.Void Mono.Globalization.Unicode.CodePointIndexer/TableRange::.ctor(System.Int32,System.Int32,System.Int32)	mscorlib
Contraction__ctor_m2731863112	System.Void Mono.Globalization.Unicode.Contraction::.ctor(System.Char[],System.String,System.Byte[])	mscorlib
ContractionComparer__ctor_m3439667810	System.Void Mono.Globalization.Unicode.ContractionComparer::.ctor()	mscorlib
ContractionComparer__cctor_m1682260389	System.Void Mono.Globalization.Unicode.ContractionComparer::.cctor()	mscorlib
ContractionComparer_Compare_m732151595	System.Int32 Mono.Globalization.Unicode.ContractionComparer::Compare(System.Object,System.Object)	mscorlib
Level2Map__ctor_m3459390739	System.Void Mono.Globalization.Unicode.Level2Map::.ctor(System.Byte,System.Byte)	mscorlib
Level2MapComparer__ctor_m1297087662	System.Void Mono.Globalization.Unicode.Level2MapComparer::.ctor()	mscorlib
Level2MapComparer__cctor_m1866197409	System.Void Mono.Globalization.Unicode.Level2MapComparer::.cctor()	mscorlib
Level2MapComparer_Compare_m2874495629	System.Int32 Mono.Globalization.Unicode.Level2MapComparer::Compare(System.Object,System.Object)	mscorlib
MSCompatUnicodeTable__cctor_m2887118684	System.Void Mono.Globalization.Unicode.MSCompatUnicodeTable::.cctor()	mscorlib
MSCompatUnicodeTable_GetTailoringInfo_m1575560208	Mono.Globalization.Unicode.TailoringInfo Mono.Globalization.Unicode.MSCompatUnicodeTable::GetTailoringInfo(System.Int32)	mscorlib
MSCompatUnicodeTable_BuildTailoringTables_m1316979344	System.Void Mono.Globalization.Unicode.MSCompatUnicodeTable::BuildTailoringTables(System.Globalization.CultureInfo,Mono.Globalization.Unicode.TailoringInfo,Mono.Globalization.Unicode.Contraction[]&,Mono.Globalization.Unicode.Level2Map[]&)	mscorlib
MSCompatUnicodeTable_SetCJKReferences_m2637101499	System.Void Mono.Globalization.Unicode.MSCompatUnicodeTable::SetCJKReferences(System.String,Mono.Globalization.Unicode.CodePointIndexer&,System.Byte*&,System.Byte*&,Mono.Globalization.Unicode.CodePointIndexer&,System.Byte*&)	mscorlib
MSCompatUnicodeTable_Category_m1834196420	System.Byte Mono.Globalization.Unicode.MSCompatUnicodeTable::Category(System.Int32)	mscorlib
MSCompatUnicodeTable_Level1_m18730923	System.Byte Mono.Globalization.Unicode.MSCompatUnicodeTable::Level1(System.Int32)	mscorlib
MSCompatUnicodeTable_Level2_m3823292331	System.Byte Mono.Globalization.Unicode.MSCompatUnicodeTable::Level2(System.Int32)	mscorlib
MSCompatUnicodeTable_Level3_m1870873670	System.Byte Mono.Globalization.Unicode.MSCompatUnicodeTable::Level3(System.Int32)	mscorlib
MSCompatUnicodeTable_IsIgnorable_m3957534007	System.Boolean Mono.Globalization.Unicode.MSCompatUnicodeTable::IsIgnorable(System.Int32,System.Byte)	mscorlib
MSCompatUnicodeTable_IsIgnorableNonSpacing_m47098938	System.Boolean Mono.Globalization.Unicode.MSCompatUnicodeTable::IsIgnorableNonSpacing(System.Int32)	mscorlib
MSCompatUnicodeTable_ToKanaTypeInsensitive_m2886449430	System.Int32 Mono.Globalization.Unicode.MSCompatUnicodeTable::ToKanaTypeInsensitive(System.Int32)	mscorlib
MSCompatUnicodeTable_ToWidthCompat_m3110108204	System.Int32 Mono.Globalization.Unicode.MSCompatUnicodeTable::ToWidthCompat(System.Int32)	mscorlib
MSCompatUnicodeTable_HasSpecialWeight_m1621324272	System.Boolean Mono.Globalization.Unicode.MSCompatUnicodeTable::HasSpecialWeight(System.Char)	mscorlib
MSCompatUnicodeTable_IsHalfWidthKana_m4030661976	System.Boolean Mono.Globalization.Unicode.MSCompatUnicodeTable::IsHalfWidthKana(System.Char)	mscorlib
MSCompatUnicodeTable_IsHiragana_m3884380055	System.Boolean Mono.Globalization.Unicode.MSCompatUnicodeTable::IsHiragana(System.Char)	mscorlib
MSCompatUnicodeTable_IsJapaneseSmallLetter_m2666144582	System.Boolean Mono.Globalization.Unicode.MSCompatUnicodeTable::IsJapaneseSmallLetter(System.Char)	mscorlib
MSCompatUnicodeTable_get_IsReady_m366684638	System.Boolean Mono.Globalization.Unicode.MSCompatUnicodeTable::get_IsReady()	mscorlib
MSCompatUnicodeTable_GetResource_m731831298	System.IntPtr Mono.Globalization.Unicode.MSCompatUnicodeTable::GetResource(System.String)	mscorlib
MSCompatUnicodeTable_UInt32FromBytePtr_m2910318928	System.UInt32 Mono.Globalization.Unicode.MSCompatUnicodeTable::UInt32FromBytePtr(System.Byte*,System.UInt32)	mscorlib
MSCompatUnicodeTable_FillCJK_m1599013685	System.Void Mono.Globalization.Unicode.MSCompatUnicodeTable::FillCJK(System.String,Mono.Globalization.Unicode.CodePointIndexer&,System.Byte*&,System.Byte*&,Mono.Globalization.Unicode.CodePointIndexer&,System.Byte*&)	mscorlib
MSCompatUnicodeTable_FillCJKCore_m2347268515	System.Void Mono.Globalization.Unicode.MSCompatUnicodeTable::FillCJKCore(System.String,Mono.Globalization.Unicode.CodePointIndexer&,System.Byte*&,System.Byte*&,Mono.Globalization.Unicode.CodePointIndexer&,System.Byte*&)	mscorlib
MSCompatUnicodeTableUtil__cctor_m3131017198	System.Void Mono.Globalization.Unicode.MSCompatUnicodeTableUtil::.cctor()	mscorlib
SimpleCollator__ctor_m1587210019	System.Void Mono.Globalization.Unicode.SimpleCollator::.ctor(System.Globalization.CultureInfo)	mscorlib
SimpleCollator__cctor_m4065707122	System.Void Mono.Globalization.Unicode.SimpleCollator::.cctor()	mscorlib
SimpleCollator_SetCJKTable_m766339459	System.Void Mono.Globalization.Unicode.SimpleCollator::SetCJKTable(System.Globalization.CultureInfo,Mono.Globalization.Unicode.CodePointIndexer&,System.Byte*&,System.Byte*&,Mono.Globalization.Unicode.CodePointIndexer&,System.Byte*&)	mscorlib
SimpleCollator_GetNeutralCulture_m3694654043	System.Globalization.CultureInfo Mono.Globalization.Unicode.SimpleCollator::GetNeutralCulture(System.Globalization.CultureInfo)	mscorlib
SimpleCollator_Category_m119590608	System.Byte Mono.Globalization.Unicode.SimpleCollator::Category(System.Int32)	mscorlib
SimpleCollator_Level1_m634954506	System.Byte Mono.Globalization.Unicode.SimpleCollator::Level1(System.Int32)	mscorlib
SimpleCollator_Level2_m2830638875	System.Byte Mono.Globalization.Unicode.SimpleCollator::Level2(System.Int32,Mono.Globalization.Unicode.SimpleCollator/ExtenderType)	mscorlib
SimpleCollator_IsHalfKana_m3959736042	System.Boolean Mono.Globalization.Unicode.SimpleCollator::IsHalfKana(System.Int32,System.Globalization.CompareOptions)	mscorlib
SimpleCollator_GetContraction_m3383256934	Mono.Globalization.Unicode.Contraction Mono.Globalization.Unicode.SimpleCollator::GetContraction(System.String,System.Int32,System.Int32)	mscorlib
SimpleCollator_GetContraction_m2205549079	Mono.Globalization.Unicode.Contraction Mono.Globalization.Unicode.SimpleCollator::GetContraction(System.String,System.Int32,System.Int32,Mono.Globalization.Unicode.Contraction[])	mscorlib
SimpleCollator_GetTailContraction_m2377844406	Mono.Globalization.Unicode.Contraction Mono.Globalization.Unicode.SimpleCollator::GetTailContraction(System.String,System.Int32,System.Int32)	mscorlib
SimpleCollator_GetTailContraction_m2107754083	Mono.Globalization.Unicode.Contraction Mono.Globalization.Unicode.SimpleCollator::GetTailContraction(System.String,System.Int32,System.Int32,Mono.Globalization.Unicode.Contraction[])	mscorlib
SimpleCollator_FilterOptions_m4183839400	System.Int32 Mono.Globalization.Unicode.SimpleCollator::FilterOptions(System.Int32,System.Globalization.CompareOptions)	mscorlib
SimpleCollator_GetExtenderType_m407776429	Mono.Globalization.Unicode.SimpleCollator/ExtenderType Mono.Globalization.Unicode.SimpleCollator::GetExtenderType(System.Int32)	mscorlib
SimpleCollator_ToDashTypeValue_m6184468	System.Byte Mono.Globalization.Unicode.SimpleCollator::ToDashTypeValue(Mono.Globalization.Unicode.SimpleCollator/ExtenderType,System.Globalization.CompareOptions)	mscorlib
SimpleCollator_FilterExtender_m72900315	System.Int32 Mono.Globalization.Unicode.SimpleCollator::FilterExtender(System.Int32,Mono.Globalization.Unicode.SimpleCollator/ExtenderType,System.Globalization.CompareOptions)	mscorlib
SimpleCollator_IsIgnorable_m2840693628	System.Boolean Mono.Globalization.Unicode.SimpleCollator::IsIgnorable(System.Int32,System.Globalization.CompareOptions)	mscorlib
SimpleCollator_IsSafe_m310268646	System.Boolean Mono.Globalization.Unicode.SimpleCollator::IsSafe(System.Int32)	mscorlib
SimpleCollator_GetSortKey_m3181176421	System.Globalization.SortKey Mono.Globalization.Unicode.SimpleCollator::GetSortKey(System.String,System.Globalization.CompareOptions)	mscorlib
SimpleCollator_GetSortKey_m1483713513	System.Globalization.SortKey Mono.Globalization.Unicode.SimpleCollator::GetSortKey(System.String,System.Int32,System.Int32,System.Globalization.CompareOptions)	mscorlib
SimpleCollator_GetSortKey_m2852528720	System.Void Mono.Globalization.Unicode.SimpleCollator::GetSortKey(System.String,System.Int32,System.Int32,Mono.Globalization.Unicode.SortKeyBuffer,System.Globalization.CompareOptions)	mscorlib
SimpleCollator_FillSortKeyRaw_m2173916311	System.Void Mono.Globalization.Unicode.SimpleCollator::FillSortKeyRaw(System.Int32,Mono.Globalization.Unicode.SimpleCollator/ExtenderType,Mono.Globalization.Unicode.SortKeyBuffer,System.Globalization.CompareOptions)	mscorlib
SimpleCollator_FillSurrogateSortKeyRaw_m725998232	System.Void Mono.Globalization.Unicode.SimpleCollator::FillSurrogateSortKeyRaw(System.Int32,Mono.Globalization.Unicode.SortKeyBuffer)	mscorlib
SimpleCollator_CompareOrdinal_m1829915258	System.Int32 Mono.Globalization.Unicode.SimpleCollator::CompareOrdinal(System.String,System.Int32,System.Int32,System.String,System.Int32,System.Int32)	mscorlib
SimpleCollator_CompareQuick_m3272475794	System.Int32 Mono.Globalization.Unicode.SimpleCollator::CompareQuick(System.String,System.Int32,System.Int32,System.String,System.Int32,System.Int32,System.Boolean&,System.Boolean&,System.Boolean)	mscorlib
SimpleCollator_CompareOrdinalIgnoreCase_m2749548392	System.Int32 Mono.Globalization.Unicode.SimpleCollator::CompareOrdinalIgnoreCase(System.String,System.Int32,System.Int32,System.String,System.Int32,System.Int32)	mscorlib
SimpleCollator_Compare_m809124712	System.Int32 Mono.Globalization.Unicode.SimpleCollator::Compare(System.String,System.Int32,System.Int32,System.String,System.Int32,System.Int32,System.Globalization.CompareOptions)	mscorlib
SimpleCollator_ClearBuffer_m2975394169	System.Void Mono.Globalization.Unicode.SimpleCollator::ClearBuffer(System.Byte*,System.Int32)	mscorlib
SimpleCollator_QuickCheckPossible_m649925260	System.Boolean Mono.Globalization.Unicode.SimpleCollator::QuickCheckPossible(System.String,System.Int32,System.Int32,System.String,System.Int32,System.Int32)	mscorlib
SimpleCollator_CompareInternal_m3938174601	System.Int32 Mono.Globalization.Unicode.SimpleCollator::CompareInternal(System.String,System.Int32,System.Int32,System.String,System.Int32,System.Int32,System.Boolean&,System.Boolean&,System.Boolean,System.Boolean,Mono.Globalization.Unicode.SimpleCollator/Context&)	mscorlib
SimpleCollator_CompareFlagPair_m3270665809	System.Int32 Mono.Globalization.Unicode.SimpleCollator::CompareFlagPair(System.Boolean,System.Boolean)	mscorlib
SimpleCollator_IsPrefix_m3581642267	System.Boolean Mono.Globalization.Unicode.SimpleCollator::IsPrefix(System.String,System.String,System.Globalization.CompareOptions)	mscorlib
SimpleCollator_IsPrefix_m3884753235	System.Boolean Mono.Globalization.Unicode.SimpleCollator::IsPrefix(System.String,System.String,System.Int32,System.Int32,System.Globalization.CompareOptions)	mscorlib
SimpleCollator_IsPrefix_m3601454628	System.Boolean Mono.Globalization.Unicode.SimpleCollator::IsPrefix(System.String,System.String,System.Int32,System.Int32,System.Boolean,Mono.Globalization.Unicode.SimpleCollator/Context&)	mscorlib
SimpleCollator_IsSuffix_m1548422615	System.Boolean Mono.Globalization.Unicode.SimpleCollator::IsSuffix(System.String,System.String,System.Globalization.CompareOptions)	mscorlib
SimpleCollator_IsSuffix_m1291687763	System.Boolean Mono.Globalization.Unicode.SimpleCollator::IsSuffix(System.String,System.String,System.Int32,System.Int32,System.Globalization.CompareOptions)	mscorlib
SimpleCollator_QuickIndexOf_m2519071357	System.Int32 Mono.Globalization.Unicode.SimpleCollator::QuickIndexOf(System.String,System.String,System.Int32,System.Int32,System.Boolean&)	mscorlib
SimpleCollator_IndexOf_m2273655786	System.Int32 Mono.Globalization.Unicode.SimpleCollator::IndexOf(System.String,System.String,System.Int32,System.Int32,System.Globalization.CompareOptions)	mscorlib
SimpleCollator_IndexOfOrdinal_m2995071964	System.Int32 Mono.Globalization.Unicode.SimpleCollator::IndexOfOrdinal(System.String,System.String,System.Int32,System.Int32)	mscorlib
SimpleCollator_IndexOfOrdinalIgnoreCase_m2647969565	System.Int32 Mono.Globalization.Unicode.SimpleCollator::IndexOfOrdinalIgnoreCase(System.String,System.String,System.Int32,System.Int32)	mscorlib
SimpleCollator_IndexOfSortKey_m481945176	System.Int32 Mono.Globalization.Unicode.SimpleCollator::IndexOfSortKey(System.String,System.Int32,System.Int32,System.Byte*,System.Char,System.Int32,System.Boolean,Mono.Globalization.Unicode.SimpleCollator/Context&)	mscorlib
SimpleCollator_IndexOf_m3396932533	System.Int32 Mono.Globalization.Unicode.SimpleCollator::IndexOf(System.String,System.String,System.Int32,System.Int32,System.Byte*,Mono.Globalization.Unicode.SimpleCollator/Context&)	mscorlib
SimpleCollator_LastIndexOf_m3026739976	System.Int32 Mono.Globalization.Unicode.SimpleCollator::LastIndexOf(System.String,System.String,System.Int32,System.Int32,System.Globalization.CompareOptions)	mscorlib
SimpleCollator_LastIndexOfOrdinal_m388102249	System.Int32 Mono.Globalization.Unicode.SimpleCollator::LastIndexOfOrdinal(System.String,System.String,System.Int32,System.Int32)	mscorlib
SimpleCollator_LastIndexOfOrdinalIgnoreCase_m2984667899	System.Int32 Mono.Globalization.Unicode.SimpleCollator::LastIndexOfOrdinalIgnoreCase(System.String,System.String,System.Int32,System.Int32)	mscorlib
SimpleCollator_LastIndexOfSortKey_m2864365168	System.Int32 Mono.Globalization.Unicode.SimpleCollator::LastIndexOfSortKey(System.String,System.Int32,System.Int32,System.Int32,System.Byte*,System.Int32,System.Boolean,Mono.Globalization.Unicode.SimpleCollator/Context&)	mscorlib
SimpleCollator_LastIndexOf_m2130553617	System.Int32 Mono.Globalization.Unicode.SimpleCollator::LastIndexOf(System.String,System.String,System.Int32,System.Int32,System.Byte*,Mono.Globalization.Unicode.SimpleCollator/Context&)	mscorlib
SimpleCollator_MatchesForward_m541234454	System.Boolean Mono.Globalization.Unicode.SimpleCollator::MatchesForward(System.String,System.Int32&,System.Int32,System.Int32,System.Byte*,System.Boolean,Mono.Globalization.Unicode.SimpleCollator/Context&)	mscorlib
SimpleCollator_MatchesForwardCore_m850743967	System.Boolean Mono.Globalization.Unicode.SimpleCollator::MatchesForwardCore(System.String,System.Int32&,System.Int32,System.Int32,System.Byte*,System.Boolean,Mono.Globalization.Unicode.SimpleCollator/ExtenderType,Mono.Globalization.Unicode.Contraction&,Mono.Globalization.Unicode.SimpleCollator/Context&)	mscorlib
SimpleCollator_MatchesPrimitive_m3079388596	System.Boolean Mono.Globalization.Unicode.SimpleCollator::MatchesPrimitive(System.Globalization.CompareOptions,System.Byte*,System.Int32,Mono.Globalization.Unicode.SimpleCollator/ExtenderType,System.Byte*,System.Int32,System.Boolean)	mscorlib
SimpleCollator_MatchesBackward_m485433520	System.Boolean Mono.Globalization.Unicode.SimpleCollator::MatchesBackward(System.String,System.Int32&,System.Int32,System.Int32,System.Int32,System.Byte*,System.Boolean,Mono.Globalization.Unicode.SimpleCollator/Context&)	mscorlib
SimpleCollator_MatchesBackwardCore_m3441733084	System.Boolean Mono.Globalization.Unicode.SimpleCollator::MatchesBackwardCore(System.String,System.Int32&,System.Int32,System.Int32,System.Int32,System.Byte*,System.Boolean,Mono.Globalization.Unicode.SimpleCollator/ExtenderType,Mono.Globalization.Unicode.Contraction&,Mono.Globalization.Unicode.SimpleCollator/Context&)	mscorlib
Context__ctor_m2477370097_AdjustorThunk	System.Void Mono.Globalization.Unicode.SimpleCollator/Context::.ctor(System.Globalization.CompareOptions,System.Byte*,System.Byte*,System.Byte*,System.Byte*,System.Byte*,System.Boolean)	mscorlib
PreviousInfo__ctor_m2284093748_AdjustorThunk	System.Void Mono.Globalization.Unicode.SimpleCollator/PreviousInfo::.ctor(System.Boolean)	mscorlib
SortKeyBuffer__ctor_m1384677558	System.Void Mono.Globalization.Unicode.SortKeyBuffer::.ctor(System.Int32)	mscorlib
SortKeyBuffer_Reset_m1409351310	System.Void Mono.Globalization.Unicode.SortKeyBuffer::Reset()	mscorlib
SortKeyBuffer_Initialize_m3786111493	System.Void Mono.Globalization.Unicode.SortKeyBuffer::Initialize(System.Globalization.CompareOptions,System.Int32,System.String,System.Boolean)	mscorlib
SortKeyBuffer_AppendCJKExtension_m2591091991	System.Void Mono.Globalization.Unicode.SortKeyBuffer::AppendCJKExtension(System.Byte,System.Byte)	mscorlib
SortKeyBuffer_AppendKana_m2480356505	System.Void Mono.Globalization.Unicode.SortKeyBuffer::AppendKana(System.Byte,System.Byte,System.Byte,System.Byte,System.Boolean,System.Byte,System.Boolean,System.Boolean)	mscorlib
SortKeyBuffer_AppendNormal_m2338808729	System.Void Mono.Globalization.Unicode.SortKeyBuffer::AppendNormal(System.Byte,System.Byte,System.Byte,System.Byte)	mscorlib
SortKeyBuffer_AppendLevel5_m3963841125	System.Void Mono.Globalization.Unicode.SortKeyBuffer::AppendLevel5(System.Byte,System.Byte)	mscorlib
SortKeyBuffer_AppendBufferPrimitive_m3309814175	System.Void Mono.Globalization.Unicode.SortKeyBuffer::AppendBufferPrimitive(System.Byte,System.Byte[]&,System.Int32&)	mscorlib
SortKeyBuffer_GetResultAndReset_m1300773060	System.Globalization.SortKey Mono.Globalization.Unicode.SortKeyBuffer::GetResultAndReset()	mscorlib
SortKeyBuffer_GetOptimizedLength_m1735248204	System.Int32 Mono.Globalization.Unicode.SortKeyBuffer::GetOptimizedLength(System.Byte[],System.Int32,System.Byte)	mscorlib
SortKeyBuffer_GetResult_m3043958424	System.Globalization.SortKey Mono.Globalization.Unicode.SortKeyBuffer::GetResult()	mscorlib
TailoringInfo__ctor_m2283562302	System.Void Mono.Globalization.Unicode.TailoringInfo::.ctor(System.Int32,System.Int32,System.Int32,System.Boolean)	mscorlib
BigInteger__ctor_m397734603	System.Void Mono.Math.BigInteger::.ctor(Mono.Math.BigInteger/Sign,System.UInt32)	mscorlib
BigInteger__ctor_m1426225719	System.Void Mono.Math.BigInteger::.ctor(Mono.Math.BigInteger)	mscorlib
BigInteger__ctor_m224778556	System.Void Mono.Math.BigInteger::.ctor(Mono.Math.BigInteger,System.UInt32)	mscorlib
BigInteger__ctor_m3991350270	System.Void Mono.Math.BigInteger::.ctor(System.Byte[])	mscorlib
BigInteger__ctor_m3985126171	System.Void Mono.Math.BigInteger::.ctor(System.UInt32)	mscorlib
BigInteger__cctor_m562779619	System.Void Mono.Math.BigInteger::.cctor()	mscorlib
BigInteger_get_Rng_m4216817480	System.Security.Cryptography.RandomNumberGenerator Mono.Math.BigInteger::get_Rng()	mscorlib
BigInteger_GenerateRandom_m3141592944	Mono.Math.BigInteger Mono.Math.BigInteger::GenerateRandom(System.Int32,System.Security.Cryptography.RandomNumberGenerator)	mscorlib
BigInteger_GenerateRandom_m2556426062	Mono.Math.BigInteger Mono.Math.BigInteger::GenerateRandom(System.Int32)	mscorlib
BigInteger_Randomize_m410563259	System.Void Mono.Math.BigInteger::Randomize(System.Security.Cryptography.RandomNumberGenerator)	mscorlib
BigInteger_Randomize_m2194703121	System.Void Mono.Math.BigInteger::Randomize()	mscorlib
BigInteger_BitCount_m3710900808	System.Int32 Mono.Math.BigInteger::BitCount()	mscorlib
BigInteger_TestBit_m1365094736	System.Boolean Mono.Math.BigInteger::TestBit(System.UInt32)	mscorlib
BigInteger_TestBit_m1507066813	System.Boolean Mono.Math.BigInteger::TestBit(System.Int32)	mscorlib
BigInteger_SetBit_m1985185235	System.Void Mono.Math.BigInteger::SetBit(System.UInt32)	mscorlib
BigInteger_SetBit_m337653943	System.Void Mono.Math.BigInteger::SetBit(System.UInt32,System.Boolean)	mscorlib
BigInteger_LowestSetBit_m3082714978	System.Int32 Mono.Math.BigInteger::LowestSetBit()	mscorlib
BigInteger_GetBytes_m997192583	System.Byte[] Mono.Math.BigInteger::GetBytes()	mscorlib
BigInteger_ToString_m570257729	System.String Mono.Math.BigInteger::ToString(System.UInt32)	mscorlib
BigInteger_ToString_m3475000413	System.String Mono.Math.BigInteger::ToString(System.UInt32,System.String)	mscorlib
BigInteger_Normalize_m4163607703	System.Void Mono.Math.BigInteger::Normalize()	mscorlib
BigInteger_Clear_m3104012800	System.Void Mono.Math.BigInteger::Clear()	mscorlib
BigInteger_GetHashCode_m1262812797	System.Int32 Mono.Math.BigInteger::GetHashCode()	mscorlib
BigInteger_ToString_m3278248272	System.String Mono.Math.BigInteger::ToString()	mscorlib
BigInteger_Equals_m1948500455	System.Boolean Mono.Math.BigInteger::Equals(System.Object)	mscorlib
BigInteger_ModInverse_m3469244086	Mono.Math.BigInteger Mono.Math.BigInteger::ModInverse(Mono.Math.BigInteger)	mscorlib
BigInteger_ModPow_m2277842115	Mono.Math.BigInteger Mono.Math.BigInteger::ModPow(Mono.Math.BigInteger,Mono.Math.BigInteger)	mscorlib
BigInteger_IsProbablePrime_m567194283	System.Boolean Mono.Math.BigInteger::IsProbablePrime()	mscorlib
BigInteger_GeneratePseudoPrime_m1941064930	Mono.Math.BigInteger Mono.Math.BigInteger::GeneratePseudoPrime(System.Int32)	mscorlib
BigInteger_Incr2_m2179060417	System.Void Mono.Math.BigInteger::Incr2()	mscorlib
BigInteger_op_Implicit_m378428706	Mono.Math.BigInteger Mono.Math.BigInteger::op_Implicit(System.UInt32)	mscorlib
BigInteger_op_Implicit_m2847009755	Mono.Math.BigInteger Mono.Math.BigInteger::op_Implicit(System.Int32)	mscorlib
BigInteger_op_Addition_m2544206388	Mono.Math.BigInteger Mono.Math.BigInteger::op_Addition(Mono.Math.BigInteger,Mono.Math.BigInteger)	mscorlib
BigInteger_op_Subtraction_m1575155386	Mono.Math.BigInteger Mono.Math.BigInteger::op_Subtraction(Mono.Math.BigInteger,Mono.Math.BigInteger)	mscorlib
BigInteger_op_Modulus_m1987692259	System.UInt32 Mono.Math.BigInteger::op_Modulus(Mono.Math.BigInteger,System.UInt32)	mscorlib
BigInteger_op_Modulus_m3223754023	Mono.Math.BigInteger Mono.Math.BigInteger::op_Modulus(Mono.Math.BigInteger,Mono.Math.BigInteger)	mscorlib
BigInteger_op_Division_m2437128540	Mono.Math.BigInteger Mono.Math.BigInteger::op_Division(Mono.Math.BigInteger,Mono.Math.BigInteger)	mscorlib
BigInteger_op_Multiply_m3801644593	Mono.Math.BigInteger Mono.Math.BigInteger::op_Multiply(Mono.Math.BigInteger,Mono.Math.BigInteger)	mscorlib
BigInteger_op_Multiply_m3854773313	Mono.Math.BigInteger Mono.Math.BigInteger::op_Multiply(Mono.Math.BigInteger,System.Int32)	mscorlib
BigInteger_op_LeftShift_m1192375522	Mono.Math.BigInteger Mono.Math.BigInteger::op_LeftShift(Mono.Math.BigInteger,System.Int32)	mscorlib
BigInteger_op_RightShift_m2934036419	Mono.Math.BigInteger Mono.Math.BigInteger::op_RightShift(Mono.Math.BigInteger,System.Int32)	mscorlib
BigInteger_op_Equality_m970226143	System.Boolean Mono.Math.BigInteger::op_Equality(Mono.Math.BigInteger,System.UInt32)	mscorlib
BigInteger_op_Inequality_m2239968970	System.Boolean Mono.Math.BigInteger::op_Inequality(Mono.Math.BigInteger,System.UInt32)	mscorlib
BigInteger_op_Equality_m3263851871	System.Boolean Mono.Math.BigInteger::op_Equality(Mono.Math.BigInteger,Mono.Math.BigInteger)	mscorlib
BigInteger_op_Inequality_m2365536750	System.Boolean Mono.Math.BigInteger::op_Inequality(Mono.Math.BigInteger,Mono.Math.BigInteger)	mscorlib
BigInteger_op_GreaterThan_m2062805246	System.Boolean Mono.Math.BigInteger::op_GreaterThan(Mono.Math.BigInteger,Mono.Math.BigInteger)	mscorlib
BigInteger_op_LessThan_m798881406	System.Boolean Mono.Math.BigInteger::op_LessThan(Mono.Math.BigInteger,Mono.Math.BigInteger)	mscorlib
BigInteger_op_GreaterThanOrEqual_m700865613	System.Boolean Mono.Math.BigInteger::op_GreaterThanOrEqual(Mono.Math.BigInteger,Mono.Math.BigInteger)	mscorlib
BigInteger_op_LessThanOrEqual_m2553515144	System.Boolean Mono.Math.BigInteger::op_LessThanOrEqual(Mono.Math.BigInteger,Mono.Math.BigInteger)	mscorlib
Kernel_AddSameSign_m1676432471	Mono.Math.BigInteger Mono.Math.BigInteger/Kernel::AddSameSign(Mono.Math.BigInteger,Mono.Math.BigInteger)	mscorlib
Kernel_Subtract_m657044818	Mono.Math.BigInteger Mono.Math.BigInteger/Kernel::Subtract(Mono.Math.BigInteger,Mono.Math.BigInteger)	mscorlib
Kernel_MinusEq_m1955542202	System.Void Mono.Math.BigInteger/Kernel::MinusEq(Mono.Math.BigInteger,Mono.Math.BigInteger)	mscorlib
Kernel_PlusEq_m1955533564	System.Void Mono.Math.BigInteger/Kernel::PlusEq(Mono.Math.BigInteger,Mono.Math.BigInteger)	mscorlib
Kernel_Compare_m1530940716	Mono.Math.BigInteger/Sign Mono.Math.BigInteger/Kernel::Compare(Mono.Math.BigInteger,Mono.Math.BigInteger)	mscorlib
Kernel_SingleByteDivideInPlace_m907158225	System.UInt32 Mono.Math.BigInteger/Kernel::SingleByteDivideInPlace(Mono.Math.BigInteger,System.UInt32)	mscorlib
Kernel_DwordMod_m4183681925	System.UInt32 Mono.Math.BigInteger/Kernel::DwordMod(Mono.Math.BigInteger,System.UInt32)	mscorlib
Kernel_DwordDivMod_m631886101	Mono.Math.BigInteger[] Mono.Math.BigInteger/Kernel::DwordDivMod(Mono.Math.BigInteger,System.UInt32)	mscorlib
Kernel_multiByteDivide_m4249920547	Mono.Math.BigInteger[] Mono.Math.BigInteger/Kernel::multiByteDivide(Mono.Math.BigInteger,Mono.Math.BigInteger)	mscorlib
Kernel_LeftShift_m3302851050	Mono.Math.BigInteger Mono.Math.BigInteger/Kernel::LeftShift(Mono.Math.BigInteger,System.Int32)	mscorlib
Kernel_RightShift_m2207393597	Mono.Math.BigInteger Mono.Math.BigInteger/Kernel::RightShift(Mono.Math.BigInteger,System.Int32)	mscorlib
Kernel_MultiplyByDword_m1266935086	Mono.Math.BigInteger Mono.Math.BigInteger/Kernel::MultiplyByDword(Mono.Math.BigInteger,System.UInt32)	mscorlib
Kernel_Multiply_m1995233235	System.Void Mono.Math.BigInteger/Kernel::Multiply(System.UInt32[],System.UInt32,System.UInt32,System.UInt32[],System.UInt32,System.UInt32,System.UInt32[],System.UInt32)	mscorlib
Kernel_MultiplyMod2p32pmod_m4241526284	System.Void Mono.Math.BigInteger/Kernel::MultiplyMod2p32pmod(System.UInt32[],System.Int32,System.Int32,System.UInt32[],System.Int32,System.Int32,System.UInt32[],System.Int32,System.Int32)	mscorlib
Kernel_modInverse_m668448880	System.UInt32 Mono.Math.BigInteger/Kernel::modInverse(Mono.Math.BigInteger,System.UInt32)	mscorlib
Kernel_modInverse_m3523342258	Mono.Math.BigInteger Mono.Math.BigInteger/Kernel::modInverse(Mono.Math.BigInteger,Mono.Math.BigInteger)	mscorlib
ModulusRing__ctor_m2100816195	System.Void Mono.Math.BigInteger/ModulusRing::.ctor(Mono.Math.BigInteger)	mscorlib
ModulusRing_BarrettReduction_m167376748	System.Void Mono.Math.BigInteger/ModulusRing::BarrettReduction(Mono.Math.BigInteger)	mscorlib
ModulusRing_Multiply_m343333088	Mono.Math.BigInteger Mono.Math.BigInteger/ModulusRing::Multiply(Mono.Math.BigInteger,Mono.Math.BigInteger)	mscorlib
ModulusRing_Difference_m1345688434	Mono.Math.BigInteger Mono.Math.BigInteger/ModulusRing::Difference(Mono.Math.BigInteger,Mono.Math.BigInteger)	mscorlib
ModulusRing_Pow_m83007704	Mono.Math.BigInteger Mono.Math.BigInteger/ModulusRing::Pow(Mono.Math.BigInteger,Mono.Math.BigInteger)	mscorlib
ModulusRing_Pow_m317016278	Mono.Math.BigInteger Mono.Math.BigInteger/ModulusRing::Pow(System.UInt32,Mono.Math.BigInteger)	mscorlib
PrimeGeneratorBase__ctor_m2973488305	System.Void Mono.Math.Prime.Generator.PrimeGeneratorBase::.ctor()	mscorlib
PrimeGeneratorBase_get_Confidence_m359324283	Mono.Math.Prime.ConfidenceFactor Mono.Math.Prime.Generator.PrimeGeneratorBase::get_Confidence()	mscorlib
PrimeGeneratorBase_get_PrimalityTest_m2131070257	Mono.Math.Prime.PrimalityTest Mono.Math.Prime.Generator.PrimeGeneratorBase::get_PrimalityTest()	mscorlib
PrimeGeneratorBase_get_TrialDivisionBounds_m349266641	System.Int32 Mono.Math.Prime.Generator.PrimeGeneratorBase::get_TrialDivisionBounds()	mscorlib
SequentialSearchPrimeGeneratorBase__ctor_m3077428553	System.Void Mono.Math.Prime.Generator.SequentialSearchPrimeGeneratorBase::.ctor()	mscorlib
SequentialSearchPrimeGeneratorBase_GenerateSearchBase_m3595783982	Mono.Math.BigInteger Mono.Math.Prime.Generator.SequentialSearchPrimeGeneratorBase::GenerateSearchBase(System.Int32,System.Object)	mscorlib
SequentialSearchPrimeGeneratorBase_GenerateNewPrime_m1689384666	Mono.Math.BigInteger Mono.Math.Prime.Generator.SequentialSearchPrimeGeneratorBase::GenerateNewPrime(System.Int32)	mscorlib
SequentialSearchPrimeGeneratorBase_GenerateNewPrime_m533229219	Mono.Math.BigInteger Mono.Math.Prime.Generator.SequentialSearchPrimeGeneratorBase::GenerateNewPrime(System.Int32,System.Object)	mscorlib
SequentialSearchPrimeGeneratorBase_IsPrimeAcceptable_m3637196143	System.Boolean Mono.Math.Prime.Generator.SequentialSearchPrimeGeneratorBase::IsPrimeAcceptable(Mono.Math.BigInteger,System.Object)	mscorlib
PrimalityTest__ctor_m2228551695	System.Void Mono.Math.Prime.PrimalityTest::.ctor(System.Object,System.IntPtr)	mscorlib
PrimalityTest_Invoke_m476975163	System.Boolean Mono.Math.Prime.PrimalityTest::Invoke(Mono.Math.BigInteger,Mono.Math.Prime.ConfidenceFactor)	mscorlib
PrimalityTest_BeginInvoke_m1203148458	System.IAsyncResult Mono.Math.Prime.PrimalityTest::BeginInvoke(Mono.Math.BigInteger,Mono.Math.Prime.ConfidenceFactor,System.AsyncCallback,System.Object)	mscorlib
PrimalityTest_EndInvoke_m1454743433	System.Boolean Mono.Math.Prime.PrimalityTest::EndInvoke(System.IAsyncResult)	mscorlib
PrimalityTests_GetSPPRounds_m228447904	System.Int32 Mono.Math.Prime.PrimalityTests::GetSPPRounds(Mono.Math.BigInteger,Mono.Math.Prime.ConfidenceFactor)	mscorlib
PrimalityTests_Test_m2932837908	System.Boolean Mono.Math.Prime.PrimalityTests::Test(Mono.Math.BigInteger,Mono.Math.Prime.ConfidenceFactor)	mscorlib
PrimalityTests_RabinMillerTest_m1471415870	System.Boolean Mono.Math.Prime.PrimalityTests::RabinMillerTest(Mono.Math.BigInteger,Mono.Math.Prime.ConfidenceFactor)	mscorlib
PrimalityTests_SmallPrimeSppTest_m1224130639	System.Boolean Mono.Math.Prime.PrimalityTests::SmallPrimeSppTest(Mono.Math.BigInteger,Mono.Math.Prime.ConfidenceFactor)	mscorlib
Runtime_GetDisplayName_m2773861196	System.String Mono.Runtime::GetDisplayName()	mscorlib
ASN1__ctor_m3727822613	System.Void Mono.Security.ASN1::.ctor(System.Byte)	mscorlib
ASN1__ctor_m3193227595	System.Void Mono.Security.ASN1::.ctor(System.Byte,System.Byte[])	mscorlib
ASN1__ctor_m1601690794	System.Void Mono.Security.ASN1::.ctor(System.Byte[])	mscorlib
ASN1_get_Count_m3580979881	System.Int32 Mono.Security.ASN1::get_Count()	mscorlib
ASN1_get_Tag_m1032367219	System.Byte Mono.Security.ASN1::get_Tag()	mscorlib
ASN1_get_Length_m1923878580	System.Int32 Mono.Security.ASN1::get_Length()	mscorlib
ASN1_get_Value_m1857007406	System.Byte[] Mono.Security.ASN1::get_Value()	mscorlib
ASN1_set_Value_m2803403806	System.Void Mono.Security.ASN1::set_Value(System.Byte[])	mscorlib
ASN1_CompareArray_m448994814	System.Boolean Mono.Security.ASN1::CompareArray(System.Byte[],System.Byte[])	mscorlib
ASN1_CompareValue_m251306338	System.Boolean Mono.Security.ASN1::CompareValue(System.Byte[])	mscorlib
ASN1_Add_m3468571571	Mono.Security.ASN1 Mono.Security.ASN1::Add(Mono.Security.ASN1)	mscorlib
ASN1_GetBytes_m3305539297	System.Byte[] Mono.Security.ASN1::GetBytes()	mscorlib
ASN1_Decode_m1695284166	System.Void Mono.Security.ASN1::Decode(System.Byte[],System.Int32&,System.Int32)	mscorlib
ASN1_DecodeTLV_m1200977460	System.Void Mono.Security.ASN1::DecodeTLV(System.Byte[],System.Int32&,System.Byte&,System.Int32&,System.Byte[]&)	mscorlib
ASN1_get_Item_m3901126023	Mono.Security.ASN1 Mono.Security.ASN1::get_Item(System.Int32)	mscorlib
ASN1_Element_m2680269109	Mono.Security.ASN1 Mono.Security.ASN1::Element(System.Int32,System.Byte)	mscorlib
ASN1_ToString_m1340204511	System.String Mono.Security.ASN1::ToString()	mscorlib
ASN1Convert_FromInt32_m2935389061	Mono.Security.ASN1 Mono.Security.ASN1Convert::FromInt32(System.Int32)	mscorlib
ASN1Convert_FromOid_m3740816339	Mono.Security.ASN1 Mono.Security.ASN1Convert::FromOid(System.String)	mscorlib
ASN1Convert_ToInt32_m254930636	System.Int32 Mono.Security.ASN1Convert::ToInt32(Mono.Security.ASN1)	mscorlib
ASN1Convert_ToOid_m1223840396	System.String Mono.Security.ASN1Convert::ToOid(Mono.Security.ASN1)	mscorlib
ASN1Convert_ToDateTime_m3103388320	System.DateTime Mono.Security.ASN1Convert::ToDateTime(Mono.Security.ASN1)	mscorlib
BitConverterLE_GetUIntBytes_m949779219	System.Byte[] Mono.Security.BitConverterLE::GetUIntBytes(System.Byte*)	mscorlib
BitConverterLE_GetBytes_m4130646282	System.Byte[] Mono.Security.BitConverterLE::GetBytes(System.Int32)	mscorlib
BitConverterLE_UShortFromBytes_m1253080092	System.Void Mono.Security.BitConverterLE::UShortFromBytes(System.Byte*,System.Byte[],System.Int32)	mscorlib
BitConverterLE_UIntFromBytes_m3974925535	System.Void Mono.Security.BitConverterLE::UIntFromBytes(System.Byte*,System.Byte[],System.Int32)	mscorlib
BitConverterLE_ULongFromBytes_m1677445591	System.Void Mono.Security.BitConverterLE::ULongFromBytes(System.Byte*,System.Byte[],System.Int32)	mscorlib
BitConverterLE_ToInt16_m1855092160	System.Int16 Mono.Security.BitConverterLE::ToInt16(System.Byte[],System.Int32)	mscorlib
BitConverterLE_ToInt32_m1510163321	System.Int32 Mono.Security.BitConverterLE::ToInt32(System.Byte[],System.Int32)	mscorlib
BitConverterLE_ToSingle_m1153793442	System.Single Mono.Security.BitConverterLE::ToSingle(System.Byte[],System.Int32)	mscorlib
BitConverterLE_ToDouble_m1601000678	System.Double Mono.Security.BitConverterLE::ToDouble(System.Byte[],System.Int32)	mscorlib
BlockProcessor__ctor_m649794031	System.Void Mono.Security.Cryptography.BlockProcessor::.ctor(System.Security.Cryptography.ICryptoTransform,System.Int32)	mscorlib
BlockProcessor_Finalize_m3954108481	System.Void Mono.Security.Cryptography.BlockProcessor::Finalize()	mscorlib
BlockProcessor_Initialize_m2263257456	System.Void Mono.Security.Cryptography.BlockProcessor::Initialize()	mscorlib
BlockProcessor_Core_m189015002	System.Void Mono.Security.Cryptography.BlockProcessor::Core(System.Byte[])	mscorlib
BlockProcessor_Core_m2138791525	System.Void Mono.Security.Cryptography.BlockProcessor::Core(System.Byte[],System.Int32,System.Int32)	mscorlib
BlockProcessor_Final_m3350443194	System.Byte[] Mono.Security.Cryptography.BlockProcessor::Final()	mscorlib
CryptoConvert_ToInt32LE_m3340980429	System.Int32 Mono.Security.Cryptography.CryptoConvert::ToInt32LE(System.Byte[],System.Int32)	mscorlib
CryptoConvert_ToUInt32LE_m1043410428	System.UInt32 Mono.Security.Cryptography.CryptoConvert::ToUInt32LE(System.Byte[],System.Int32)	mscorlib
CryptoConvert_GetBytesLE_m3076458968	System.Byte[] Mono.Security.Cryptography.CryptoConvert::GetBytesLE(System.Int32)	mscorlib
CryptoConvert_ToCapiPrivateKeyBlob_m2502515575	System.Byte[] Mono.Security.Cryptography.CryptoConvert::ToCapiPrivateKeyBlob(System.Security.Cryptography.RSA)	mscorlib
CryptoConvert_FromCapiPublicKeyBlob_m184006806	System.Security.Cryptography.RSA Mono.Security.Cryptography.CryptoConvert::FromCapiPublicKeyBlob(System.Byte[])	mscorlib
CryptoConvert_FromCapiPublicKeyBlob_m4073029974	System.Security.Cryptography.RSA Mono.Security.Cryptography.CryptoConvert::FromCapiPublicKeyBlob(System.Byte[],System.Int32)	mscorlib
CryptoConvert_ToCapiPublicKeyBlob_m1931330842	System.Byte[] Mono.Security.Cryptography.CryptoConvert::ToCapiPublicKeyBlob(System.Security.Cryptography.RSA)	mscorlib
CryptoConvert_ToCapiKeyBlob_m3371450375	System.Byte[] Mono.Security.Cryptography.CryptoConvert::ToCapiKeyBlob(System.Security.Cryptography.RSA,System.Boolean)	mscorlib
DSAManaged__ctor_m962128842	System.Void Mono.Security.Cryptography.DSAManaged::.ctor(System.Int32)	mscorlib
DSAManaged_add_KeyGenerated_m2286864968	System.Void Mono.Security.Cryptography.DSAManaged::add_KeyGenerated(Mono.Security.Cryptography.DSAManaged/KeyGeneratedEventHandler)	mscorlib
DSAManaged_remove_KeyGenerated_m1781077002	System.Void Mono.Security.Cryptography.DSAManaged::remove_KeyGenerated(Mono.Security.Cryptography.DSAManaged/KeyGeneratedEventHandler)	mscorlib
DSAManaged_Finalize_m2286724636	System.Void Mono.Security.Cryptography.DSAManaged::Finalize()	mscorlib
DSAManaged_Generate_m1247561684	System.Void Mono.Security.Cryptography.DSAManaged::Generate()	mscorlib
DSAManaged_GenerateKeyPair_m2236915969	System.Void Mono.Security.Cryptography.DSAManaged::GenerateKeyPair()	mscorlib
DSAManaged_add_m1505525960	System.Void Mono.Security.Cryptography.DSAManaged::add(System.Byte[],System.Byte[],System.Int32)	mscorlib
DSAManaged_GenerateParams_m2848737814	System.Void Mono.Security.Cryptography.DSAManaged::GenerateParams(System.Int32)	mscorlib
DSAManaged_get_Random_m923751780	System.Security.Cryptography.RandomNumberGenerator Mono.Security.Cryptography.DSAManaged::get_Random()	mscorlib
DSAManaged_get_KeySize_m2738463749	System.Int32 Mono.Security.Cryptography.DSAManaged::get_KeySize()	mscorlib
DSAManaged_get_PublicOnly_m3575594967	System.Boolean Mono.Security.Cryptography.DSAManaged::get_PublicOnly()	mscorlib
DSAManaged_NormalizeArray_m3285505169	System.Byte[] Mono.Security.Cryptography.DSAManaged::NormalizeArray(System.Byte[])	mscorlib
DSAManaged_ExportParameters_m1426347745	System.Security.Cryptography.DSAParameters Mono.Security.Cryptography.DSAManaged::ExportParameters(System.Boolean)	mscorlib
DSAManaged_ImportParameters_m2247591247	System.Void Mono.Security.Cryptography.DSAManaged::ImportParameters(System.Security.Cryptography.DSAParameters)	mscorlib
DSAManaged_CreateSignature_m2233977444	System.Byte[] Mono.Security.Cryptography.DSAManaged::CreateSignature(System.Byte[])	mscorlib
DSAManaged_VerifySignature_m2909094577	System.Boolean Mono.Security.Cryptography.DSAManaged::VerifySignature(System.Byte[],System.Byte[])	mscorlib
DSAManaged_Dispose_m757362415	System.Void Mono.Security.Cryptography.DSAManaged::Dispose(System.Boolean)	mscorlib
KeyGeneratedEventHandler__ctor_m3801024251	System.Void Mono.Security.Cryptography.DSAManaged/KeyGeneratedEventHandler::.ctor(System.Object,System.IntPtr)	mscorlib
KeyGeneratedEventHandler_Invoke_m4131555809	System.Void Mono.Security.Cryptography.DSAManaged/KeyGeneratedEventHandler::Invoke(System.Object,System.EventArgs)	mscorlib
KeyGeneratedEventHandler_BeginInvoke_m3949196697	System.IAsyncResult Mono.Security.Cryptography.DSAManaged/KeyGeneratedEventHandler::BeginInvoke(System.Object,System.EventArgs,System.AsyncCallback,System.Object)	mscorlib
KeyGeneratedEventHandler_EndInvoke_m1628355235	System.Void Mono.Security.Cryptography.DSAManaged/KeyGeneratedEventHandler::EndInvoke(System.IAsyncResult)	mscorlib
KeyBuilder_get_Rng_m1353817187	System.Security.Cryptography.RandomNumberGenerator Mono.Security.Cryptography.KeyBuilder::get_Rng()	mscorlib
KeyBuilder_Key_m876696100	System.Byte[] Mono.Security.Cryptography.KeyBuilder::Key(System.Int32)	mscorlib
KeyBuilder_IV_m2230195376	System.Byte[] Mono.Security.Cryptography.KeyBuilder::IV(System.Int32)	mscorlib
KeyPairPersistence__ctor_m103880447	System.Void Mono.Security.Cryptography.KeyPairPersistence::.ctor(System.Security.Cryptography.CspParameters)	mscorlib
KeyPairPersistence__ctor_m252166830	System.Void Mono.Security.Cryptography.KeyPairPersistence::.ctor(System.Security.Cryptography.CspParameters,System.String)	mscorlib
KeyPairPersistence__cctor_m1700962802	System.Void Mono.Security.Cryptography.KeyPairPersistence::.cctor()	mscorlib
KeyPairPersistence_get_Filename_m2760692036	System.String Mono.Security.Cryptography.KeyPairPersistence::get_Filename()	mscorlib
KeyPairPersistence_get_KeyValue_m2994490605	System.String Mono.Security.Cryptography.KeyPairPersistence::get_KeyValue()	mscorlib
KeyPairPersistence_set_KeyValue_m3459302102	System.Void Mono.Security.Cryptography.KeyPairPersistence::set_KeyValue(System.String)	mscorlib
KeyPairPersistence_Load_m2518737071	System.Boolean Mono.Security.Cryptography.KeyPairPersistence::Load()	mscorlib
KeyPairPersistence_Save_m3111435398	System.Void Mono.Security.Cryptography.KeyPairPersistence::Save()	mscorlib
KeyPairPersistence_Remove_m1876145547	System.Void Mono.Security.Cryptography.KeyPairPersistence::Remove()	mscorlib
KeyPairPersistence_get_UserPath_m610275969	System.String Mono.Security.Cryptography.KeyPairPersistence::get_UserPath()	mscorlib
KeyPairPersistence_get_MachinePath_m3812267291	System.String Mono.Security.Cryptography.KeyPairPersistence::get_MachinePath()	mscorlib
KeyPairPersistence__CanSecure_m3516574278	System.Boolean Mono.Security.Cryptography.KeyPairPersistence::_CanSecure(System.String)	mscorlib
KeyPairPersistence__ProtectUser_m3263950383	System.Boolean Mono.Security.Cryptography.KeyPairPersistence::_ProtectUser(System.String)	mscorlib
KeyPairPersistence__ProtectMachine_m813172390	System.Boolean Mono.Security.Cryptography.KeyPairPersistence::_ProtectMachine(System.String)	mscorlib
KeyPairPersistence__IsUserProtected_m438961964	System.Boolean Mono.Security.Cryptography.KeyPairPersistence::_IsUserProtected(System.String)	mscorlib
KeyPairPersistence__IsMachineProtected_m2170750712	System.Boolean Mono.Security.Cryptography.KeyPairPersistence::_IsMachineProtected(System.String)	mscorlib
KeyPairPersistence_CanSecure_m3598829533	System.Boolean Mono.Security.Cryptography.KeyPairPersistence::CanSecure(System.String)	mscorlib
KeyPairPersistence_ProtectUser_m2715637552	System.Boolean Mono.Security.Cryptography.KeyPairPersistence::ProtectUser(System.String)	mscorlib
KeyPairPersistence_ProtectMachine_m1313131097	System.Boolean Mono.Security.Cryptography.KeyPairPersistence::ProtectMachine(System.String)	mscorlib
KeyPairPersistence_IsUserProtected_m2000878920	System.Boolean Mono.Security.Cryptography.KeyPairPersistence::IsUserProtected(System.String)	mscorlib
KeyPairPersistence_IsMachineProtected_m644209340	System.Boolean Mono.Security.Cryptography.KeyPairPersistence::IsMachineProtected(System.String)	mscorlib
KeyPairPersistence_get_CanChange_m4275265699	System.Boolean Mono.Security.Cryptography.KeyPairPersistence::get_CanChange()	mscorlib
KeyPairPersistence_get_UseDefaultKeyContainer_m1646107069	System.Boolean Mono.Security.Cryptography.KeyPairPersistence::get_UseDefaultKeyContainer()	mscorlib
KeyPairPersistence_get_UseMachineKeyStore_m3206839918	System.Boolean Mono.Security.Cryptography.KeyPairPersistence::get_UseMachineKeyStore()	mscorlib
KeyPairPersistence_get_ContainerName_m4274536094	System.String Mono.Security.Cryptography.KeyPairPersistence::get_ContainerName()	mscorlib
KeyPairPersistence_Copy_m2577206651	System.Security.Cryptography.CspParameters Mono.Security.Cryptography.KeyPairPersistence::Copy(System.Security.Cryptography.CspParameters)	mscorlib
KeyPairPersistence_FromXml_m746585742	System.Void Mono.Security.Cryptography.KeyPairPersistence::FromXml(System.String)	mscorlib
KeyPairPersistence_ToXml_m812591779	System.String Mono.Security.Cryptography.KeyPairPersistence::ToXml()	mscorlib
MACAlgorithm__ctor_m3608996594	System.Void Mono.Security.Cryptography.MACAlgorithm::.ctor(System.Security.Cryptography.SymmetricAlgorithm)	mscorlib
MACAlgorithm_Initialize_m1409947493	System.Void Mono.Security.Cryptography.MACAlgorithm::Initialize(System.Byte[])	mscorlib
MACAlgorithm_Core_m83451446	System.Void Mono.Security.Cryptography.MACAlgorithm::Core(System.Byte[],System.Int32,System.Int32)	mscorlib
MACAlgorithm_Final_m3756738689	System.Byte[] Mono.Security.Cryptography.MACAlgorithm::Final()	mscorlib
PKCS1__cctor_m266708662	System.Void Mono.Security.Cryptography.PKCS1::.cctor()	mscorlib
PKCS1_Compare_m2442824967	System.Boolean Mono.Security.Cryptography.PKCS1::Compare(System.Byte[],System.Byte[])	mscorlib
PKCS1_I2OSP_m1314988212	System.Byte[] Mono.Security.Cryptography.PKCS1::I2OSP(System.Byte[],System.Int32)	mscorlib
PKCS1_OS2IP_m65970018	System.Byte[] Mono.Security.Cryptography.PKCS1::OS2IP(System.Byte[])	mscorlib
PKCS1_RSAEP_m594928261	System.Byte[] Mono.Security.Cryptography.PKCS1::RSAEP(System.Security.Cryptography.RSA,System.Byte[])	mscorlib
PKCS1_RSASP1_m3912327535	System.Byte[] Mono.Security.Cryptography.PKCS1::RSASP1(System.Security.Cryptography.RSA,System.Byte[])	mscorlib
PKCS1_RSAVP1_m2014482508	System.Byte[] Mono.Security.Cryptography.PKCS1::RSAVP1(System.Security.Cryptography.RSA,System.Byte[])	mscorlib
PKCS1_Encrypt_v15_m1016948107	System.Byte[] Mono.Security.Cryptography.PKCS1::Encrypt_v15(System.Security.Cryptography.RSA,System.Security.Cryptography.RandomNumberGenerator,System.Byte[])	mscorlib
PKCS1_Sign_v15_m2719206817	System.Byte[] Mono.Security.Cryptography.PKCS1::Sign_v15(System.Security.Cryptography.RSA,System.Security.Cryptography.HashAlgorithm,System.Byte[])	mscorlib
PKCS1_Verify_v15_m2816868480	System.Boolean Mono.Security.Cryptography.PKCS1::Verify_v15(System.Security.Cryptography.RSA,System.Security.Cryptography.HashAlgorithm,System.Byte[],System.Byte[])	mscorlib
PKCS1_Verify_v15_m3708133908	System.Boolean Mono.Security.Cryptography.PKCS1::Verify_v15(System.Security.Cryptography.RSA,System.Security.Cryptography.HashAlgorithm,System.Byte[],System.Byte[],System.Boolean)	mscorlib
PKCS1_Encode_v15_m3116793121	System.Byte[] Mono.Security.Cryptography.PKCS1::Encode_v15(System.Security.Cryptography.HashAlgorithm,System.Byte[],System.Int32)	mscorlib
EncryptedPrivateKeyInfo__ctor_m3217539356	System.Void Mono.Security.Cryptography.PKCS8/EncryptedPrivateKeyInfo::.ctor()	mscorlib
EncryptedPrivateKeyInfo__ctor_m3274704095	System.Void Mono.Security.Cryptography.PKCS8/EncryptedPrivateKeyInfo::.ctor(System.Byte[])	mscorlib
EncryptedPrivateKeyInfo_get_Algorithm_m2142585301	System.String Mono.Security.Cryptography.PKCS8/EncryptedPrivateKeyInfo::get_Algorithm()	mscorlib
EncryptedPrivateKeyInfo_get_EncryptedData_m1695265614	System.Byte[] Mono.Security.Cryptography.PKCS8/EncryptedPrivateKeyInfo::get_EncryptedData()	mscorlib
EncryptedPrivateKeyInfo_get_Salt_m3453455261	System.Byte[] Mono.Security.Cryptography.PKCS8/EncryptedPrivateKeyInfo::get_Salt()	mscorlib
EncryptedPrivateKeyInfo_get_IterationCount_m2389157423	System.Int32 Mono.Security.Cryptography.PKCS8/EncryptedPrivateKeyInfo::get_IterationCount()	mscorlib
EncryptedPrivateKeyInfo_Decode_m2516465782	System.Void Mono.Security.Cryptography.PKCS8/EncryptedPrivateKeyInfo::Decode(System.Byte[])	mscorlib
PrivateKeyInfo__ctor_m2811023496	System.Void Mono.Security.Cryptography.PKCS8/PrivateKeyInfo::.ctor()	mscorlib
PrivateKeyInfo__ctor_m2414235375	System.Void Mono.Security.Cryptography.PKCS8/PrivateKeyInfo::.ctor(System.Byte[])	mscorlib
PrivateKeyInfo_get_PrivateKey_m2768243057	System.Byte[] Mono.Security.Cryptography.PKCS8/PrivateKeyInfo::get_PrivateKey()	mscorlib
PrivateKeyInfo_Decode_m682813286	System.Void Mono.Security.Cryptography.PKCS8/PrivateKeyInfo::Decode(System.Byte[])	mscorlib
PrivateKeyInfo_RemoveLeadingZero_m3921889925	System.Byte[] Mono.Security.Cryptography.PKCS8/PrivateKeyInfo::RemoveLeadingZero(System.Byte[])	mscorlib
PrivateKeyInfo_Normalize_m1855800471	System.Byte[] Mono.Security.Cryptography.PKCS8/PrivateKeyInfo::Normalize(System.Byte[],System.Int32)	mscorlib
PrivateKeyInfo_DecodeRSA_m2889346634	System.Security.Cryptography.RSA Mono.Security.Cryptography.PKCS8/PrivateKeyInfo::DecodeRSA(System.Byte[])	mscorlib
PrivateKeyInfo_DecodeDSA_m771724585	System.Security.Cryptography.DSA Mono.Security.Cryptography.PKCS8/PrivateKeyInfo::DecodeDSA(System.Byte[],System.Security.Cryptography.DSAParameters)	mscorlib
RSAManaged__ctor_m3394311431	System.Void Mono.Security.Cryptography.RSAManaged::.ctor(System.Int32)	mscorlib
RSAManaged_add_KeyGenerated_m3688329863	System.Void Mono.Security.Cryptography.RSAManaged::add_KeyGenerated(Mono.Security.Cryptography.RSAManaged/KeyGeneratedEventHandler)	mscorlib
RSAManaged_remove_KeyGenerated_m2046909903	System.Void Mono.Security.Cryptography.RSAManaged::remove_KeyGenerated(Mono.Security.Cryptography.RSAManaged/KeyGeneratedEventHandler)	mscorlib
RSAManaged_Finalize_m3915335854	System.Void Mono.Security.Cryptography.RSAManaged::Finalize()	mscorlib
RSAManaged_GenerateKeyPair_m2221292703	System.Void Mono.Security.Cryptography.RSAManaged::GenerateKeyPair()	mscorlib
RSAManaged_get_KeySize_m1420503080	System.Int32 Mono.Security.Cryptography.RSAManaged::get_KeySize()	mscorlib
RSAManaged_get_PublicOnly_m595121416	System.Boolean Mono.Security.Cryptography.RSAManaged::get_PublicOnly()	mscorlib
RSAManaged_DecryptValue_m1864805746	System.Byte[] Mono.Security.Cryptography.RSAManaged::DecryptValue(System.Byte[])	mscorlib
RSAManaged_EncryptValue_m799827583	System.Byte[] Mono.Security.Cryptography.RSAManaged::EncryptValue(System.Byte[])	mscorlib
RSAManaged_ExportParameters_m280454101	System.Security.Cryptography.RSAParameters Mono.Security.Cryptography.RSAManaged::ExportParameters(System.Boolean)	mscorlib
RSAManaged_ImportParameters_m1844641996	System.Void Mono.Security.Cryptography.RSAManaged::ImportParameters(System.Security.Cryptography.RSAParameters)	mscorlib
RSAManaged_Dispose_m1863653890	System.Void Mono.Security.Cryptography.RSAManaged::Dispose(System.Boolean)	mscorlib
RSAManaged_ToXmlString_m645792083	System.String Mono.Security.Cryptography.RSAManaged::ToXmlString(System.Boolean)	mscorlib
RSAManaged_get_IsCrtPossible_m3949564681	System.Boolean Mono.Security.Cryptography.RSAManaged::get_IsCrtPossible()	mscorlib
RSAManaged_GetPaddedValue_m2104792084	System.Byte[] Mono.Security.Cryptography.RSAManaged::GetPaddedValue(Mono.Math.BigInteger,System.Int32)	mscorlib
KeyGeneratedEventHandler__ctor_m1990062371	System.Void Mono.Security.Cryptography.RSAManaged/KeyGeneratedEventHandler::.ctor(System.Object,System.IntPtr)	mscorlib
KeyGeneratedEventHandler_Invoke_m2527485594	System.Void Mono.Security.Cryptography.RSAManaged/KeyGeneratedEventHandler::Invoke(System.Object,System.EventArgs)	mscorlib
KeyGeneratedEventHandler_BeginInvoke_m1299225259	System.IAsyncResult Mono.Security.Cryptography.RSAManaged/KeyGeneratedEventHandler::BeginInvoke(System.Object,System.EventArgs,System.AsyncCallback,System.Object)	mscorlib
KeyGeneratedEventHandler_EndInvoke_m3057317531	System.Void Mono.Security.Cryptography.RSAManaged/KeyGeneratedEventHandler::EndInvoke(System.IAsyncResult)	mscorlib
SymmetricTransform__ctor_m25459519	System.Void Mono.Security.Cryptography.SymmetricTransform::.ctor(System.Security.Cryptography.SymmetricAlgorithm,System.Boolean,System.Byte[])	mscorlib
SymmetricTransform_System_IDisposable_Dispose_m3676111272	System.Void Mono.Security.Cryptography.SymmetricTransform::System.IDisposable.Dispose()	mscorlib
SymmetricTransform_Finalize_m1463466895	System.Void Mono.Security.Cryptography.SymmetricTransform::Finalize()	mscorlib
SymmetricTransform_Dispose_m3894715243	System.Void Mono.Security.Cryptography.SymmetricTransform::Dispose(System.Boolean)	mscorlib
SymmetricTransform_get_CanReuseTransform_m3947311416	System.Boolean Mono.Security.Cryptography.SymmetricTransform::get_CanReuseTransform()	mscorlib
SymmetricTransform_Transform_m3073016850	System.Void Mono.Security.Cryptography.SymmetricTransform::Transform(System.Byte[],System.Byte[])	mscorlib
SymmetricTransform_CBC_m435753239	System.Void Mono.Security.Cryptography.SymmetricTransform::CBC(System.Byte[],System.Byte[])	mscorlib
SymmetricTransform_CFB_m1051508796	System.Void Mono.Security.Cryptography.SymmetricTransform::CFB(System.Byte[],System.Byte[])	mscorlib
SymmetricTransform_OFB_m3842617151	System.Void Mono.Security.Cryptography.SymmetricTransform::OFB(System.Byte[],System.Byte[])	mscorlib
SymmetricTransform_CTS_m2571643614	System.Void Mono.Security.Cryptography.SymmetricTransform::CTS(System.Byte[],System.Byte[])	mscorlib
SymmetricTransform_CheckInput_m1829858759	System.Void Mono.Security.Cryptography.SymmetricTransform::CheckInput(System.Byte[],System.Int32,System.Int32)	mscorlib
SymmetricTransform_TransformBlock_m2339552481	System.Int32 Mono.Security.Cryptography.SymmetricTransform::TransformBlock(System.Byte[],System.Int32,System.Int32,System.Byte[],System.Int32)	mscorlib
SymmetricTransform_get_KeepLastBlock_m3105157421	System.Boolean Mono.Security.Cryptography.SymmetricTransform::get_KeepLastBlock()	mscorlib
SymmetricTransform_InternalTransformBlock_m946892271	System.Int32 Mono.Security.Cryptography.SymmetricTransform::InternalTransformBlock(System.Byte[],System.Int32,System.Int32,System.Byte[],System.Int32)	mscorlib
SymmetricTransform_Random_m2004892672	System.Void Mono.Security.Cryptography.SymmetricTransform::Random(System.Byte[],System.Int32,System.Int32)	mscorlib
SymmetricTransform_ThrowBadPaddingException_m2926778011	System.Void Mono.Security.Cryptography.SymmetricTransform::ThrowBadPaddingException(System.Security.Cryptography.PaddingMode,System.Int32,System.Int32)	mscorlib
SymmetricTransform_FinalEncrypt_m69518647	System.Byte[] Mono.Security.Cryptography.SymmetricTransform::FinalEncrypt(System.Byte[],System.Int32,System.Int32)	mscorlib
SymmetricTransform_FinalDecrypt_m1677319445	System.Byte[] Mono.Security.Cryptography.SymmetricTransform::FinalDecrypt(System.Byte[],System.Int32,System.Int32)	mscorlib
SymmetricTransform_TransformFinalBlock_m4059448527	System.Byte[] Mono.Security.Cryptography.SymmetricTransform::TransformFinalBlock(System.Byte[],System.Int32,System.Int32)	mscorlib
ContentInfo__ctor_m28146633	System.Void Mono.Security.PKCS7/ContentInfo::.ctor()	mscorlib
ContentInfo__ctor_m3072134336	System.Void Mono.Security.PKCS7/ContentInfo::.ctor(System.String)	mscorlib
ContentInfo__ctor_m1888388023	System.Void Mono.Security.PKCS7/ContentInfo::.ctor(System.Byte[])	mscorlib
ContentInfo__ctor_m2639021892	System.Void Mono.Security.PKCS7/ContentInfo::.ctor(Mono.Security.ASN1)	mscorlib
ContentInfo_get_ASN1_m1776225219	Mono.Security.ASN1 Mono.Security.PKCS7/ContentInfo::get_ASN1()	mscorlib
ContentInfo_get_Content_m1945593776	Mono.Security.ASN1 Mono.Security.PKCS7/ContentInfo::get_Content()	mscorlib
ContentInfo_set_Content_m2745521966	System.Void Mono.Security.PKCS7/ContentInfo::set_Content(Mono.Security.ASN1)	mscorlib
ContentInfo_get_ContentType_m275324816	System.String Mono.Security.PKCS7/ContentInfo::get_ContentType()	mscorlib
ContentInfo_set_ContentType_m3961495440	System.Void Mono.Security.PKCS7/ContentInfo::set_ContentType(System.String)	mscorlib
ContentInfo_GetASN1_m3665489137	Mono.Security.ASN1 Mono.Security.PKCS7/ContentInfo::GetASN1()	mscorlib
EncryptedData__ctor_m3841552120	System.Void Mono.Security.PKCS7/EncryptedData::.ctor()	mscorlib
EncryptedData__ctor_m2497911783	System.Void Mono.Security.PKCS7/EncryptedData::.ctor(Mono.Security.ASN1)	mscorlib
EncryptedData_get_EncryptionAlgorithm_m1297902161	Mono.Security.PKCS7/ContentInfo Mono.Security.PKCS7/EncryptedData::get_EncryptionAlgorithm()	mscorlib
EncryptedData_get_EncryptedContent_m4211024111	System.Byte[] Mono.Security.PKCS7/EncryptedData::get_EncryptedContent()	mscorlib
StrongName__cctor_m1246179561	System.Void Mono.Security.StrongName::.cctor()	mscorlib
StrongName_get_PublicKey_m1841537984	System.Byte[] Mono.Security.StrongName::get_PublicKey()	mscorlib
StrongName_get_PublicKeyToken_m2115276552	System.Byte[] Mono.Security.StrongName::get_PublicKeyToken()	mscorlib
StrongName_get_TokenAlgorithm_m1794722022	System.String Mono.Security.StrongName::get_TokenAlgorithm()	mscorlib
PKCS12__ctor_m2768693996	System.Void Mono.Security.X509.PKCS12::.ctor()	mscorlib
PKCS12__ctor_m2089474062	System.Void Mono.Security.X509.PKCS12::.ctor(System.Byte[])	mscorlib
PKCS12__ctor_m1771540803	System.Void Mono.Security.X509.PKCS12::.ctor(System.Byte[],System.String)	mscorlib
PKCS12__cctor_m2862471915	System.Void Mono.Security.X509.PKCS12::.cctor()	mscorlib
PKCS12_Decode_m1913457787	System.Void Mono.Security.X509.PKCS12::Decode(System.Byte[])	mscorlib
PKCS12_Finalize_m1390639705	System.Void Mono.Security.X509.PKCS12::Finalize()	mscorlib
PKCS12_set_Password_m3259330454	System.Void Mono.Security.X509.PKCS12::set_Password(System.String)	mscorlib
PKCS12_get_IterationCount_m626423090	System.Int32 Mono.Security.X509.PKCS12::get_IterationCount()	mscorlib
PKCS12_set_IterationCount_m1399630158	System.Void Mono.Security.X509.PKCS12::set_IterationCount(System.Int32)	mscorlib
PKCS12_get_Certificates_m1630860723	Mono.Security.X509.X509CertificateCollection Mono.Security.X509.PKCS12::get_Certificates()	mscorlib
PKCS12_get_RNG_m2649456600	System.Security.Cryptography.RandomNumberGenerator Mono.Security.X509.PKCS12::get_RNG()	mscorlib
PKCS12_Compare_m2975811353	System.Boolean Mono.Security.X509.PKCS12::Compare(System.Byte[],System.Byte[])	mscorlib
PKCS12_GetSymmetricAlgorithm_m1390440284	System.Security.Cryptography.SymmetricAlgorithm Mono.Security.X509.PKCS12::GetSymmetricAlgorithm(System.String,System.Byte[],System.Int32)	mscorlib
PKCS12_Decrypt_m2241300865	System.Byte[] Mono.Security.X509.PKCS12::Decrypt(System.String,System.Byte[],System.Int32,System.Byte[])	mscorlib
PKCS12_Decrypt_m3310864946	System.Byte[] Mono.Security.X509.PKCS12::Decrypt(Mono.Security.PKCS7/EncryptedData)	mscorlib
PKCS12_Encrypt_m2617413749	System.Byte[] Mono.Security.X509.PKCS12::Encrypt(System.String,System.Byte[],System.Int32,System.Byte[])	mscorlib
PKCS12_GetExistingParameters_m3511027613	System.Security.Cryptography.DSAParameters Mono.Security.X509.PKCS12::GetExistingParameters(System.Boolean&)	mscorlib
PKCS12_AddPrivateKey_m1542850936	System.Void Mono.Security.X509.PKCS12::AddPrivateKey(Mono.Security.Cryptography.PKCS8/PrivateKeyInfo)	mscorlib
PKCS12_ReadSafeBag_m1585166574	System.Void Mono.Security.X509.PKCS12::ReadSafeBag(Mono.Security.ASN1)	mscorlib
PKCS12_CertificateSafeBag_m3469173172	Mono.Security.ASN1 Mono.Security.X509.PKCS12::CertificateSafeBag(Mono.Security.X509.X509Certificate,System.Collections.IDictionary)	mscorlib
PKCS12_MAC_m3401183837	System.Byte[] Mono.Security.X509.PKCS12::MAC(System.Byte[],System.Byte[],System.Int32,System.Byte[])	mscorlib
PKCS12_GetBytes_m3933153476	System.Byte[] Mono.Security.X509.PKCS12::GetBytes()	mscorlib
PKCS12_EncryptedContentInfo_m1012097402	Mono.Security.PKCS7/ContentInfo Mono.Security.X509.PKCS12::EncryptedContentInfo(Mono.Security.ASN1,System.String)	mscorlib
PKCS12_AddCertificate_m3857004455	System.Void Mono.Security.X509.PKCS12::AddCertificate(Mono.Security.X509.X509Certificate)	mscorlib
PKCS12_AddCertificate_m3618696508	System.Void Mono.Security.X509.PKCS12::AddCertificate(Mono.Security.X509.X509Certificate,System.Collections.IDictionary)	mscorlib
PKCS12_RemoveCertificate_m1177171903	System.Void Mono.Security.X509.PKCS12::RemoveCertificate(Mono.Security.X509.X509Certificate)	mscorlib
PKCS12_RemoveCertificate_m1421555398	System.Void Mono.Security.X509.PKCS12::RemoveCertificate(Mono.Security.X509.X509Certificate,System.Collections.IDictionary)	mscorlib
PKCS12_Clone_m93617975	System.Object Mono.Security.X509.PKCS12::Clone()	mscorlib
PKCS12_get_MaximumPasswordLength_m883183191	System.Int32 Mono.Security.X509.PKCS12::get_MaximumPasswordLength()	mscorlib
DeriveBytes__ctor_m3611803810	System.Void Mono.Security.X509.PKCS12/DeriveBytes::.ctor()	mscorlib
DeriveBytes__cctor_m1212925033	System.Void Mono.Security.X509.PKCS12/DeriveBytes::.cctor()	mscorlib
DeriveBytes_set_HashName_m3752780137	System.Void Mono.Security.X509.PKCS12/DeriveBytes::set_HashName(System.String)	mscorlib
DeriveBytes_set_IterationCount_m3235108425	System.Void Mono.Security.X509.PKCS12/DeriveBytes::set_IterationCount(System.Int32)	mscorlib
DeriveBytes_set_Password_m3005258189	System.Void Mono.Security.X509.PKCS12/DeriveBytes::set_Password(System.Byte[])	mscorlib
DeriveBytes_set_Salt_m441577179	System.Void Mono.Security.X509.PKCS12/DeriveBytes::set_Salt(System.Byte[])	mscorlib
DeriveBytes_Adjust_m640796917	System.Void Mono.Security.X509.PKCS12/DeriveBytes::Adjust(System.Byte[],System.Int32,System.Byte[])	mscorlib
DeriveBytes_Derive_m408582823	System.Byte[] Mono.Security.X509.PKCS12/DeriveBytes::Derive(System.Byte[],System.Int32)	mscorlib
DeriveBytes_DeriveKey_m2238010581	System.Byte[] Mono.Security.X509.PKCS12/DeriveBytes::DeriveKey(System.Int32)	mscorlib
DeriveBytes_DeriveIV_m3639813821	System.Byte[] Mono.Security.X509.PKCS12/DeriveBytes::DeriveIV(System.Int32)	mscorlib
DeriveBytes_DeriveMAC_m694919248	System.Byte[] Mono.Security.X509.PKCS12/DeriveBytes::DeriveMAC(System.Int32)	mscorlib
SafeBag__ctor_m369012969	System.Void Mono.Security.X509.SafeBag::.ctor(System.String,Mono.Security.ASN1)	mscorlib
SafeBag_get_BagOID_m2165567310	System.String Mono.Security.X509.SafeBag::get_BagOID()	mscorlib
SafeBag_get_ASN1_m3167501969	Mono.Security.ASN1 Mono.Security.X509.SafeBag::get_ASN1()	mscorlib
X501__cctor_m1166912714	System.Void Mono.Security.X509.X501::.cctor()	mscorlib
X501_ToString_m4186311521	System.String Mono.Security.X509.X501::ToString(Mono.Security.ASN1)	mscorlib
X501_ToString_m2278029064	System.String Mono.Security.X509.X501::ToString(Mono.Security.ASN1,System.Boolean,System.String,System.Boolean)	mscorlib
X501_AppendEntry_m2470239841	System.Void Mono.Security.X509.X501::AppendEntry(System.Text.StringBuilder,Mono.Security.ASN1,System.Boolean)	mscorlib
X509Certificate__ctor_m3656389950	System.Void Mono.Security.X509.X509Certificate::.ctor(System.Byte[])	mscorlib
X509Certificate__cctor_m198658613	System.Void Mono.Security.X509.X509Certificate::.cctor()	mscorlib
X509Certificate_Parse_m1106379228	System.Void Mono.Security.X509.X509Certificate::Parse(System.Byte[])	mscorlib
X509Certificate_GetUnsignedBigInteger_m1025066663	System.Byte[] Mono.Security.X509.X509Certificate::GetUnsignedBigInteger(System.Byte[])	mscorlib
X509Certificate_get_DSA_m1760272844	System.Security.Cryptography.DSA Mono.Security.X509.X509Certificate::get_DSA()	mscorlib
X509Certificate_get_IssuerName_m605048065	System.String Mono.Security.X509.X509Certificate::get_IssuerName()	mscorlib
X509Certificate_get_KeyAlgorithmParameters_m681676289	System.Byte[] Mono.Security.X509.X509Certificate::get_KeyAlgorithmParameters()	mscorlib
X509Certificate_get_PublicKey_m1627137142	System.Byte[] Mono.Security.X509.X509Certificate::get_PublicKey()	mscorlib
X509Certificate_get_RawData_m2387471414	System.Byte[] Mono.Security.X509.X509Certificate::get_RawData()	mscorlib
X509Certificate_get_SubjectName_m3160893681	System.String Mono.Security.X509.X509Certificate::get_SubjectName()	mscorlib
X509Certificate_get_ValidFrom_m1469376000	System.DateTime Mono.Security.X509.X509Certificate::get_ValidFrom()	mscorlib
X509Certificate_get_ValidUntil_m678342786	System.DateTime Mono.Security.X509.X509Certificate::get_ValidUntil()	mscorlib
X509Certificate_GetIssuerName_m4238857993	Mono.Security.ASN1 Mono.Security.X509.X509Certificate::GetIssuerName()	mscorlib
X509Certificate_GetSubjectName_m584504796	Mono.Security.ASN1 Mono.Security.X509.X509Certificate::GetSubjectName()	mscorlib
X509Certificate_PEM_m1177570576	System.Byte[] Mono.Security.X509.X509Certificate::PEM(System.String,System.Byte[])	mscorlib
X509CertificateCollection__ctor_m3365535796	System.Void Mono.Security.X509.X509CertificateCollection::.ctor()	mscorlib
X509CertificateCollection_System_Collections_IEnumerable_GetEnumerator_m279447643	System.Collections.IEnumerator Mono.Security.X509.X509CertificateCollection::System.Collections.IEnumerable.GetEnumerator()	mscorlib
X509CertificateCollection_get_Item_m3219599455	Mono.Security.X509.X509Certificate Mono.Security.X509.X509CertificateCollection::get_Item(System.Int32)	mscorlib
X509CertificateCollection_Add_m3136524580	System.Int32 Mono.Security.X509.X509CertificateCollection::Add(Mono.Security.X509.X509Certificate)	mscorlib
X509CertificateCollection_GetEnumerator_m4229251522	Mono.Security.X509.X509CertificateCollection/X509CertificateEnumerator Mono.Security.X509.X509CertificateCollection::GetEnumerator()	mscorlib
X509CertificateCollection_GetHashCode_m324533873	System.Int32 Mono.Security.X509.X509CertificateCollection::GetHashCode()	mscorlib
X509CertificateEnumerator__ctor_m3747779152	System.Void Mono.Security.X509.X509CertificateCollection/X509CertificateEnumerator::.ctor(Mono.Security.X509.X509CertificateCollection)	mscorlib
X509CertificateEnumerator_System_Collections_IEnumerator_get_Current_m418791713	System.Object Mono.Security.X509.X509CertificateCollection/X509CertificateEnumerator::System.Collections.IEnumerator.get_Current()	mscorlib
X509CertificateEnumerator_System_Collections_IEnumerator_MoveNext_m708500216	System.Boolean Mono.Security.X509.X509CertificateCollection/X509CertificateEnumerator::System.Collections.IEnumerator.MoveNext()	mscorlib
X509CertificateEnumerator_System_Collections_IEnumerator_Reset_m2928805663	System.Void Mono.Security.X509.X509CertificateCollection/X509CertificateEnumerator::System.Collections.IEnumerator.Reset()	mscorlib
X509CertificateEnumerator_get_Current_m3041233561	Mono.Security.X509.X509Certificate Mono.Security.X509.X509CertificateCollection/X509CertificateEnumerator::get_Current()	mscorlib
X509CertificateEnumerator_MoveNext_m2269241175	System.Boolean Mono.Security.X509.X509CertificateCollection/X509CertificateEnumerator::MoveNext()	mscorlib
X509CertificateEnumerator_Reset_m122774664	System.Void Mono.Security.X509.X509CertificateCollection/X509CertificateEnumerator::Reset()	mscorlib
X509Extension__ctor_m1750445243	System.Void Mono.Security.X509.X509Extension::.ctor(Mono.Security.ASN1)	mscorlib
X509Extension_Decode_m833805412	System.Void Mono.Security.X509.X509Extension::Decode()	mscorlib
X509Extension_Equals_m1222951829	System.Boolean Mono.Security.X509.X509Extension::Equals(System.Object)	mscorlib
X509Extension_GetHashCode_m2866442052	System.Int32 Mono.Security.X509.X509Extension::GetHashCode()	mscorlib
X509Extension_WriteLine_m1400196767	System.Void Mono.Security.X509.X509Extension::WriteLine(System.Text.StringBuilder,System.Int32,System.Int32)	mscorlib
X509Extension_ToString_m3664524823	System.String Mono.Security.X509.X509Extension::ToString()	mscorlib
X509ExtensionCollection__ctor_m2416193357	System.Void Mono.Security.X509.X509ExtensionCollection::.ctor()	mscorlib
X509ExtensionCollection__ctor_m3315097415	System.Void Mono.Security.X509.X509ExtensionCollection::.ctor(Mono.Security.ASN1)	mscorlib
X509ExtensionCollection_System_Collections_IEnumerable_GetEnumerator_m2696143383	System.Collections.IEnumerator Mono.Security.X509.X509ExtensionCollection::System.Collections.IEnumerable.GetEnumerator()	mscorlib
SecurityParser__ctor_m1786039976	System.Void Mono.Xml.SecurityParser::.ctor()	mscorlib
SecurityParser_LoadXml_m1638830459	System.Void Mono.Xml.SecurityParser::LoadXml(System.String)	mscorlib
SecurityParser_ToXml_m3880004309	System.Security.SecurityElement Mono.Xml.SecurityParser::ToXml()	mscorlib
SecurityParser_OnStartParsing_m160443947	System.Void Mono.Xml.SecurityParser::OnStartParsing(Mono.Xml.SmallXmlParser)	mscorlib
SecurityParser_OnProcessingInstruction_m2327827622	System.Void Mono.Xml.SecurityParser::OnProcessingInstruction(System.String,System.String)	mscorlib
SecurityParser_OnIgnorableWhitespace_m1130543143	System.Void Mono.Xml.SecurityParser::OnIgnorableWhitespace(System.String)	mscorlib
SecurityParser_OnStartElement_m2534612579	System.Void Mono.Xml.SecurityParser::OnStartElement(System.String,Mono.Xml.SmallXmlParser/IAttrList)	mscorlib
SecurityParser_OnEndElement_m2088612360	System.Void Mono.Xml.SecurityParser::OnEndElement(System.String)	mscorlib
SecurityParser_OnChars_m396174937	System.Void Mono.Xml.SecurityParser::OnChars(System.String)	mscorlib
SecurityParser_OnEndParsing_m2521892142	System.Void Mono.Xml.SecurityParser::OnEndParsing(Mono.Xml.SmallXmlParser)	mscorlib
SmallXmlParser__ctor_m202236734	System.Void Mono.Xml.SmallXmlParser::.ctor()	mscorlib
SmallXmlParser_Error_m3899025466	System.Exception Mono.Xml.SmallXmlParser::Error(System.String)	mscorlib
SmallXmlParser_UnexpectedEndError_m1914362401	System.Exception Mono.Xml.SmallXmlParser::UnexpectedEndError()	mscorlib
SmallXmlParser_IsNameChar_m2946368541	System.Boolean Mono.Xml.SmallXmlParser::IsNameChar(System.Char,System.Boolean)	mscorlib
SmallXmlParser_IsWhitespace_m156831381	System.Boolean Mono.Xml.SmallXmlParser::IsWhitespace(System.Int32)	mscorlib
SmallXmlParser_SkipWhitespaces_m990960618	System.Void Mono.Xml.SmallXmlParser::SkipWhitespaces()	mscorlib
SmallXmlParser_HandleWhitespaces_m549588711	System.Void Mono.Xml.SmallXmlParser::HandleWhitespaces()	mscorlib
SmallXmlParser_SkipWhitespaces_m4243606597	System.Void Mono.Xml.SmallXmlParser::SkipWhitespaces(System.Boolean)	mscorlib
SmallXmlParser_Peek_m1303779789	System.Int32 Mono.Xml.SmallXmlParser::Peek()	mscorlib
SmallXmlParser_Read_m3485223434	System.Int32 Mono.Xml.SmallXmlParser::Read()	mscorlib
SmallXmlParser_Expect_m674880652	System.Void Mono.Xml.SmallXmlParser::Expect(System.Int32)	mscorlib
SmallXmlParser_ReadUntil_m2715581630	System.String Mono.Xml.SmallXmlParser::ReadUntil(System.Char,System.Boolean)	mscorlib
SmallXmlParser_ReadName_m3409228522	System.String Mono.Xml.SmallXmlParser::ReadName()	mscorlib
SmallXmlParser_Parse_m2140493703	System.Void Mono.Xml.SmallXmlParser::Parse(System.IO.TextReader,Mono.Xml.SmallXmlParser/IContentHandler)	mscorlib
SmallXmlParser_Cleanup_m2310464878	System.Void Mono.Xml.SmallXmlParser::Cleanup()	mscorlib
SmallXmlParser_ReadContent_m1631445300	System.Void Mono.Xml.SmallXmlParser::ReadContent()	mscorlib
SmallXmlParser_HandleBufferedContent_m3185158999	System.Void Mono.Xml.SmallXmlParser::HandleBufferedContent()	mscorlib
SmallXmlParser_ReadCharacters_m3318286261	System.Void Mono.Xml.SmallXmlParser::ReadCharacters()	mscorlib
SmallXmlParser_ReadReference_m1750252339	System.Void Mono.Xml.SmallXmlParser::ReadReference()	mscorlib
SmallXmlParser_ReadCharacterReference_m548953186	System.Int32 Mono.Xml.SmallXmlParser::ReadCharacterReference()	mscorlib
SmallXmlParser_ReadAttribute_m3518350607	System.Void Mono.Xml.SmallXmlParser::ReadAttribute(Mono.Xml.SmallXmlParser/AttrListImpl)	mscorlib
SmallXmlParser_ReadCDATASection_m138715165	System.Void Mono.Xml.SmallXmlParser::ReadCDATASection()	mscorlib
SmallXmlParser_ReadComment_m1578426707	System.Void Mono.Xml.SmallXmlParser::ReadComment()	mscorlib
AttrListImpl__ctor_m3844427077	System.Void Mono.Xml.SmallXmlParser/AttrListImpl::.ctor()	mscorlib
AttrListImpl_get_Length_m1163071530	System.Int32 Mono.Xml.SmallXmlParser/AttrListImpl::get_Length()	mscorlib
AttrListImpl_GetName_m2880551319	System.String Mono.Xml.SmallXmlParser/AttrListImpl::GetName(System.Int32)	mscorlib
AttrListImpl_GetValue_m3657391095	System.String Mono.Xml.SmallXmlParser/AttrListImpl::GetValue(System.Int32)	mscorlib
AttrListImpl_GetValue_m215192361	System.String Mono.Xml.SmallXmlParser/AttrListImpl::GetValue(System.String)	mscorlib
AttrListImpl_get_Names_m977594476	System.String[] Mono.Xml.SmallXmlParser/AttrListImpl::get_Names()	mscorlib
AttrListImpl_get_Values_m3139810172	System.String[] Mono.Xml.SmallXmlParser/AttrListImpl::get_Values()	mscorlib
AttrListImpl_Clear_m2260362286	System.Void Mono.Xml.SmallXmlParser/AttrListImpl::Clear()	mscorlib
AttrListImpl_Add_m3378108236	System.Void Mono.Xml.SmallXmlParser/AttrListImpl::Add(System.String,System.String)	mscorlib
SmallXmlParserException__ctor_m1976648878	System.Void Mono.Xml.SmallXmlParserException::.ctor(System.String,System.Int32,System.Int32)	mscorlib
__Il2CppComDelegate_Finalize_m2460829410	System.Void System.__Il2CppComDelegate::Finalize()	mscorlib
__Il2CppComObject_Finalize_m2923638372	System.Void System.__Il2CppComObject::Finalize()	mscorlib
AccessViolationException__ctor_m459401853	System.Void System.AccessViolationException::.ctor()	mscorlib
AccessViolationException__ctor_m506103991	System.Void System.AccessViolationException::.ctor(System.Runtime.Serialization.SerializationInfo,System.Runtime.Serialization.StreamingContext)	mscorlib
ActivationContext_Finalize_m1527946098	System.Void System.ActivationContext::Finalize()	mscorlib
ActivationContext_Dispose_m827530843	System.Void System.ActivationContext::Dispose()	mscorlib
ActivationContext_Dispose_m2038725770	System.Void System.ActivationContext::Dispose(System.Boolean)	mscorlib
Activator_CreateInstance_m3631483688	System.Object System.Activator::CreateInstance(System.Type)	mscorlib
Activator_CreateInstance_m94526014	System.Object System.Activator::CreateInstance(System.Type,System.Object[])	mscorlib
Activator_CreateInstance_m3736402505	System.Object System.Activator::CreateInstance(System.Type,System.Object[],System.Object[])	mscorlib
Activator_CreateInstance_m2998273980	System.Object System.Activator::CreateInstance(System.Type,System.Reflection.BindingFlags,System.Reflection.Binder,System.Object[],System.Globalization.CultureInfo,System.Object[])	mscorlib
Activator_CreateInstance_m2597605935	System.Object System.Activator::CreateInstance(System.Type,System.Boolean)	mscorlib
Activator_CheckType_m2787213785	System.Void System.Activator::CheckType(System.Type)	mscorlib
Activator_CheckAbstractType_m2015247896	System.Void System.Activator::CheckAbstractType(System.Type)	mscorlib
Activator_CreateInstanceInternal_m1337209899	System.Object System.Activator::CreateInstanceInternal(System.Type)	mscorlib
AppDomain__ctor_m900298256	System.Void System.AppDomain::.ctor()	mscorlib
AppDomain_getFriendlyName_m248495153	System.String System.AppDomain::getFriendlyName()	mscorlib
AppDomain_getCurDomain_m1005431575	System.AppDomain System.AppDomain::getCurDomain()	mscorlib
AppDomain_get_CurrentDomain_m182766250	System.AppDomain System.AppDomain::get_CurrentDomain()	mscorlib
AppDomain_LoadAssembly_m1557889794	System.Reflection.Assembly System.AppDomain::LoadAssembly(System.String,System.Security.Policy.Evidence,System.Boolean)	mscorlib
AppDomain_Load_m4174353770	System.Reflection.Assembly System.AppDomain::Load(System.String)	mscorlib
AppDomain_Load_m2969998014	System.Reflection.Assembly System.AppDomain::Load(System.String,System.Security.Policy.Evidence,System.Boolean)	mscorlib
AppDomain_InternalSetContext_m139827955	System.Runtime.Remoting.Contexts.Context System.AppDomain::InternalSetContext(System.Runtime.Remoting.Contexts.Context)	mscorlib
AppDomain_InternalGetContext_m114897961	System.Runtime.Remoting.Contexts.Context System.AppDomain::InternalGetContext()	mscorlib
AppDomain_InternalGetDefaultContext_m1679027951	System.Runtime.Remoting.Contexts.Context System.AppDomain::InternalGetDefaultContext()	mscorlib
AppDomain_InternalGetProcessGuid_m1352630171	System.String System.AppDomain::InternalGetProcessGuid(System.String)	mscorlib
AppDomain_GetProcessGuid_m3316193837	System.String System.AppDomain::GetProcessGuid()	mscorlib
AppDomain_ToString_m1389451889	System.String System.AppDomain::ToString()	mscorlib
AppDomain_DoTypeResolve_m1335093328	System.Reflection.Assembly System.AppDomain::DoTypeResolve(System.Object)	mscorlib
AppDomainInitializer__ctor_m804756664	System.Void System.AppDomainInitializer::.ctor(System.Object,System.IntPtr)	mscorlib
AppDomainInitializer_Invoke_m1036878490	System.Void System.AppDomainInitializer::Invoke(System.String[])	mscorlib
AppDomainInitializer_BeginInvoke_m2460927216	System.IAsyncResult System.AppDomainInitializer::BeginInvoke(System.String[],System.AsyncCallback,System.Object)	mscorlib
AppDomainInitializer_EndInvoke_m2095010821	System.Void System.AppDomainInitializer::EndInvoke(System.IAsyncResult)	mscorlib
AppDomainSetup__ctor_m363420372	System.Void System.AppDomainSetup::.ctor()	mscorlib
ApplicationException__ctor_m2557611022	System.Void System.ApplicationException::.ctor()	mscorlib
ApplicationException__ctor_m2517758450	System.Void System.ApplicationException::.ctor(System.String)	mscorlib
ApplicationException__ctor_m1689533002	System.Void System.ApplicationException::.ctor(System.Runtime.Serialization.SerializationInfo,System.Runtime.Serialization.StreamingContext)	mscorlib
ApplicationIdentity_ToString_m2074887951	System.String System.ApplicationIdentity::ToString()	mscorlib
ArgIterator_Equals_m4289772452_AdjustorThunk	System.Boolean System.ArgIterator::Equals(System.Object)	mscorlib
ArgIterator_GetHashCode_m2630206016_AdjustorThunk	System.Int32 System.ArgIterator::GetHashCode()	mscorlib
ArgumentException__ctor_m3698743796	System.Void System.ArgumentException::.ctor()	mscorlib
ArgumentException__ctor_m1312628991	System.Void System.ArgumentException::.ctor(System.String)	mscorlib
ArgumentException__ctor_m1535060261	System.Void System.ArgumentException::.ctor(System.String,System.Exception)	mscorlib
ArgumentException__ctor_m1216717135	System.Void System.ArgumentException::.ctor(System.String,System.String)	mscorlib
ArgumentException__ctor_m3761792013	System.Void System.ArgumentException::.ctor(System.String,System.String,System.Exception)	mscorlib
ArgumentException__ctor_m3200406061	System.Void System.ArgumentException::.ctor(System.Runtime.Serialization.SerializationInfo,System.Runtime.Serialization.StreamingContext)	mscorlib
ArgumentException_get_ParamName_m2556126651	System.String System.ArgumentException::get_ParamName()	mscorlib
ArgumentException_get_Message_m520762021	System.String System.ArgumentException::get_Message()	mscorlib
ArgumentNullException__ctor_m2751210921	System.Void System.ArgumentNullException::.ctor()	mscorlib
ArgumentNullException__ctor_m1170824041	System.Void System.ArgumentNullException::.ctor(System.String)	mscorlib
ArgumentNullException__ctor_m2009621981	System.Void System.ArgumentNullException::.ctor(System.String,System.String)	mscorlib
ArgumentNullException__ctor_m520761569	System.Void System.ArgumentNullException::.ctor(System.Runtime.Serialization.SerializationInfo,System.Runtime.Serialization.StreamingContext)	mscorlib
ArgumentOutOfRangeException__ctor_m2047740448	System.Void System.ArgumentOutOfRangeException::.ctor()	mscorlib
ArgumentOutOfRangeException__ctor_m3628145864	System.Void System.ArgumentOutOfRangeException::.ctor(System.String)	mscorlib
ArgumentOutOfRangeException__ctor_m282481429	System.Void System.ArgumentOutOfRangeException::.ctor(System.String,System.String)	mscorlib
ArgumentOutOfRangeException__ctor_m4164965325	System.Void System.ArgumentOutOfRangeException::.ctor(System.String,System.Object,System.String)	mscorlib
ArgumentOutOfRangeException__ctor_m769015475	System.Void System.ArgumentOutOfRangeException::.ctor(System.Runtime.Serialization.SerializationInfo,System.Runtime.Serialization.StreamingContext)	mscorlib
ArgumentOutOfRangeException_get_Message_m1913926628	System.String System.ArgumentOutOfRangeException::get_Message()	mscorlib
ArithmeticException__ctor_m479063094	System.Void System.ArithmeticException::.ctor()	mscorlib
ArithmeticException__ctor_m3551809662	System.Void System.ArithmeticException::.ctor(System.String)	mscorlib
ArithmeticException__ctor_m1658426420	System.Void System.ArithmeticException::.ctor(System.Runtime.Serialization.SerializationInfo,System.Runtime.Serialization.StreamingContext)	mscorlib
Array__ctor_m2178462056	System.Void System.Array::.ctor()	mscorlib
Array_System_Collections_IList_get_Item_m631337679	System.Object System.Array::System.Collections.IList.get_Item(System.Int32)	mscorlib
Array_System_Collections_IList_set_Item_m2667455393	System.Void System.Array::System.Collections.IList.set_Item(System.Int32,System.Object)	mscorlib
Array_System_Collections_IList_Add_m1063688101	System.Int32 System.Array::System.Collections.IList.Add(System.Object)	mscorlib
Array_System_Collections_IList_Clear_m1278271623	System.Void System.Array::System.Collections.IList.Clear()	mscorlib
Array_System_Collections_IList_Contains_m3297693594	System.Boolean System.Array::System.Collections.IList.Contains(System.Object)	mscorlib
Array_System_Collections_IList_IndexOf_m3301661616	System.Int32 System.Array::System.Collections.IList.IndexOf(System.Object)	mscorlib
Array_System_Collections_IList_Insert_m2476478913	System.Void System.Array::System.Collections.IList.Insert(System.Int32,System.Object)	mscorlib
Array_System_Collections_IList_Remove_m1479535418	System.Void System.Array::System.Collections.IList.Remove(System.Object)	mscorlib
Array_System_Collections_IList_RemoveAt_m41405158	System.Void System.Array::System.Collections.IList.RemoveAt(System.Int32)	mscorlib
Array_System_Collections_ICollection_get_Count_m415154915	System.Int32 System.Array::System.Collections.ICollection.get_Count()	mscorlib
Array_InternalArray__ICollection_get_Count_m2423031222	System.Int32 System.Array::InternalArray__ICollection_get_Count()	mscorlib
Array_InternalArray__ICollection_get_IsReadOnly_m4276975044	System.Boolean System.Array::InternalArray__ICollection_get_IsReadOnly()	mscorlib
Array_InternalArray__ICollection_Clear_m4058340337	System.Void System.Array::InternalArray__ICollection_Clear()	mscorlib
Array_InternalArray__RemoveAt_m616137314	System.Void System.Array::InternalArray__RemoveAt(System.Int32)	mscorlib
Array_get_Length_m21610649	System.Int32 System.Array::get_Length()	mscorlib
Array_get_LongLength_m978104875	System.Int64 System.Array::get_LongLength()	mscorlib
Array_get_Rank_m3448755881	System.Int32 System.Array::get_Rank()	mscorlib
Array_GetRank_m2893148338	System.Int32 System.Array::GetRank()	mscorlib
Array_GetLength_m2178203778	System.Int32 System.Array::GetLength(System.Int32)	mscorlib
Array_GetLongLength_m561139708	System.Int64 System.Array::GetLongLength(System.Int32)	mscorlib
Array_GetLowerBound_m2045984623	System.Int32 System.Array::GetLowerBound(System.Int32)	mscorlib
Array_GetValue_m120423883	System.Object System.Array::GetValue(System.Int32[])	mscorlib
Array_SetValue_m1804138688	System.Void System.Array::SetValue(System.Object,System.Int32[])	mscorlib
Array_GetValueImpl_m3048550958	System.Object System.Array::GetValueImpl(System.Int32)	mscorlib
Array_SetValueImpl_m2791230289	System.Void System.Array::SetValueImpl(System.Object,System.Int32)	mscorlib
Array_FastCopy_m1662204957	System.Boolean System.Array::FastCopy(System.Array,System.Int32,System.Array,System.Int32,System.Int32)	mscorlib
Array_CreateInstanceImpl_m1073152296	System.Array System.Array::CreateInstanceImpl(System.Type,System.Int32[],System.Int32[])	mscorlib
Array_get_IsSynchronized_m3066873806	System.Boolean System.Array::get_IsSynchronized()	mscorlib
Array_get_SyncRoot_m1984189992	System.Object System.Array::get_SyncRoot()	mscorlib
Array_get_IsFixedSize_m433207027	System.Boolean System.Array::get_IsFixedSize()	mscorlib
Array_get_IsReadOnly_m1420176977	System.Boolean System.Array::get_IsReadOnly()	mscorlib
Array_GetEnumerator_m4277730612	System.Collections.IEnumerator System.Array::GetEnumerator()	mscorlib
Array_GetUpperBound_m4018715963	System.Int32 System.Array::GetUpperBound(System.Int32)	mscorlib
Array_GetValue_m2528546681	System.Object System.Array::GetValue(System.Int32)	mscorlib
Array_GetValue_m352525925	System.Object System.Array::GetValue(System.Int32,System.Int32)	mscorlib
Array_GetValue_m793801589	System.Object System.Array::GetValue(System.Int32,System.Int32,System.Int32)	mscorlib
Array_GetValue_m2528415604	System.Object System.Array::GetValue(System.Int64)	mscorlib
Array_GetValue_m4249310555	System.Object System.Array::GetValue(System.Int64,System.Int64)	mscorlib
Array_GetValue_m1062368071	System.Object System.Array::GetValue(System.Int64,System.Int64,System.Int64)	mscorlib
Array_SetValue_m3412648248	System.Void System.Array::SetValue(System.Object,System.Int64)	mscorlib
Array_SetValue_m394135409	System.Void System.Array::SetValue(System.Object,System.Int64,System.Int64)	mscorlib
Array_SetValue_m282347242	System.Void System.Array::SetValue(System.Object,System.Int64,System.Int64,System.Int64)	mscorlib
Array_SetValue_m3412255035	System.Void System.Array::SetValue(System.Object,System.Int32)	mscorlib
Array_SetValue_m3998268557	System.Void System.Array::SetValue(System.Object,System.Int32,System.Int32)	mscorlib
Array_SetValue_m2601781200	System.Void System.Array::SetValue(System.Object,System.Int32,System.Int32,System.Int32)	mscorlib
Array_CreateInstance_m2750085942	System.Array System.Array::CreateInstance(System.Type,System.Int32)	mscorlib
Array_CreateInstance_m1740754882	System.Array System.Array::CreateInstance(System.Type,System.Int32,System.Int32)	mscorlib
Array_CreateInstance_m2696293787	System.Array System.Array::CreateInstance(System.Type,System.Int32,System.Int32,System.Int32)	mscorlib
Array_CreateInstance_m2175520447	System.Array System.Array::CreateInstance(System.Type,System.Int32[])	mscorlib
Array_CreateInstance_m3395539612	System.Array System.Array::CreateInstance(System.Type,System.Int32[],System.Int32[])	mscorlib
Array_GetIntArray_m1205726566	System.Int32[] System.Array::GetIntArray(System.Int64[])	mscorlib
Array_CreateInstance_m1027597705	System.Array System.Array::CreateInstance(System.Type,System.Int64[])	mscorlib
Array_GetValue_m116098292	System.Object System.Array::GetValue(System.Int64[])	mscorlib
Array_SetValue_m1817114699	System.Void System.Array::SetValue(System.Object,System.Int64[])	mscorlib
Array_BinarySearch_m687718979	System.Int32 System.Array::BinarySearch(System.Array,System.Object)	mscorlib
Array_BinarySearch_m157235616	System.Int32 System.Array::BinarySearch(System.Array,System.Object,System.Collections.IComparer)	mscorlib
Array_BinarySearch_m3171087170	System.Int32 System.Array::BinarySearch(System.Array,System.Int32,System.Int32,System.Object)	mscorlib
Array_BinarySearch_m1987924169	System.Int32 System.Array::BinarySearch(System.Array,System.Int32,System.Int32,System.Object,System.Collections.IComparer)	mscorlib
Array_DoBinarySearch_m3657328456	System.Int32 System.Array::DoBinarySearch(System.Array,System.Int32,System.Int32,System.Object,System.Collections.IComparer)	mscorlib
Array_Clear_m2231608178	System.Void System.Array::Clear(System.Array,System.Int32,System.Int32)	mscorlib
Array_ClearInternal_m532048538	System.Void System.Array::ClearInternal(System.Array,System.Int32,System.Int32)	mscorlib
Array_Clone_m2672907798	System.Object System.Array::Clone()	mscorlib
Array_Copy_m1988217701	System.Void System.Array::Copy(System.Array,System.Array,System.Int32)	mscorlib
Array_Copy_m344457298	System.Void System.Array::Copy(System.Array,System.Int32,System.Array,System.Int32,System.Int32)	mscorlib
Array_Copy_m514679699	System.Void System.Array::Copy(System.Array,System.Int64,System.Array,System.Int64,System.Int64)	mscorlib
Array_Copy_m1988610914	System.Void System.Array::Copy(System.Array,System.Array,System.Int64)	mscorlib
Array_IndexOf_m1714973386	System.Int32 System.Array::IndexOf(System.Array,System.Object)	mscorlib
Array_IndexOf_m2527777724	System.Int32 System.Array::IndexOf(System.Array,System.Object,System.Int32)	mscorlib
Array_IndexOf_m2805394078	System.Int32 System.Array::IndexOf(System.Array,System.Object,System.Int32,System.Int32)	mscorlib
Array_Initialize_m3004991267	System.Void System.Array::Initialize()	mscorlib
Array_LastIndexOf_m1426784917	System.Int32 System.Array::LastIndexOf(System.Array,System.Object)	mscorlib
Array_LastIndexOf_m3999123122	System.Int32 System.Array::LastIndexOf(System.Array,System.Object,System.Int32)	mscorlib
Array_LastIndexOf_m707980579	System.Int32 System.Array::LastIndexOf(System.Array,System.Object,System.Int32,System.Int32)	mscorlib
Array_get_swapper_m3428716670	System.Array/Swapper System.Array::get_swapper(System.Array)	mscorlib
Array_Reverse_m3714848183	System.Void System.Array::Reverse(System.Array)	mscorlib
Array_Reverse_m816310962	System.Void System.Array::Reverse(System.Array,System.Int32,System.Int32)	mscorlib
Array_Sort_m3698291233	System.Void System.Array::Sort(System.Array)	mscorlib
Array_Sort_m459550270	System.Void System.Array::Sort(System.Array,System.Array)	mscorlib
Array_Sort_m870838517	System.Void System.Array::Sort(System.Array,System.Collections.IComparer)	mscorlib
Array_Sort_m3287581440	System.Void System.Array::Sort(System.Array,System.Int32,System.Int32)	mscorlib
Array_Sort_m3145621264	System.Void System.Array::Sort(System.Array,System.Array,System.Collections.IComparer)	mscorlib
Array_Sort_m2147377746	System.Void System.Array::Sort(System.Array,System.Array,System.Int32,System.Int32)	mscorlib
Array_Sort_m182264525	System.Void System.Array::Sort(System.Array,System.Int32,System.Int32,System.Collections.IComparer)	mscorlib
Array_Sort_m2934663614	System.Void System.Array::Sort(System.Array,System.Array,System.Int32,System.Int32,System.Collections.IComparer)	mscorlib
Array_int_swapper_m3830919681	System.Void System.Array::int_swapper(System.Int32,System.Int32)	mscorlib
Array_obj_swapper_m472969017	System.Void System.Array::obj_swapper(System.Int32,System.Int32)	mscorlib
Array_slow_swapper_m4116724811	System.Void System.Array::slow_swapper(System.Int32,System.Int32)	mscorlib
Array_double_swapper_m4135376022	System.Void System.Array::double_swapper(System.Int32,System.Int32)	mscorlib
Array_new_gap_m262136975	System.Int32 System.Array::new_gap(System.Int32)	mscorlib
Array_combsort_m3017221499	System.Void System.Array::combsort(System.Double[],System.Int32,System.Int32,System.Array/Swapper)	mscorlib
Array_combsort_m4052486289	System.Void System.Array::combsort(System.Int32[],System.Int32,System.Int32,System.Array/Swapper)	mscorlib
Array_combsort_m2745184932	System.Void System.Array::combsort(System.Char[],System.Int32,System.Int32,System.Array/Swapper)	mscorlib
Array_qsort_m3156569874	System.Void System.Array::qsort(System.Array,System.Array,System.Int32,System.Int32,System.Collections.IComparer)	mscorlib
Array_swap_m547389985	System.Void System.Array::swap(System.Array,System.Array,System.Int32,System.Int32)	mscorlib
Array_compare_m2837221808	System.Int32 System.Array::compare(System.Object,System.Object,System.Collections.IComparer)	mscorlib
Array_CopyTo_m225704097	System.Void System.Array::CopyTo(System.Array,System.Int32)	mscorlib
Array_CopyTo_m3358199659	System.Void System.Array::CopyTo(System.Array,System.Int64)	mscorlib
Array_ConstrainedCopy_m3673290180	System.Void System.Array::ConstrainedCopy(System.Array,System.Int32,System.Array,System.Int32,System.Int32)	mscorlib
SimpleEnumerator__ctor_m353509656	System.Void System.Array/SimpleEnumerator::.ctor(System.Array)	mscorlib
SimpleEnumerator_get_Current_m72361444	System.Object System.Array/SimpleEnumerator::get_Current()	mscorlib
SimpleEnumerator_MoveNext_m3097336207	System.Boolean System.Array/SimpleEnumerator::MoveNext()	mscorlib
SimpleEnumerator_Reset_m2182001888	System.Void System.Array/SimpleEnumerator::Reset()	mscorlib
SimpleEnumerator_Clone_m1890729616	System.Object System.Array/SimpleEnumerator::Clone()	mscorlib
Swapper__ctor_m3019156154	System.Void System.Array/Swapper::.ctor(System.Object,System.IntPtr)	mscorlib
Swapper_Invoke_m2596472750	System.Void System.Array/Swapper::Invoke(System.Int32,System.Int32)	mscorlib
Swapper_BeginInvoke_m1688449973	System.IAsyncResult System.Array/Swapper::BeginInvoke(System.Int32,System.Int32,System.AsyncCallback,System.Object)	mscorlib
Swapper_EndInvoke_m1804951082	System.Void System.Array/Swapper::EndInvoke(System.IAsyncResult)	mscorlib
ArrayTypeMismatchException__ctor_m3375008173	System.Void System.ArrayTypeMismatchException::.ctor()	mscorlib
ArrayTypeMismatchException__ctor_m231257638	System.Void System.ArrayTypeMismatchException::.ctor(System.String)	mscorlib
ArrayTypeMismatchException__ctor_m2621976975	System.Void System.ArrayTypeMismatchException::.ctor(System.Runtime.Serialization.SerializationInfo,System.Runtime.Serialization.StreamingContext)	mscorlib
AssemblyLoadEventHandler__ctor_m896828968	System.Void System.AssemblyLoadEventHandler::.ctor(System.Object,System.IntPtr)	mscorlib
AssemblyLoadEventHandler_Invoke_m1462077361	System.Void System.AssemblyLoadEventHandler::Invoke(System.Object,System.AssemblyLoadEventArgs)	mscorlib
AssemblyLoadEventHandler_BeginInvoke_m1281107466	System.IAsyncResult System.AssemblyLoadEventHandler::BeginInvoke(System.Object,System.AssemblyLoadEventArgs,System.AsyncCallback,System.Object)	mscorlib
AssemblyLoadEventHandler_EndInvoke_m18714231	System.Void System.AssemblyLoadEventHandler::EndInvoke(System.IAsyncResult)	mscorlib
AsyncCallback__ctor_m530647953	System.Void System.AsyncCallback::.ctor(System.Object,System.IntPtr)	mscorlib
AsyncCallback_Invoke_m3156993048	System.Void System.AsyncCallback::Invoke(System.IAsyncResult)	mscorlib
AsyncCallback_BeginInvoke_m2710486612	System.IAsyncResult System.AsyncCallback::BeginInvoke(System.IAsyncResult,System.AsyncCallback,System.Object)	mscorlib
AsyncCallback_EndInvoke_m1460833738	System.Void System.AsyncCallback::EndInvoke(System.IAsyncResult)	mscorlib
Attribute__ctor_m1529526131	System.Void System.Attribute::.ctor()	mscorlib
Attribute_CheckParameters_m456532822	System.Void System.Attribute::CheckParameters(System.Object,System.Type)	mscorlib
Attribute_GetCustomAttribute_m4034845276	System.Attribute System.Attribute::GetCustomAttribute(System.Reflection.MemberInfo,System.Type)	mscorlib
Attribute_GetCustomAttribute_m1244111375	System.Attribute System.Attribute::GetCustomAttribute(System.Reflection.MemberInfo,System.Type,System.Boolean)	mscorlib
Attribute_GetHashCode_m2508706224	System.Int32 System.Attribute::GetHashCode()	mscorlib
Attribute_IsDefined_m4069052474	System.Boolean System.Attribute::IsDefined(System.Reflection.ParameterInfo,System.Type)	mscorlib
Attribute_IsDefined_m3363303722	System.Boolean System.Attribute::IsDefined(System.Reflection.MemberInfo,System.Type)	mscorlib
Attribute_IsDefined_m1430686743	System.Boolean System.Attribute::IsDefined(System.Reflection.MemberInfo,System.Type,System.Boolean)	mscorlib
Attribute_IsDefined_m3355705882	System.Boolean System.Attribute::IsDefined(System.Reflection.ParameterInfo,System.Type,System.Boolean)	mscorlib
Attribute_Equals_m710241514	System.Boolean System.Attribute::Equals(System.Object)	mscorlib
AttributeUsageAttribute__ctor_m3683365572	System.Void System.AttributeUsageAttribute::.ctor(System.AttributeTargets)	mscorlib
AttributeUsageAttribute_get_AllowMultiple_m2247746686	System.Boolean System.AttributeUsageAttribute::get_AllowMultiple()	mscorlib
AttributeUsageAttribute_set_AllowMultiple_m625992462	System.Void System.AttributeUsageAttribute::set_AllowMultiple(System.Boolean)	mscorlib
AttributeUsageAttribute_get_Inherited_m2911062450	System.Boolean System.AttributeUsageAttribute::get_Inherited()	mscorlib
AttributeUsageAttribute_set_Inherited_m1799999820	System.Void System.AttributeUsageAttribute::set_Inherited(System.Boolean)	mscorlib
BitConverter__cctor_m3841343255	System.Void System.BitConverter::.cctor()	mscorlib
BitConverter_AmILittleEndian_m4092412670	System.Boolean System.BitConverter::AmILittleEndian()	mscorlib
BitConverter_DoubleWordsAreSwapped_m1474345095	System.Boolean System.BitConverter::DoubleWordsAreSwapped()	mscorlib
BitConverter_DoubleToInt64Bits_m3574395137	System.Int64 System.BitConverter::DoubleToInt64Bits(System.Double)	mscorlib
BitConverter_GetBytes_m2120707223	System.Byte[] System.BitConverter::GetBytes(System.Byte*,System.Int32)	mscorlib
BitConverter_GetBytes_m3693159656	System.Byte[] System.BitConverter::GetBytes(System.Double)	mscorlib
BitConverter_PutBytes_m2614286581	System.Void System.BitConverter::PutBytes(System.Byte*,System.Byte[],System.Int32,System.Int32)	mscorlib
BitConverter_ToInt64_m349022421	System.Int64 System.BitConverter::ToInt64(System.Byte[],System.Int32)	mscorlib
BitConverter_ToString_m3464863163	System.String System.BitConverter::ToString(System.Byte[])	mscorlib
BitConverter_ToString_m3439099539	System.String System.BitConverter::ToString(System.Byte[],System.Int32,System.Int32)	mscorlib
Boolean__cctor_m1091629305	System.Void System.Boolean::.cctor()	mscorlib
Boolean_System_IConvertible_ToType_m2078828242_AdjustorThunk	System.Object System.Boolean::System.IConvertible.ToType(System.Type,System.IFormatProvider)	mscorlib
Boolean_System_IConvertible_ToBoolean_m422934902_AdjustorThunk	System.Boolean System.Boolean::System.IConvertible.ToBoolean(System.IFormatProvider)	mscorlib
Boolean_System_IConvertible_ToByte_m3917074947_AdjustorThunk	System.Byte System.Boolean::System.IConvertible.ToByte(System.IFormatProvider)	mscorlib
Boolean_System_IConvertible_ToChar_m4279513009_AdjustorThunk	System.Char System.Boolean::System.IConvertible.ToChar(System.IFormatProvider)	mscorlib
Boolean_System_IConvertible_ToDateTime_m603510836_AdjustorThunk	System.DateTime System.Boolean::System.IConvertible.ToDateTime(System.IFormatProvider)	mscorlib
Boolean_System_IConvertible_ToDecimal_m3176932461_AdjustorThunk	System.Decimal System.Boolean::System.IConvertible.ToDecimal(System.IFormatProvider)	mscorlib
Boolean_System_IConvertible_ToDouble_m2859188631_AdjustorThunk	System.Double System.Boolean::System.IConvertible.ToDouble(System.IFormatProvider)	mscorlib
Boolean_System_IConvertible_ToInt16_m973746887_AdjustorThunk	System.Int16 System.Boolean::System.IConvertible.ToInt16(System.IFormatProvider)	mscorlib
Boolean_System_IConvertible_ToInt32_m1127498050_AdjustorThunk	System.Int32 System.Boolean::System.IConvertible.ToInt32(System.IFormatProvider)	mscorlib
Boolean_System_IConvertible_ToInt64_m2059204559_AdjustorThunk	System.Int64 System.Boolean::System.IConvertible.ToInt64(System.IFormatProvider)	mscorlib
Boolean_System_IConvertible_ToSByte_m806999_AdjustorThunk	System.SByte System.Boolean::System.IConvertible.ToSByte(System.IFormatProvider)	mscorlib
Boolean_System_IConvertible_ToSingle_m1524606222_AdjustorThunk	System.Single System.Boolean::System.IConvertible.ToSingle(System.IFormatProvider)	mscorlib
Boolean_System_IConvertible_ToUInt16_m3465173538_AdjustorThunk	System.UInt16 System.Boolean::System.IConvertible.ToUInt16(System.IFormatProvider)	mscorlib
Boolean_System_IConvertible_ToUInt32_m2723177447_AdjustorThunk	System.UInt32 System.Boolean::System.IConvertible.ToUInt32(System.IFormatProvider)	mscorlib
Boolean_System_IConvertible_ToUInt64_m1739877596_AdjustorThunk	System.UInt64 System.Boolean::System.IConvertible.ToUInt64(System.IFormatProvider)	mscorlib
Boolean_CompareTo_m3665076258_AdjustorThunk	System.Int32 System.Boolean::CompareTo(System.Object)	mscorlib
Boolean_Equals_m2410333903_AdjustorThunk	System.Boolean System.Boolean::Equals(System.Object)	mscorlib
Boolean_CompareTo_m3774767002_AdjustorThunk	System.Int32 System.Boolean::CompareTo(System.Boolean)	mscorlib
Boolean_Equals_m535526264_AdjustorThunk	System.Boolean System.Boolean::Equals(System.Boolean)	mscorlib
Boolean_GetHashCode_m3167312162_AdjustorThunk	System.Int32 System.Boolean::GetHashCode()	mscorlib
Boolean_Parse_m2370352694	System.Boolean System.Boolean::Parse(System.String)	mscorlib
Boolean_ToString_m2664721875_AdjustorThunk	System.String System.Boolean::ToString()	mscorlib
Boolean_GetTypeCode_m403835824_AdjustorThunk	System.TypeCode System.Boolean::GetTypeCode()	mscorlib
Boolean_ToString_m663098404_AdjustorThunk	System.String System.Boolean::ToString(System.IFormatProvider)	mscorlib
Buffer_ByteLength_m2639516074	System.Int32 System.Buffer::ByteLength(System.Array)	mscorlib
Buffer_BlockCopy_m2884209081	System.Void System.Buffer::BlockCopy(System.Array,System.Int32,System.Array,System.Int32,System.Int32)	mscorlib
Buffer_ByteLengthInternal_m1388208719	System.Int32 System.Buffer::ByteLengthInternal(System.Array)	mscorlib
Buffer_BlockCopyInternal_m418318694	System.Boolean System.Buffer::BlockCopyInternal(System.Array,System.Int32,System.Array,System.Int32,System.Int32)	mscorlib
Byte_System_IConvertible_ToType_m2251112646_AdjustorThunk	System.Object System.Byte::System.IConvertible.ToType(System.Type,System.IFormatProvider)	mscorlib
Byte_System_IConvertible_ToBoolean_m2888023769_AdjustorThunk	System.Boolean System.Byte::System.IConvertible.ToBoolean(System.IFormatProvider)	mscorlib
Byte_System_IConvertible_ToByte_m162267264_AdjustorThunk	System.Byte System.Byte::System.IConvertible.ToByte(System.IFormatProvider)	mscorlib
Byte_System_IConvertible_ToChar_m2173687830_AdjustorThunk	System.Char System.Byte::System.IConvertible.ToChar(System.IFormatProvider)	mscorlib
Byte_System_IConvertible_ToDateTime_m3654084722_AdjustorThunk	System.DateTime System.Byte::System.IConvertible.ToDateTime(System.IFormatProvider)	mscorlib
Byte_System_IConvertible_ToDecimal_m3746192770_AdjustorThunk	System.Decimal System.Byte::System.IConvertible.ToDecimal(System.IFormatProvider)	mscorlib
Byte_System_IConvertible_ToDouble_m1540319472_AdjustorThunk	System.Double System.Byte::System.IConvertible.ToDouble(System.IFormatProvider)	mscorlib
Byte_System_IConvertible_ToInt16_m4136764794_AdjustorThunk	System.Int16 System.Byte::System.IConvertible.ToInt16(System.IFormatProvider)	mscorlib
Byte_System_IConvertible_ToInt32_m3495522413_AdjustorThunk	System.Int32 System.Byte::System.IConvertible.ToInt32(System.IFormatProvider)	mscorlib
Byte_System_IConvertible_ToInt64_m285584218_AdjustorThunk	System.Int64 System.Byte::System.IConvertible.ToInt64(System.IFormatProvider)	mscorlib
Byte_System_IConvertible_ToSByte_m1869482168_AdjustorThunk	System.SByte System.Byte::System.IConvertible.ToSByte(System.IFormatProvider)	mscorlib
Byte_System_IConvertible_ToSingle_m324484566_AdjustorThunk	System.Single System.Byte::System.IConvertible.ToSingle(System.IFormatProvider)	mscorlib
Byte_System_IConvertible_ToUInt16_m1879180133_AdjustorThunk	System.UInt16 System.Byte::System.IConvertible.ToUInt16(System.IFormatProvider)	mscorlib
Byte_System_IConvertible_ToUInt32_m1049546902_AdjustorThunk	System.UInt32 System.Byte::System.IConvertible.ToUInt32(System.IFormatProvider)	mscorlib
Byte_System_IConvertible_ToUInt64_m371883985_AdjustorThunk	System.UInt64 System.Byte::System.IConvertible.ToUInt64(System.IFormatProvider)	mscorlib
Byte_CompareTo_m4285128861_AdjustorThunk	System.Int32 System.Byte::CompareTo(System.Object)	mscorlib
Byte_Equals_m1161982810_AdjustorThunk	System.Boolean System.Byte::Equals(System.Object)	mscorlib
Byte_GetHashCode_m850171870_AdjustorThunk	System.Int32 System.Byte::GetHashCode()	mscorlib
Byte_CompareTo_m4207847027_AdjustorThunk	System.Int32 System.Byte::CompareTo(System.Byte)	mscorlib
Byte_Equals_m2522165325_AdjustorThunk	System.Boolean System.Byte::Equals(System.Byte)	mscorlib
Byte_Parse_m2607942050	System.Byte System.Byte::Parse(System.String,System.IFormatProvider)	mscorlib
Byte_Parse_m3200377149	System.Byte System.Byte::Parse(System.String,System.Globalization.NumberStyles,System.IFormatProvider)	mscorlib
Byte_Parse_m678312347	System.Byte System.Byte::Parse(System.String)	mscorlib
Byte_TryParse_m1615417784	System.Boolean System.Byte::TryParse(System.String,System.Byte&)	mscorlib
Byte_TryParse_m1467448483	System.Boolean System.Byte::TryParse(System.String,System.Globalization.NumberStyles,System.IFormatProvider,System.Byte&)	mscorlib
Byte_ToString_m721125428_AdjustorThunk	System.String System.Byte::ToString()	mscorlib
Byte_ToString_m3735479648_AdjustorThunk	System.String System.Byte::ToString(System.String)	mscorlib
Byte_ToString_m2335342258_AdjustorThunk	System.String System.Byte::ToString(System.IFormatProvider)	mscorlib
Byte_ToString_m4063101981_AdjustorThunk	System.String System.Byte::ToString(System.String,System.IFormatProvider)	mscorlib
Char__cctor_m2787437263	System.Void System.Char::.cctor()	mscorlib
Char_System_IConvertible_ToType_m4138905176_AdjustorThunk	System.Object System.Char::System.IConvertible.ToType(System.Type,System.IFormatProvider)	mscorlib
Char_System_IConvertible_ToBoolean_m309214875_AdjustorThunk	System.Boolean System.Char::System.IConvertible.ToBoolean(System.IFormatProvider)	mscorlib
Char_System_IConvertible_ToByte_m2347554595_AdjustorThunk	System.Byte System.Char::System.IConvertible.ToByte(System.IFormatProvider)	mscorlib
Char_System_IConvertible_ToChar_m3578899883_AdjustorThunk	System.Char System.Char::System.IConvertible.ToChar(System.IFormatProvider)	mscorlib
Char_System_IConvertible_ToDateTime_m3564102661_AdjustorThunk	System.DateTime System.Char::System.IConvertible.ToDateTime(System.IFormatProvider)	mscorlib
Char_System_IConvertible_ToDecimal_m3534906463_AdjustorThunk	System.Decimal System.Char::System.IConvertible.ToDecimal(System.IFormatProvider)	mscorlib
Char_System_IConvertible_ToDouble_m3575321888_AdjustorThunk	System.Double System.Char::System.IConvertible.ToDouble(System.IFormatProvider)	mscorlib
Char_System_IConvertible_ToInt16_m975497224_AdjustorThunk	System.Int16 System.Char::System.IConvertible.ToInt16(System.IFormatProvider)	mscorlib
Char_System_IConvertible_ToInt32_m1777243200_AdjustorThunk	System.Int32 System.Char::System.IConvertible.ToInt32(System.IFormatProvider)	mscorlib
Char_System_IConvertible_ToInt64_m1630543716_AdjustorThunk	System.Int64 System.Char::System.IConvertible.ToInt64(System.IFormatProvider)	mscorlib
Char_System_IConvertible_ToSByte_m973063527_AdjustorThunk	System.SByte System.Char::System.IConvertible.ToSByte(System.IFormatProvider)	mscorlib
Char_System_IConvertible_ToSingle_m2690985411_AdjustorThunk	System.Single System.Char::System.IConvertible.ToSingle(System.IFormatProvider)	mscorlib
Char_System_IConvertible_ToUInt16_m2449138174_AdjustorThunk	System.UInt16 System.Char::System.IConvertible.ToUInt16(System.IFormatProvider)	mscorlib
Char_System_IConvertible_ToUInt32_m3901815580_AdjustorThunk	System.UInt32 System.Char::System.IConvertible.ToUInt32(System.IFormatProvider)	mscorlib
Char_System_IConvertible_ToUInt64_m3536560782_AdjustorThunk	System.UInt64 System.Char::System.IConvertible.ToUInt64(System.IFormatProvider)	mscorlib
Char_GetDataTablePointers_m754571594	System.Void System.Char::GetDataTablePointers(System.Byte*&,System.Byte*&,System.Double*&,System.UInt16*&,System.UInt16*&,System.UInt16*&,System.UInt16*&)	mscorlib
Char_CompareTo_m42489266_AdjustorThunk	System.Int32 System.Char::CompareTo(System.Object)	mscorlib
Char_Equals_m1279957088_AdjustorThunk	System.Boolean System.Char::Equals(System.Object)	mscorlib
Char_CompareTo_m1035527789_AdjustorThunk	System.Int32 System.Char::CompareTo(System.Char)	mscorlib
Char_Equals_m198757577_AdjustorThunk	System.Boolean System.Char::Equals(System.Char)	mscorlib
Char_GetHashCode_m2163065211_AdjustorThunk	System.Int32 System.Char::GetHashCode()	mscorlib
Char_GetUnicodeCategory_m57882613	System.Globalization.UnicodeCategory System.Char::GetUnicodeCategory(System.Char)	mscorlib
Char_IsDigit_m3646673943	System.Boolean System.Char::IsDigit(System.Char)	mscorlib
Char_IsLetter_m3996985877	System.Boolean System.Char::IsLetter(System.Char)	mscorlib
Char_IsLetterOrDigit_m3494175785	System.Boolean System.Char::IsLetterOrDigit(System.Char)	mscorlib
Char_IsLower_m3108076820	System.Boolean System.Char::IsLower(System.Char)	mscorlib
Char_IsSurrogate_m3686972571	System.Boolean System.Char::IsSurrogate(System.Char)	mscorlib
Char_IsUpper_m3564669513	System.Boolean System.Char::IsUpper(System.Char)	mscorlib
Char_IsWhiteSpace_m2148390798	System.Boolean System.Char::IsWhiteSpace(System.Char)	mscorlib
Char_IsWhiteSpace_m3213701995	System.Boolean System.Char::IsWhiteSpace(System.String,System.Int32)	mscorlib
Char_CheckParameter_m4114020212	System.Void System.Char::CheckParameter(System.String,System.Int32)	mscorlib
Char_Parse_m82218915	System.Char System.Char::Parse(System.String)	mscorlib
Char_ToLower_m844856331	System.Char System.Char::ToLower(System.Char)	mscorlib
Char_ToLowerInvariant_m1926695830	System.Char System.Char::ToLowerInvariant(System.Char)	mscorlib
Char_ToLower_m3999837485	System.Char System.Char::ToLower(System.Char,System.Globalization.CultureInfo)	mscorlib
Char_ToUpper_m3999570441	System.Char System.Char::ToUpper(System.Char)	mscorlib
Char_ToUpperInvariant_m3658711221	System.Char System.Char::ToUpperInvariant(System.Char)	mscorlib
Char_ToString_m3588025615_AdjustorThunk	System.String System.Char::ToString()	mscorlib
Char_ToString_m278452217_AdjustorThunk	System.String System.Char::ToString(System.IFormatProvider)	mscorlib
Char_GetTypeCode_m2433327340_AdjustorThunk	System.TypeCode System.Char::GetTypeCode()	mscorlib
CharEnumerator__ctor_m3465358752	System.Void System.CharEnumerator::.ctor(System.String)	mscorlib
CharEnumerator_System_Collections_IEnumerator_get_Current_m1328529384	System.Object System.CharEnumerator::System.Collections.IEnumerator.get_Current()	mscorlib
CharEnumerator_System_IDisposable_Dispose_m1750532533	System.Void System.CharEnumerator::System.IDisposable.Dispose()	mscorlib
CharEnumerator_get_Current_m525608209	System.Char System.CharEnumerator::get_Current()	mscorlib
CharEnumerator_Clone_m1884400089	System.Object System.CharEnumerator::Clone()	mscorlib
CharEnumerator_MoveNext_m599189179	System.Boolean System.CharEnumerator::MoveNext()	mscorlib
CharEnumerator_Reset_m2829582932	System.Void System.CharEnumerator::Reset()	mscorlib
CLSCompliantAttribute__ctor_m581760440	System.Void System.CLSCompliantAttribute::.ctor(System.Boolean)	mscorlib
ArrayList__ctor_m4254721275	System.Void System.Collections.ArrayList::.ctor()	mscorlib
ArrayList__ctor_m2130986447	System.Void System.Collections.ArrayList::.ctor(System.Collections.ICollection)	mscorlib
ArrayList__ctor_m3828927650	System.Void System.Collections.ArrayList::.ctor(System.Int32)	mscorlib
ArrayList__ctor_m2075768692	System.Void System.Collections.ArrayList::.ctor(System.Object[],System.Int32,System.Int32)	mscorlib
ArrayList__cctor_m3052737821	System.Void System.Collections.ArrayList::.cctor()	mscorlib
ArrayList_get_Item_m3820278660	System.Object System.Collections.ArrayList::get_Item(System.Int32)	mscorlib
ArrayList_set_Item_m2003485935	System.Void System.Collections.ArrayList::set_Item(System.Int32,System.Object)	mscorlib
ArrayList_get_Count_m1015046493	System.Int32 System.Collections.ArrayList::get_Count()	mscorlib
ArrayList_get_Capacity_m431818936	System.Int32 System.Collections.ArrayList::get_Capacity()	mscorlib
ArrayList_set_Capacity_m1058991803	System.Void System.Collections.ArrayList::set_Capacity(System.Int32)	mscorlib
ArrayList_get_IsFixedSize_m24366329	System.Boolean System.Collections.ArrayList::get_IsFixedSize()	mscorlib
ArrayList_get_IsReadOnly_m913775115	System.Boolean System.Collections.ArrayList::get_IsReadOnly()	mscorlib
ArrayList_get_IsSynchronized_m854316597	System.Boolean System.Collections.ArrayList::get_IsSynchronized()	mscorlib
ArrayList_get_SyncRoot_m2222042655	System.Object System.Collections.ArrayList::get_SyncRoot()	mscorlib
ArrayList_EnsureCapacity_m3016383533	System.Void System.Collections.ArrayList::EnsureCapacity(System.Int32)	mscorlib
ArrayList_Shift_m395607654	System.Void System.Collections.ArrayList::Shift(System.Int32,System.Int32)	mscorlib
ArrayList_Add_m730026926	System.Int32 System.Collections.ArrayList::Add(System.Object)	mscorlib
ArrayList_Clear_m3564447992	System.Void System.Collections.ArrayList::Clear()	mscorlib
ArrayList_Contains_m974354901	System.Boolean System.Collections.ArrayList::Contains(System.Object)	mscorlib
ArrayList_IndexOf_m771193320	System.Int32 System.Collections.ArrayList::IndexOf(System.Object)	mscorlib
ArrayList_IndexOf_m305368842	System.Int32 System.Collections.ArrayList::IndexOf(System.Object,System.Int32)	mscorlib
ArrayList_IndexOf_m1052788661	System.Int32 System.Collections.ArrayList::IndexOf(System.Object,System.Int32,System.Int32)	mscorlib
ArrayList_Insert_m3524057793	System.Void System.Collections.ArrayList::Insert(System.Int32,System.Object)	mscorlib
ArrayList_InsertRange_m1740766984	System.Void System.Collections.ArrayList::InsertRange(System.Int32,System.Collections.ICollection)	mscorlib
ArrayList_Remove_m4274871153	System.Void System.Collections.ArrayList::Remove(System.Object)	mscorlib
ArrayList_RemoveAt_m761734947	System.Void System.Collections.ArrayList::RemoveAt(System.Int32)	mscorlib
ArrayList_CopyTo_m3530931172	System.Void System.Collections.ArrayList::CopyTo(System.Array)	mscorlib
ArrayList_CopyTo_m3962521159	System.Void System.Collections.ArrayList::CopyTo(System.Array,System.Int32)	mscorlib
ArrayList_CopyTo_m3105450421	System.Void System.Collections.ArrayList::CopyTo(System.Int32,System.Array,System.Int32,System.Int32)	mscorlib
ArrayList_GetEnumerator_m3176119603	System.Collections.IEnumerator System.Collections.ArrayList::GetEnumerator()	mscorlib
ArrayList_AddRange_m3758299474	System.Void System.Collections.ArrayList::AddRange(System.Collections.ICollection)	mscorlib
ArrayList_Sort_m582560637	System.Void System.Collections.ArrayList::Sort()	mscorlib
ArrayList_Sort_m4234055499	System.Void System.Collections.ArrayList::Sort(System.Collections.IComparer)	mscorlib
ArrayList_ToArray_m3827492363	System.Object[] System.Collections.ArrayList::ToArray()	mscorlib
ArrayList_ToArray_m3439706433	System.Array System.Collections.ArrayList::ToArray(System.Type)	mscorlib
ArrayList_Clone_m2682741233	System.Object System.Collections.ArrayList::Clone()	mscorlib
ArrayList_ThrowNewArgumentOutOfRangeException_m3110627888	System.Void System.Collections.ArrayList::ThrowNewArgumentOutOfRangeException(System.String,System.Object,System.String)	mscorlib
ArrayList_Synchronized_m1327684267	System.Collections.ArrayList System.Collections.ArrayList::Synchronized(System.Collections.ArrayList)	mscorlib
ArrayList_ReadOnly_m1905796817	System.Collections.ArrayList System.Collections.ArrayList::ReadOnly(System.Collections.ArrayList)	mscorlib
ArrayListWrapper__ctor_m970192266	System.Void System.Collections.ArrayList/ArrayListWrapper::.ctor(System.Collections.ArrayList)	mscorlib
ArrayListWrapper_get_Item_m1313829881	System.Object System.Collections.ArrayList/ArrayListWrapper::get_Item(System.Int32)	mscorlib
ArrayListWrapper_set_Item_m3849584877	System.Void System.Collections.ArrayList/ArrayListWrapper::set_Item(System.Int32,System.Object)	mscorlib
ArrayListWrapper_get_Count_m3954826285	System.Int32 System.Collections.ArrayList/ArrayListWrapper::get_Count()	mscorlib
ArrayListWrapper_get_Capacity_m51087796	System.Int32 System.Collections.ArrayList/ArrayListWrapper::get_Capacity()	mscorlib
ArrayListWrapper_set_Capacity_m2373297383	System.Void System.Collections.ArrayList/ArrayListWrapper::set_Capacity(System.Int32)	mscorlib
ArrayListWrapper_get_IsFixedSize_m4019080667	System.Boolean System.Collections.ArrayList/ArrayListWrapper::get_IsFixedSize()	mscorlib
ArrayListWrapper_get_IsReadOnly_m322171850	System.Boolean System.Collections.ArrayList/ArrayListWrapper::get_IsReadOnly()	mscorlib
ArrayListWrapper_get_IsSynchronized_m877742690	System.Boolean System.Collections.ArrayList/ArrayListWrapper::get_IsSynchronized()	mscorlib
ArrayListWrapper_get_SyncRoot_m3460954073	System.Object System.Collections.ArrayList/ArrayListWrapper::get_SyncRoot()	mscorlib
ArrayListWrapper_Add_m1926015631	System.Int32 System.Collections.ArrayList/ArrayListWrapper::Add(System.Object)	mscorlib
ArrayListWrapper_Clear_m2625302714	System.Void System.Collections.ArrayList/ArrayListWrapper::Clear()	mscorlib
ArrayListWrapper_Contains_m2641184447	System.Boolean System.Collections.ArrayList/ArrayListWrapper::Contains(System.Object)	mscorlib
ArrayListWrapper_IndexOf_m4166445051	System.Int32 System.Collections.ArrayList/ArrayListWrapper::IndexOf(System.Object)	mscorlib
ArrayListWrapper_IndexOf_m3692065720	System.Int32 System.Collections.ArrayList/ArrayListWrapper::IndexOf(System.Object,System.Int32)	mscorlib
ArrayListWrapper_IndexOf_m3995939336	System.Int32 System.Collections.ArrayList/ArrayListWrapper::IndexOf(System.Object,System.Int32,System.Int32)	mscorlib
ArrayListWrapper_Insert_m121888774	System.Void System.Collections.ArrayList/ArrayListWrapper::Insert(System.Int32,System.Object)	mscorlib
ArrayListWrapper_InsertRange_m3525676562	System.Void System.Collections.ArrayList/ArrayListWrapper::InsertRange(System.Int32,System.Collections.ICollection)	mscorlib
ArrayListWrapper_Remove_m3759993909	System.Void System.Collections.ArrayList/ArrayListWrapper::Remove(System.Object)	mscorlib
ArrayListWrapper_RemoveAt_m805762255	System.Void System.Collections.ArrayList/ArrayListWrapper::RemoveAt(System.Int32)	mscorlib
ArrayListWrapper_CopyTo_m2912068327	System.Void System.Collections.ArrayList/ArrayListWrapper::CopyTo(System.Array)	mscorlib
ArrayListWrapper_CopyTo_m3756520478	System.Void System.Collections.ArrayList/ArrayListWrapper::CopyTo(System.Array,System.Int32)	mscorlib
ArrayListWrapper_CopyTo_m498486826	System.Void System.Collections.ArrayList/ArrayListWrapper::CopyTo(System.Int32,System.Array,System.Int32,System.Int32)	mscorlib
ArrayListWrapper_GetEnumerator_m2336495952	System.Collections.IEnumerator System.Collections.ArrayList/ArrayListWrapper::GetEnumerator()	mscorlib
ArrayListWrapper_AddRange_m2748690765	System.Void System.Collections.ArrayList/ArrayListWrapper::AddRange(System.Collections.ICollection)	mscorlib
ArrayListWrapper_Clone_m1058391593	System.Object System.Collections.ArrayList/ArrayListWrapper::Clone()	mscorlib
ArrayListWrapper_Sort_m1587743350	System.Void System.Collections.ArrayList/ArrayListWrapper::Sort()	mscorlib
ArrayListWrapper_Sort_m876172478	System.Void System.Collections.ArrayList/ArrayListWrapper::Sort(System.Collections.IComparer)	mscorlib
ArrayListWrapper_ToArray_m1192575409	System.Object[] System.Collections.ArrayList/ArrayListWrapper::ToArray()	mscorlib
ArrayListWrapper_ToArray_m3192696690	System.Array System.Collections.ArrayList/ArrayListWrapper::ToArray(System.Type)	mscorlib
FixedSizeArrayListWrapper__ctor_m3150386652	System.Void System.Collections.ArrayList/FixedSizeArrayListWrapper::.ctor(System.Collections.ArrayList)	mscorlib
FixedSizeArrayListWrapper_get_ErrorMessage_m3049061776	System.String System.Collections.ArrayList/FixedSizeArrayListWrapper::get_ErrorMessage()	mscorlib
FixedSizeArrayListWrapper_get_Capacity_m484550855	System.Int32 System.Collections.ArrayList/FixedSizeArrayListWrapper::get_Capacity()	mscorlib
FixedSizeArrayListWrapper_set_Capacity_m4221053039	System.Void System.Collections.ArrayList/FixedSizeArrayListWrapper::set_Capacity(System.Int32)	mscorlib
FixedSizeArrayListWrapper_get_IsFixedSize_m418627565	System.Boolean System.Collections.ArrayList/FixedSizeArrayListWrapper::get_IsFixedSize()	mscorlib
FixedSizeArrayListWrapper_Add_m4066213493	System.Int32 System.Collections.ArrayList/FixedSizeArrayListWrapper::Add(System.Object)	mscorlib
FixedSizeArrayListWrapper_AddRange_m413351014	System.Void System.Collections.ArrayList/FixedSizeArrayListWrapper::AddRange(System.Collections.ICollection)	mscorlib
FixedSizeArrayListWrapper_Clear_m1544415003	System.Void System.Collections.ArrayList/FixedSizeArrayListWrapper::Clear()	mscorlib
FixedSizeArrayListWrapper_Insert_m723948816	System.Void System.Collections.ArrayList/FixedSizeArrayListWrapper::Insert(System.Int32,System.Object)	mscorlib
FixedSizeArrayListWrapper_InsertRange_m1706982628	System.Void System.Collections.ArrayList/FixedSizeArrayListWrapper::InsertRange(System.Int32,System.Collections.ICollection)	mscorlib
FixedSizeArrayListWrapper_Remove_m3827525800	System.Void System.Collections.ArrayList/FixedSizeArrayListWrapper::Remove(System.Object)	mscorlib
FixedSizeArrayListWrapper_RemoveAt_m3591870267	System.Void System.Collections.ArrayList/FixedSizeArrayListWrapper::RemoveAt(System.Int32)	mscorlib
ReadOnlyArrayListWrapper__ctor_m1527708879	System.Void System.Collections.ArrayList/ReadOnlyArrayListWrapper::.ctor(System.Collections.ArrayList)	mscorlib
ReadOnlyArrayListWrapper_get_ErrorMessage_m1121552994	System.String System.Collections.ArrayList/ReadOnlyArrayListWrapper::get_ErrorMessage()	mscorlib
ReadOnlyArrayListWrapper_get_IsReadOnly_m2332097348	System.Boolean System.Collections.ArrayList/ReadOnlyArrayListWrapper::get_IsReadOnly()	mscorlib
ReadOnlyArrayListWrapper_get_Item_m2341088672	System.Object System.Collections.ArrayList/ReadOnlyArrayListWrapper::get_Item(System.Int32)	mscorlib
ReadOnlyArrayListWrapper_set_Item_m1909157432	System.Void System.Collections.ArrayList/ReadOnlyArrayListWrapper::set_Item(System.Int32,System.Object)	mscorlib
ReadOnlyArrayListWrapper_Sort_m2577012511	System.Void System.Collections.ArrayList/ReadOnlyArrayListWrapper::Sort()	mscorlib
ReadOnlyArrayListWrapper_Sort_m2022378864	System.Void System.Collections.ArrayList/ReadOnlyArrayListWrapper::Sort(System.Collections.IComparer)	mscorlib
SimpleEnumerator__ctor_m917940076	System.Void System.Collections.ArrayList/SimpleEnumerator::.ctor(System.Collections.ArrayList)	mscorlib
SimpleEnumerator__cctor_m2844299657	System.Void System.Collections.ArrayList/SimpleEnumerator::.cctor()	mscorlib
SimpleEnumerator_Clone_m936565740	System.Object System.Collections.ArrayList/SimpleEnumerator::Clone()	mscorlib
SimpleEnumerator_MoveNext_m3113120129	System.Boolean System.Collections.ArrayList/SimpleEnumerator::MoveNext()	mscorlib
SimpleEnumerator_get_Current_m2439519409	System.Object System.Collections.ArrayList/SimpleEnumerator::get_Current()	mscorlib
SimpleEnumerator_Reset_m1520014659	System.Void System.Collections.ArrayList/SimpleEnumerator::Reset()	mscorlib
SynchronizedArrayListWrapper__ctor_m3368338124	System.Void System.Collections.ArrayList/SynchronizedArrayListWrapper::.ctor(System.Collections.ArrayList)	mscorlib
SynchronizedArrayListWrapper_get_Item_m4084958564	System.Object System.Collections.ArrayList/SynchronizedArrayListWrapper::get_Item(System.Int32)	mscorlib
SynchronizedArrayListWrapper_set_Item_m1979747874	System.Void System.Collections.ArrayList/SynchronizedArrayListWrapper::set_Item(System.Int32,System.Object)	mscorlib
SynchronizedArrayListWrapper_get_Count_m527215081	System.Int32 System.Collections.ArrayList/SynchronizedArrayListWrapper::get_Count()	mscorlib
SynchronizedArrayListWrapper_get_Capacity_m603836496	System.Int32 System.Collections.ArrayList/SynchronizedArrayListWrapper::get_Capacity()	mscorlib
SynchronizedArrayListWrapper_set_Capacity_m514089537	System.Void System.Collections.ArrayList/SynchronizedArrayListWrapper::set_Capacity(System.Int32)	mscorlib
SynchronizedArrayListWrapper_get_IsFixedSize_m3396437476	System.Boolean System.Collections.ArrayList/SynchronizedArrayListWrapper::get_IsFixedSize()	mscorlib
SynchronizedArrayListWrapper_get_IsReadOnly_m2240310664	System.Boolean System.Collections.ArrayList/SynchronizedArrayListWrapper::get_IsReadOnly()	mscorlib
SynchronizedArrayListWrapper_get_IsSynchronized_m3380436820	System.Boolean System.Collections.ArrayList/SynchronizedArrayListWrapper::get_IsSynchronized()	mscorlib
SynchronizedArrayListWrapper_get_SyncRoot_m3862302789	System.Object System.Collections.ArrayList/SynchronizedArrayListWrapper::get_SyncRoot()	mscorlib
SynchronizedArrayListWrapper_Add_m1623408305	System.Int32 System.Collections.ArrayList/SynchronizedArrayListWrapper::Add(System.Object)	mscorlib
SynchronizedArrayListWrapper_Clear_m2191301493	System.Void System.Collections.ArrayList/SynchronizedArrayListWrapper::Clear()	mscorlib
SynchronizedArrayListWrapper_Contains_m3809499313	System.Boolean System.Collections.ArrayList/SynchronizedArrayListWrapper::Contains(System.Object)	mscorlib
SynchronizedArrayListWrapper_IndexOf_m666666436	System.Int32 System.Collections.ArrayList/SynchronizedArrayListWrapper::IndexOf(System.Object)	mscorlib
SynchronizedArrayListWrapper_IndexOf_m1028529531	System.Int32 System.Collections.ArrayList/SynchronizedArrayListWrapper::IndexOf(System.Object,System.Int32)	mscorlib
SynchronizedArrayListWrapper_IndexOf_m3642674350	System.Int32 System.Collections.ArrayList/SynchronizedArrayListWrapper::IndexOf(System.Object,System.Int32,System.Int32)	mscorlib
SynchronizedArrayListWrapper_Insert_m1867902338	System.Void System.Collections.ArrayList/SynchronizedArrayListWrapper::Insert(System.Int32,System.Object)	mscorlib
SynchronizedArrayListWrapper_InsertRange_m2374130561	System.Void System.Collections.ArrayList/SynchronizedArrayListWrapper::InsertRange(System.Int32,System.Collections.ICollection)	mscorlib
SynchronizedArrayListWrapper_Remove_m47731590	System.Void System.Collections.ArrayList/SynchronizedArrayListWrapper::Remove(System.Object)	mscorlib
SynchronizedArrayListWrapper_RemoveAt_m122715760	System.Void System.Collections.ArrayList/SynchronizedArrayListWrapper::RemoveAt(System.Int32)	mscorlib
SynchronizedArrayListWrapper_CopyTo_m2886332653	System.Void System.Collections.ArrayList/SynchronizedArrayListWrapper::CopyTo(System.Array)	mscorlib
SynchronizedArrayListWrapper_CopyTo_m4207791406	System.Void System.Collections.ArrayList/SynchronizedArrayListWrapper::CopyTo(System.Array,System.Int32)	mscorlib
SynchronizedArrayListWrapper_CopyTo_m1305044270	System.Void System.Collections.ArrayList/SynchronizedArrayListWrapper::CopyTo(System.Int32,System.Array,System.Int32,System.Int32)	mscorlib
SynchronizedArrayListWrapper_GetEnumerator_m1579424644	System.Collections.IEnumerator System.Collections.ArrayList/SynchronizedArrayListWrapper::GetEnumerator()	mscorlib
SynchronizedArrayListWrapper_AddRange_m4141530892	System.Void System.Collections.ArrayList/SynchronizedArrayListWrapper::AddRange(System.Collections.ICollection)	mscorlib
SynchronizedArrayListWrapper_Clone_m1959734504	System.Object System.Collections.ArrayList/SynchronizedArrayListWrapper::Clone()	mscorlib
SynchronizedArrayListWrapper_Sort_m275448700	System.Void System.Collections.ArrayList/SynchronizedArrayListWrapper::Sort()	mscorlib
SynchronizedArrayListWrapper_Sort_m575592975	System.Void System.Collections.ArrayList/SynchronizedArrayListWrapper::Sort(System.Collections.IComparer)	mscorlib
SynchronizedArrayListWrapper_ToArray_m2419932249	System.Object[] System.Collections.ArrayList/SynchronizedArrayListWrapper::ToArray()	mscorlib
SynchronizedArrayListWrapper_ToArray_m1519105559	System.Array System.Collections.ArrayList/SynchronizedArrayListWrapper::ToArray(System.Type)	mscorlib
BitArray__ctor_m2765908219	System.Void System.Collections.BitArray::.ctor(System.Collections.BitArray)	mscorlib
BitArray__ctor_m52841262	System.Void System.Collections.BitArray::.ctor(System.Int32)	mscorlib
BitArray_getByte_m2467886923	System.Byte System.Collections.BitArray::getByte(System.Int32)	mscorlib
BitArray_get_Count_m3250012040	System.Int32 System.Collections.BitArray::get_Count()	mscorlib
BitArray_get_IsSynchronized_m3546284417	System.Boolean System.Collections.BitArray::get_IsSynchronized()	mscorlib
BitArray_get_Item_m2970562587	System.Boolean System.Collections.BitArray::get_Item(System.Int32)	mscorlib
BitArray_set_Item_m3453667491	System.Void System.Collections.BitArray::set_Item(System.Int32,System.Boolean)	mscorlib
BitArray_get_Length_m3181964206	System.Int32 System.Collections.BitArray::get_Length()	mscorlib
BitArray_get_SyncRoot_m680463907	System.Object System.Collections.BitArray::get_SyncRoot()	mscorlib
BitArray_Clone_m3537018332	System.Object System.Collections.BitArray::Clone()	mscorlib
BitArray_CopyTo_m4205938202	System.Void System.Collections.BitArray::CopyTo(System.Array,System.Int32)	mscorlib
BitArray_Get_m1610855460	System.Boolean System.Collections.BitArray::Get(System.Int32)	mscorlib
BitArray_Set_m2486900776	System.Void System.Collections.BitArray::Set(System.Int32,System.Boolean)	mscorlib
BitArray_GetEnumerator_m1964744199	System.Collections.IEnumerator System.Collections.BitArray::GetEnumerator()	mscorlib
BitArrayEnumerator__ctor_m2359341397	System.Void System.Collections.BitArray/BitArrayEnumerator::.ctor(System.Collections.BitArray)	mscorlib
BitArrayEnumerator_Clone_m2928080346	System.Object System.Collections.BitArray/BitArrayEnumerator::Clone()	mscorlib
BitArrayEnumerator_get_Current_m4220391712	System.Object System.Collections.BitArray/BitArrayEnumerator::get_Current()	mscorlib
BitArrayEnumerator_MoveNext_m3806676766	System.Boolean System.Collections.BitArray/BitArrayEnumerator::MoveNext()	mscorlib
BitArrayEnumerator_Reset_m2256666019	System.Void System.Collections.BitArray/BitArrayEnumerator::Reset()	mscorlib
BitArrayEnumerator_checkVersion_m500404395	System.Void System.Collections.BitArray/BitArrayEnumerator::checkVersion()	mscorlib
CaseInsensitiveComparer__ctor_m1508720200	System.Void System.Collections.CaseInsensitiveComparer::.ctor()	mscorlib
CaseInsensitiveComparer__ctor_m2101975011	System.Void System.Collections.CaseInsensitiveComparer::.ctor(System.Boolean)	mscorlib
CaseInsensitiveComparer__cctor_m2727609021	System.Void System.Collections.CaseInsensitiveComparer::.cctor()	mscorlib
CaseInsensitiveComparer_get_DefaultInvariant_m2155614047	System.Collections.CaseInsensitiveComparer System.Collections.CaseInsensitiveComparer::get_DefaultInvariant()	mscorlib
CaseInsensitiveComparer_Compare_m1224120810	System.Int32 System.Collections.CaseInsensitiveComparer::Compare(System.Object,System.Object)	mscorlib
CaseInsensitiveHashCodeProvider__ctor_m1410573049	System.Void System.Collections.CaseInsensitiveHashCodeProvider::.ctor()	mscorlib
CaseInsensitiveHashCodeProvider__ctor_m3307631072	System.Void System.Collections.CaseInsensitiveHashCodeProvider::.ctor(System.Globalization.CultureInfo)	mscorlib
CaseInsensitiveHashCodeProvider__cctor_m3655208966	System.Void System.Collections.CaseInsensitiveHashCodeProvider::.cctor()	mscorlib
CaseInsensitiveHashCodeProvider_AreEqual_m1790260777	System.Boolean System.Collections.CaseInsensitiveHashCodeProvider::AreEqual(System.Globalization.CultureInfo,System.Globalization.CultureInfo)	mscorlib
CaseInsensitiveHashCodeProvider_AreEqual_m3534448780	System.Boolean System.Collections.CaseInsensitiveHashCodeProvider::AreEqual(System.Globalization.TextInfo,System.Globalization.CultureInfo)	mscorlib
CaseInsensitiveHashCodeProvider_get_DefaultInvariant_m4264275163	System.Collections.CaseInsensitiveHashCodeProvider System.Collections.CaseInsensitiveHashCodeProvider::get_DefaultInvariant()	mscorlib
CaseInsensitiveHashCodeProvider_GetHashCode_m2168170016	System.Int32 System.Collections.CaseInsensitiveHashCodeProvider::GetHashCode(System.Object)	mscorlib
CollectionBase__ctor_m3343513710	System.Void System.Collections.CollectionBase::.ctor()	mscorlib
CollectionBase_System_Collections_ICollection_CopyTo_m2850099809	System.Void System.Collections.CollectionBase::System.Collections.ICollection.CopyTo(System.Array,System.Int32)	mscorlib
CollectionBase_System_Collections_ICollection_get_SyncRoot_m1463722401	System.Object System.Collections.CollectionBase::System.Collections.ICollection.get_SyncRoot()	mscorlib
CollectionBase_System_Collections_ICollection_get_IsSynchronized_m2651768897	System.Boolean System.Collections.CollectionBase::System.Collections.ICollection.get_IsSynchronized()	mscorlib
CollectionBase_System_Collections_IList_Add_m3784093852	System.Int32 System.Collections.CollectionBase::System.Collections.IList.Add(System.Object)	mscorlib
CollectionBase_System_Collections_IList_Contains_m2994901969	System.Boolean System.Collections.CollectionBase::System.Collections.IList.Contains(System.Object)	mscorlib
CollectionBase_System_Collections_IList_IndexOf_m3655834224	System.Int32 System.Collections.CollectionBase::System.Collections.IList.IndexOf(System.Object)	mscorlib
CollectionBase_System_Collections_IList_Insert_m1955629979	System.Void System.Collections.CollectionBase::System.Collections.IList.Insert(System.Int32,System.Object)	mscorlib
CollectionBase_System_Collections_IList_Remove_m1918979845	System.Void System.Collections.CollectionBase::System.Collections.IList.Remove(System.Object)	mscorlib
CollectionBase_System_Collections_IList_get_IsFixedSize_m2981675170	System.Boolean System.Collections.CollectionBase::System.Collections.IList.get_IsFixedSize()	mscorlib
CollectionBase_System_Collections_IList_get_IsReadOnly_m985561378	System.Boolean System.Collections.CollectionBase::System.Collections.IList.get_IsReadOnly()	mscorlib
CollectionBase_System_Collections_IList_get_Item_m3743372945	System.Object System.Collections.CollectionBase::System.Collections.IList.get_Item(System.Int32)	mscorlib
CollectionBase_System_Collections_IList_set_Item_m1592328081	System.Void System.Collections.CollectionBase::System.Collections.IList.set_Item(System.Int32,System.Object)	mscorlib
CollectionBase_get_Count_m1708965601	System.Int32 System.Collections.CollectionBase::get_Count()	mscorlib
CollectionBase_GetEnumerator_m654829872	System.Collections.IEnumerator System.Collections.CollectionBase::GetEnumerator()	mscorlib
CollectionBase_Clear_m1509125218	System.Void System.Collections.CollectionBase::Clear()	mscorlib
CollectionBase_RemoveAt_m3336462814	System.Void System.Collections.CollectionBase::RemoveAt(System.Int32)	mscorlib
CollectionBase_get_InnerList_m132195395	System.Collections.ArrayList System.Collections.CollectionBase::get_InnerList()	mscorlib
CollectionBase_get_List_m490744407	System.Collections.IList System.Collections.CollectionBase::get_List()	mscorlib
CollectionBase_OnClear_m883003723	System.Void System.Collections.CollectionBase::OnClear()	mscorlib
CollectionBase_OnClearComplete_m4210220284	System.Void System.Collections.CollectionBase::OnClearComplete()	mscorlib
CollectionBase_OnInsert_m120287429	System.Void System.Collections.CollectionBase::OnInsert(System.Int32,System.Object)	mscorlib
CollectionBase_OnInsertComplete_m1538306973	System.Void System.Collections.CollectionBase::OnInsertComplete(System.Int32,System.Object)	mscorlib
CollectionBase_OnRemove_m3955998913	System.Void System.Collections.CollectionBase::OnRemove(System.Int32,System.Object)	mscorlib
CollectionBase_OnRemoveComplete_m1811247246	System.Void System.Collections.CollectionBase::OnRemoveComplete(System.Int32,System.Object)	mscorlib
CollectionBase_OnSet_m598471137	System.Void System.Collections.CollectionBase::OnSet(System.Int32,System.Object,System.Object)	mscorlib
CollectionBase_OnSetComplete_m2395939597	System.Void System.Collections.CollectionBase::OnSetComplete(System.Int32,System.Object,System.Object)	mscorlib
CollectionBase_OnValidate_m1606907366	System.Void System.Collections.CollectionBase::OnValidate(System.Object)	mscorlib
Comparer__ctor_m2831654082	System.Void System.Collections.Comparer::.ctor()	mscorlib
Comparer__ctor_m2580215220	System.Void System.Collections.Comparer::.ctor(System.Globalization.CultureInfo)	mscorlib
Comparer__cctor_m3311686689	System.Void System.Collections.Comparer::.cctor()	mscorlib
Comparer_Compare_m3984347512	System.Int32 System.Collections.Comparer::Compare(System.Object,System.Object)	mscorlib
DictionaryEntry__ctor_m2585376310_AdjustorThunk	System.Void System.Collections.DictionaryEntry::.ctor(System.Object,System.Object)	mscorlib
DictionaryEntry_get_Key_m3117378551_AdjustorThunk	System.Object System.Collections.DictionaryEntry::get_Key()	mscorlib
DictionaryEntry_get_Value_m618120527_AdjustorThunk	System.Object System.Collections.DictionaryEntry::get_Value()	mscorlib
KeyNotFoundException__ctor_m541499307	System.Void System.Collections.Generic.KeyNotFoundException::.ctor()	mscorlib
KeyNotFoundException__ctor_m2696589580	System.Void System.Collections.Generic.KeyNotFoundException::.ctor(System.String)	mscorlib
KeyNotFoundException__ctor_m813515407	System.Void System.Collections.Generic.KeyNotFoundException::.ctor(System.Runtime.Serialization.SerializationInfo,System.Runtime.Serialization.StreamingContext)	mscorlib
Hashtable__ctor_m1815022027	System.Void System.Collections.Hashtable::.ctor()	mscorlib
Hashtable__ctor_m3491720775	System.Void System.Collections.Hashtable::.ctor(System.Int32,System.Single,System.Collections.IHashCodeProvider,System.Collections.IComparer)	mscorlib
Hashtable__ctor_m3542198234	System.Void System.Collections.Hashtable::.ctor(System.Int32,System.Single)	mscorlib
Hashtable__ctor_m1684344284	System.Void System.Collections.Hashtable::.ctor(System.Int32)	mscorlib
Hashtable__ctor_m3890751112	System.Void System.Collections.Hashtable::.ctor(System.Collections.Hashtable)	mscorlib
Hashtable__ctor_m1763145853	System.Void System.Collections.Hashtable::.ctor(System.Int32,System.Collections.IHashCodeProvider,System.Collections.IComparer)	mscorlib
Hashtable__ctor_m2421324048	System.Void System.Collections.Hashtable::.ctor(System.Collections.IDictionary,System.Single,System.Collections.IHashCodeProvider,System.Collections.IComparer)	mscorlib
Hashtable__ctor_m465544153	System.Void System.Collections.Hashtable::.ctor(System.Collections.IDictionary,System.Collections.IHashCodeProvider,System.Collections.IComparer)	mscorlib
Hashtable__ctor_m2302711321	System.Void System.Collections.Hashtable::.ctor(System.Collections.IHashCodeProvider,System.Collections.IComparer)	mscorlib
Hashtable__ctor_m1941859523	System.Void System.Collections.Hashtable::.ctor(System.Runtime.Serialization.SerializationInfo,System.Runtime.Serialization.StreamingContext)	mscorlib
Hashtable__ctor_m3305570058	System.Void System.Collections.Hashtable::.ctor(System.Int32,System.Collections.IEqualityComparer)	mscorlib
Hashtable__ctor_m1820371784	System.Void System.Collections.Hashtable::.ctor(System.Int32,System.Single,System.Collections.IEqualityComparer)	mscorlib
Hashtable__cctor_m4112166779	System.Void System.Collections.Hashtable::.cctor()	mscorlib
Hashtable_System_Collections_IEnumerable_GetEnumerator_m2751657639	System.Collections.IEnumerator System.Collections.Hashtable::System.Collections.IEnumerable.GetEnumerator()	mscorlib
Hashtable_set_comparer_m1969364857	System.Void System.Collections.Hashtable::set_comparer(System.Collections.IComparer)	mscorlib
Hashtable_set_hcp_m2582686174	System.Void System.Collections.Hashtable::set_hcp(System.Collections.IHashCodeProvider)	mscorlib
Hashtable_get_Count_m3541651130	System.Int32 System.Collections.Hashtable::get_Count()	mscorlib
Hashtable_get_IsSynchronized_m1426775249	System.Boolean System.Collections.Hashtable::get_IsSynchronized()	mscorlib
Hashtable_get_SyncRoot_m2370273929	System.Object System.Collections.Hashtable::get_SyncRoot()	mscorlib
Hashtable_get_Keys_m625158339	System.Collections.ICollection System.Collections.Hashtable::get_Keys()	mscorlib
Hashtable_get_Values_m1643322147	System.Collections.ICollection System.Collections.Hashtable::get_Values()	mscorlib
Hashtable_get_Item_m2003685141	System.Object System.Collections.Hashtable::get_Item(System.Object)	mscorlib
Hashtable_set_Item_m1120781262	System.Void System.Collections.Hashtable::set_Item(System.Object,System.Object)	mscorlib
Hashtable_CopyTo_m2905447224	System.Void System.Collections.Hashtable::CopyTo(System.Array,System.Int32)	mscorlib
Hashtable_Add_m157116935	System.Void System.Collections.Hashtable::Add(System.Object,System.Object)	mscorlib
Hashtable_Clear_m3112193608	System.Void System.Collections.Hashtable::Clear()	mscorlib
Hashtable_Contains_m2145146412	System.Boolean System.Collections.Hashtable::Contains(System.Object)	mscorlib
Hashtable_GetEnumerator_m4240267690	System.Collections.IDictionaryEnumerator System.Collections.Hashtable::GetEnumerator()	mscorlib
Hashtable_Remove_m4032631466	System.Void System.Collections.Hashtable::Remove(System.Object)	mscorlib
Hashtable_ContainsKey_m2963904694	System.Boolean System.Collections.Hashtable::ContainsKey(System.Object)	mscorlib
Hashtable_Clone_m3078962909	System.Object System.Collections.Hashtable::Clone()	mscorlib
Hashtable_OnDeserialization_m1032066502	System.Void System.Collections.Hashtable::OnDeserialization(System.Object)	mscorlib
Hashtable_Synchronized_m2228653257	System.Collections.Hashtable System.Collections.Hashtable::Synchronized(System.Collections.Hashtable)	mscorlib
Hashtable_GetHash_m3068611952	System.Int32 System.Collections.Hashtable::GetHash(System.Object)	mscorlib
Hashtable_KeyEquals_m2549637027	System.Boolean System.Collections.Hashtable::KeyEquals(System.Object,System.Object)	mscorlib
Hashtable_AdjustThreshold_m3338727562	System.Void System.Collections.Hashtable::AdjustThreshold()	mscorlib
Hashtable_SetTable_m1520626497	System.Void System.Collections.Hashtable::SetTable(System.Collections.Hashtable/Slot[],System.Int32[])	mscorlib
Hashtable_Find_m1835111773	System.Int32 System.Collections.Hashtable::Find(System.Object)	mscorlib
Hashtable_Rehash_m2389268722	System.Void System.Collections.Hashtable::Rehash()	mscorlib
Hashtable_PutImpl_m2485103604	System.Void System.Collections.Hashtable::PutImpl(System.Object,System.Object,System.Boolean)	mscorlib
Hashtable_CopyToArray_m320168007	System.Void System.Collections.Hashtable::CopyToArray(System.Array,System.Int32,System.Collections.Hashtable/EnumeratorMode)	mscorlib
Hashtable_TestPrime_m3839319309	System.Boolean System.Collections.Hashtable::TestPrime(System.Int32)	mscorlib
Hashtable_CalcPrime_m550773117	System.Int32 System.Collections.Hashtable::CalcPrime(System.Int32)	mscorlib
Hashtable_ToPrime_m33531354	System.Int32 System.Collections.Hashtable::ToPrime(System.Int32)	mscorlib
Enumerator__ctor_m3921352641	System.Void System.Collections.Hashtable/Enumerator::.ctor(System.Collections.Hashtable,System.Collections.Hashtable/EnumeratorMode)	mscorlib
Enumerator__cctor_m4169372056	System.Void System.Collections.Hashtable/Enumerator::.cctor()	mscorlib
Enumerator_FailFast_m3955249002	System.Void System.Collections.Hashtable/Enumerator::FailFast()	mscorlib
Enumerator_Reset_m4274366540	System.Void System.Collections.Hashtable/Enumerator::Reset()	mscorlib
Enumerator_MoveNext_m1474126172	System.Boolean System.Collections.Hashtable/Enumerator::MoveNext()	mscorlib
Enumerator_get_Entry_m2184304359	System.Collections.DictionaryEntry System.Collections.Hashtable/Enumerator::get_Entry()	mscorlib
Enumerator_get_Key_m2288024554	System.Object System.Collections.Hashtable/Enumerator::get_Key()	mscorlib
Enumerator_get_Value_m1047280424	System.Object System.Collections.Hashtable/Enumerator::get_Value()	mscorlib
Enumerator_get_Current_m2763018784	System.Object System.Collections.Hashtable/Enumerator::get_Current()	mscorlib
HashKeys__ctor_m2668698759	System.Void System.Collections.Hashtable/HashKeys::.ctor(System.Collections.Hashtable)	mscorlib
HashKeys_get_Count_m4206343425	System.Int32 System.Collections.Hashtable/HashKeys::get_Count()	mscorlib
HashKeys_get_IsSynchronized_m174400341	System.Boolean System.Collections.Hashtable/HashKeys::get_IsSynchronized()	mscorlib
HashKeys_get_SyncRoot_m3757723936	System.Object System.Collections.Hashtable/HashKeys::get_SyncRoot()	mscorlib
HashKeys_CopyTo_m4219627824	System.Void System.Collections.Hashtable/HashKeys::CopyTo(System.Array,System.Int32)	mscorlib
HashKeys_GetEnumerator_m3432430781	System.Collections.IEnumerator System.Collections.Hashtable/HashKeys::GetEnumerator()	mscorlib
HashValues__ctor_m1651100305	System.Void System.Collections.Hashtable/HashValues::.ctor(System.Collections.Hashtable)	mscorlib
HashValues_get_Count_m1050845476	System.Int32 System.Collections.Hashtable/HashValues::get_Count()	mscorlib
HashValues_get_IsSynchronized_m3461082747	System.Boolean System.Collections.Hashtable/HashValues::get_IsSynchronized()	mscorlib
HashValues_get_SyncRoot_m337642017	System.Object System.Collections.Hashtable/HashValues::get_SyncRoot()	mscorlib
HashValues_CopyTo_m2621023127	System.Void System.Collections.Hashtable/HashValues::CopyTo(System.Array,System.Int32)	mscorlib
HashValues_GetEnumerator_m2924783834	System.Collections.IEnumerator System.Collections.Hashtable/HashValues::GetEnumerator()	mscorlib
KeyMarker__ctor_m2295185526	System.Void System.Collections.Hashtable/KeyMarker::.ctor()	mscorlib
KeyMarker__cctor_m2590194914	System.Void System.Collections.Hashtable/KeyMarker::.cctor()	mscorlib
SyncHashtable__ctor_m988729399	System.Void System.Collections.Hashtable/SyncHashtable::.ctor(System.Collections.Hashtable)	mscorlib
SyncHashtable__ctor_m2449935938	System.Void System.Collections.Hashtable/SyncHashtable::.ctor(System.Runtime.Serialization.SerializationInfo,System.Runtime.Serialization.StreamingContext)	mscorlib
SyncHashtable_System_Collections_IEnumerable_GetEnumerator_m1325482064	System.Collections.IEnumerator System.Collections.Hashtable/SyncHashtable::System.Collections.IEnumerable.GetEnumerator()	mscorlib
SyncHashtable_get_Count_m3689832098	System.Int32 System.Collections.Hashtable/SyncHashtable::get_Count()	mscorlib
SyncHashtable_get_IsSynchronized_m2941968827	System.Boolean System.Collections.Hashtable/SyncHashtable::get_IsSynchronized()	mscorlib
SyncHashtable_get_SyncRoot_m2724224665	System.Object System.Collections.Hashtable/SyncHashtable::get_SyncRoot()	mscorlib
SyncHashtable_get_Keys_m1469437863	System.Collections.ICollection System.Collections.Hashtable/SyncHashtable::get_Keys()	mscorlib
SyncHashtable_get_Values_m3820929471	System.Collections.ICollection System.Collections.Hashtable/SyncHashtable::get_Values()	mscorlib
SyncHashtable_get_Item_m2686606216	System.Object System.Collections.Hashtable/SyncHashtable::get_Item(System.Object)	mscorlib
SyncHashtable_set_Item_m2451773607	System.Void System.Collections.Hashtable/SyncHashtable::set_Item(System.Object,System.Object)	mscorlib
SyncHashtable_CopyTo_m3934112540	System.Void System.Collections.Hashtable/SyncHashtable::CopyTo(System.Array,System.Int32)	mscorlib
SyncHashtable_Add_m3016107307	System.Void System.Collections.Hashtable/SyncHashtable::Add(System.Object,System.Object)	mscorlib
SyncHashtable_Clear_m714964133	System.Void System.Collections.Hashtable/SyncHashtable::Clear()	mscorlib
SyncHashtable_Contains_m2292068165	System.Boolean System.Collections.Hashtable/SyncHashtable::Contains(System.Object)	mscorlib
SyncHashtable_GetEnumerator_m4254656826	System.Collections.IDictionaryEnumerator System.Collections.Hashtable/SyncHashtable::GetEnumerator()	mscorlib
SyncHashtable_Remove_m4179265271	System.Void System.Collections.Hashtable/SyncHashtable::Remove(System.Object)	mscorlib
SyncHashtable_ContainsKey_m4051091192	System.Boolean System.Collections.Hashtable/SyncHashtable::ContainsKey(System.Object)	mscorlib
SyncHashtable_Clone_m3726939774	System.Object System.Collections.Hashtable/SyncHashtable::Clone()	mscorlib
SortedList__ctor_m1261191695	System.Void System.Collections.SortedList::.ctor()	mscorlib
SortedList__ctor_m4140760769	System.Void System.Collections.SortedList::.ctor(System.Int32)	mscorlib
SortedList__ctor_m449121548	System.Void System.Collections.SortedList::.ctor(System.Collections.IComparer,System.Int32)	mscorlib
SortedList__ctor_m3676552745	System.Void System.Collections.SortedList::.ctor(System.Collections.IDictionary,System.Collections.IComparer)	mscorlib
SortedList__cctor_m1247132	System.Void System.Collections.SortedList::.cctor()	mscorlib
SortedList_System_Collections_IEnumerable_GetEnumerator_m2738760439	System.Collections.IEnumerator System.Collections.SortedList::System.Collections.IEnumerable.GetEnumerator()	mscorlib
SortedList_get_Count_m3860639970	System.Int32 System.Collections.SortedList::get_Count()	mscorlib
SortedList_get_IsSynchronized_m2987909703	System.Boolean System.Collections.SortedList::get_IsSynchronized()	mscorlib
SortedList_get_SyncRoot_m914428425	System.Object System.Collections.SortedList::get_SyncRoot()	mscorlib
SortedList_get_IsFixedSize_m2192379219	System.Boolean System.Collections.SortedList::get_IsFixedSize()	mscorlib
SortedList_get_IsReadOnly_m1554442113	System.Boolean System.Collections.SortedList::get_IsReadOnly()	mscorlib
SortedList_get_Item_m3673863299	System.Object System.Collections.SortedList::get_Item(System.Object)	mscorlib
SortedList_set_Item_m32382988	System.Void System.Collections.SortedList::set_Item(System.Object,System.Object)	mscorlib
SortedList_get_Capacity_m919184864	System.Int32 System.Collections.SortedList::get_Capacity()	mscorlib
SortedList_set_Capacity_m509376950	System.Void System.Collections.SortedList::set_Capacity(System.Int32)	mscorlib
SortedList_Add_m810900317	System.Void System.Collections.SortedList::Add(System.Object,System.Object)	mscorlib
SortedList_Contains_m559482983	System.Boolean System.Collections.SortedList::Contains(System.Object)	mscorlib
SortedList_GetEnumerator_m772783392	System.Collections.IDictionaryEnumerator System.Collections.SortedList::GetEnumerator()	mscorlib
SortedList_Remove_m2784369438	System.Void System.Collections.SortedList::Remove(System.Object)	mscorlib
SortedList_CopyTo_m3001281572	System.Void System.Collections.SortedList::CopyTo(System.Array,System.Int32)	mscorlib
SortedList_Clone_m928094797	System.Object System.Collections.SortedList::Clone()	mscorlib
SortedList_RemoveAt_m1767403850	System.Void System.Collections.SortedList::RemoveAt(System.Int32)	mscorlib
SortedList_IndexOfKey_m91331983	System.Int32 System.Collections.SortedList::IndexOfKey(System.Object)	mscorlib
SortedList_ContainsKey_m2883715045	System.Boolean System.Collections.SortedList::ContainsKey(System.Object)	mscorlib
SortedList_GetByIndex_m3848565786	System.Object System.Collections.SortedList::GetByIndex(System.Int32)	mscorlib
SortedList_EnsureCapacity_m1354099314	System.Void System.Collections.SortedList::EnsureCapacity(System.Int32,System.Int32)	mscorlib
SortedList_PutImpl_m3408406199	System.Void System.Collections.SortedList::PutImpl(System.Object,System.Object,System.Boolean)	mscorlib
SortedList_GetImpl_m3689246167	System.Object System.Collections.SortedList::GetImpl(System.Object)	mscorlib
SortedList_InitTable_m875730861	System.Void System.Collections.SortedList::InitTable(System.Int32,System.Boolean)	mscorlib
SortedList_Find_m3363512987	System.Int32 System.Collections.SortedList::Find(System.Object)	mscorlib
Enumerator__ctor_m4264210349	System.Void System.Collections.SortedList/Enumerator::.ctor(System.Collections.SortedList,System.Collections.SortedList/EnumeratorMode)	mscorlib
Enumerator__cctor_m3377250123	System.Void System.Collections.SortedList/Enumerator::.cctor()	mscorlib
Enumerator_Reset_m1367479817	System.Void System.Collections.SortedList/Enumerator::Reset()	mscorlib
Enumerator_MoveNext_m635366482	System.Boolean System.Collections.SortedList/Enumerator::MoveNext()	mscorlib
Enumerator_get_Entry_m3561948123	System.Collections.DictionaryEntry System.Collections.SortedList/Enumerator::get_Entry()	mscorlib
Enumerator_get_Key_m1796421380	System.Object System.Collections.SortedList/Enumerator::get_Key()	mscorlib
Enumerator_get_Value_m3071982030	System.Object System.Collections.SortedList/Enumerator::get_Value()	mscorlib
Enumerator_get_Current_m3370609987	System.Object System.Collections.SortedList/Enumerator::get_Current()	mscorlib
Enumerator_Clone_m1942171085	System.Object System.Collections.SortedList/Enumerator::Clone()	mscorlib
Stack__ctor_m2907601956	System.Void System.Collections.Stack::.ctor()	mscorlib
Stack__ctor_m2602729586	System.Void System.Collections.Stack::.ctor(System.Collections.ICollection)	mscorlib
Stack__ctor_m3503577671	System.Void System.Collections.Stack::.ctor(System.Int32)	mscorlib
Stack_Resize_m3124769495	System.Void System.Collections.Stack::Resize(System.Int32)	mscorlib
Stack_get_Count_m2258661097	System.Int32 System.Collections.Stack::get_Count()	mscorlib
Stack_get_IsSynchronized_m2265747620	System.Boolean System.Collections.Stack::get_IsSynchronized()	mscorlib
Stack_get_SyncRoot_m2243371357	System.Object System.Collections.Stack::get_SyncRoot()	mscorlib
Stack_Clear_m2010200235	System.Void System.Collections.Stack::Clear()	mscorlib
Stack_Clone_m2625073663	System.Object System.Collections.Stack::Clone()	mscorlib
Stack_CopyTo_m953825709	System.Void System.Collections.Stack::CopyTo(System.Array,System.Int32)	mscorlib
Stack_GetEnumerator_m2673437525	System.Collections.IEnumerator System.Collections.Stack::GetEnumerator()	mscorlib
Stack_Peek_m2216191248	System.Object System.Collections.Stack::Peek()	mscorlib
Stack_Pop_m4248134981	System.Object System.Collections.Stack::Pop()	mscorlib
Stack_Push_m2529252115	System.Void System.Collections.Stack::Push(System.Object)	mscorlib
Enumerator__ctor_m3362421874	System.Void System.Collections.Stack/Enumerator::.ctor(System.Collections.Stack)	mscorlib
Enumerator_Clone_m1203486474	System.Object System.Collections.Stack/Enumerator::Clone()	mscorlib
Enumerator_get_Current_m2520471220	System.Object System.Collections.Stack/Enumerator::get_Current()	mscorlib
Enumerator_MoveNext_m3995713679	System.Boolean System.Collections.Stack/Enumerator::MoveNext()	mscorlib
Enumerator_Reset_m2459931042	System.Void System.Collections.Stack/Enumerator::Reset()	mscorlib
Console__cctor_m1860305256	System.Void System.Console::.cctor()	mscorlib
Console_SetEncodings_m1501183766	System.Void System.Console::SetEncodings(System.Text.Encoding,System.Text.Encoding)	mscorlib
Console_get_Error_m1839879495	System.IO.TextWriter System.Console::get_Error()	mscorlib
Console_Open_m3077673205	System.IO.Stream System.Console::Open(System.IntPtr,System.IO.FileAccess,System.Int32)	mscorlib
Console_OpenStandardError_m294613724	System.IO.Stream System.Console::OpenStandardError(System.Int32)	mscorlib
Console_OpenStandardInput_m3262421490	System.IO.Stream System.Console::OpenStandardInput(System.Int32)	mscorlib
Console_OpenStandardOutput_m1257556731	System.IO.Stream System.Console::OpenStandardOutput(System.Int32)	mscorlib
ContextBoundObject__ctor_m308624197	System.Void System.ContextBoundObject::.ctor()	mscorlib
Convert__cctor_m2847208289	System.Void System.Convert::.cctor()	mscorlib
Convert_InternalFromBase64String_m918800179	System.Byte[] System.Convert::InternalFromBase64String(System.String,System.Boolean)	mscorlib
Convert_FromBase64String_m3685135396	System.Byte[] System.Convert::FromBase64String(System.String)	mscorlib
Convert_ToBase64String_m3839334935	System.String System.Convert::ToBase64String(System.Byte[])	mscorlib
Convert_ToBase64String_m1959325926	System.String System.Convert::ToBase64String(System.Byte[],System.Int32,System.Int32)	mscorlib
Convert_ToBoolean_m2984378204	System.Boolean System.Convert::ToBoolean(System.Byte)	mscorlib
Convert_ToBoolean_m2694598181	System.Boolean System.Convert::ToBoolean(System.Decimal)	mscorlib
Convert_ToBoolean_m4098720762	System.Boolean System.Convert::ToBoolean(System.Double)	mscorlib
Convert_ToBoolean_m4244349331	System.Boolean System.Convert::ToBoolean(System.Single)	mscorlib
Convert_ToBoolean_m2833489984	System.Boolean System.Convert::ToBoolean(System.Int32)	mscorlib
Convert_ToBoolean_m2833621053	System.Boolean System.Convert::ToBoolean(System.Int64)	mscorlib
Convert_ToBoolean_m40300963	System.Boolean System.Convert::ToBoolean(System.SByte)	mscorlib
Convert_ToBoolean_m2833752130	System.Boolean System.Convert::ToBoolean(System.Int16)	mscorlib
Convert_ToBoolean_m3588715767	System.Boolean System.Convert::ToBoolean(System.String,System.IFormatProvider)	mscorlib
Convert_ToBoolean_m2807110707	System.Boolean System.Convert::ToBoolean(System.UInt32)	mscorlib
Convert_ToBoolean_m3613483153	System.Boolean System.Convert::ToBoolean(System.UInt64)	mscorlib
Convert_ToBoolean_m481380807	System.Boolean System.Convert::ToBoolean(System.UInt16)	mscorlib
Convert_ToBoolean_m2072772931	System.Boolean System.Convert::ToBoolean(System.Object)	mscorlib
Convert_ToBoolean_m4120735400	System.Boolean System.Convert::ToBoolean(System.Object,System.IFormatProvider)	mscorlib
Convert_ToByte_m306367912	System.Byte System.Convert::ToByte(System.Boolean)	mscorlib
Convert_ToByte_m143827699	System.Byte System.Convert::ToByte(System.Char)	mscorlib
Convert_ToByte_m4214436835	System.Byte System.Convert::ToByte(System.Decimal)	mscorlib
Convert_ToByte_m3824130483	System.Byte System.Convert::ToByte(System.Double)	mscorlib
Convert_ToByte_m4146281512	System.Byte System.Convert::ToByte(System.Single)	mscorlib
Convert_ToByte_m1734770211	System.Byte System.Convert::ToByte(System.Int32)	mscorlib
Convert_ToByte_m2122266396	System.Byte System.Convert::ToByte(System.Int64)	mscorlib
Convert_ToByte_m1442000130	System.Byte System.Convert::ToByte(System.SByte)	mscorlib
Convert_ToByte_m1336644845	System.Byte System.Convert::ToByte(System.Int16)	mscorlib
Convert_ToByte_m1779682469	System.Byte System.Convert::ToByte(System.String)	mscorlib
Convert_ToByte_m3367409178	System.Byte System.Convert::ToByte(System.String,System.IFormatProvider)	mscorlib
Convert_ToByte_m1993550870	System.Byte System.Convert::ToByte(System.UInt32)	mscorlib
Convert_ToByte_m3567528984	System.Byte System.Convert::ToByte(System.UInt64)	mscorlib
Convert_ToByte_m2375887898	System.Byte System.Convert::ToByte(System.UInt16)	mscorlib
Convert_ToByte_m3527805587	System.Byte System.Convert::ToByte(System.Object,System.IFormatProvider)	mscorlib
Convert_ToChar_m2532412511	System.Char System.Convert::ToChar(System.Byte)	mscorlib
Convert_ToChar_m4189066566	System.Char System.Convert::ToChar(System.Int32)	mscorlib
Convert_ToChar_m4210014069	System.Char System.Convert::ToChar(System.Int64)	mscorlib
Convert_ToChar_m2522572389	System.Char System.Convert::ToChar(System.Single)	mscorlib
Convert_ToChar_m3776556379	System.Char System.Convert::ToChar(System.SByte)	mscorlib
Convert_ToChar_m2261593104	System.Char System.Convert::ToChar(System.Int16)	mscorlib
Convert_ToChar_m1442101407	System.Char System.Convert::ToChar(System.String,System.IFormatProvider)	mscorlib
Convert_ToChar_m2796006345	System.Char System.Convert::ToChar(System.UInt32)	mscorlib
Convert_ToChar_m1604365259	System.Char System.Convert::ToChar(System.UInt64)	mscorlib
Convert_ToChar_m3178343373	System.Char System.Convert::ToChar(System.UInt16)	mscorlib
Convert_ToChar_m3757390865	System.Char System.Convert::ToChar(System.Object,System.IFormatProvider)	mscorlib
Convert_ToDateTime_m3802186295	System.DateTime System.Convert::ToDateTime(System.String,System.IFormatProvider)	mscorlib
Convert_ToDateTime_m626620011	System.DateTime System.Convert::ToDateTime(System.Int16)	mscorlib
Convert_ToDateTime_m228494645	System.DateTime System.Convert::ToDateTime(System.Int32)	mscorlib
Convert_ToDateTime_m2616935982	System.DateTime System.Convert::ToDateTime(System.Int64)	mscorlib
Convert_ToDateTime_m1800003024	System.DateTime System.Convert::ToDateTime(System.Single)	mscorlib
Convert_ToDateTime_m1567637286	System.DateTime System.Convert::ToDateTime(System.Object,System.IFormatProvider)	mscorlib
Convert_ToDateTime_m296553984	System.DateTime System.Convert::ToDateTime(System.SByte)	mscorlib
Convert_ToDateTime_m649137482	System.DateTime System.Convert::ToDateTime(System.UInt16)	mscorlib
Convert_ToDateTime_m1031474510	System.DateTime System.Convert::ToDateTime(System.UInt32)	mscorlib
Convert_ToDateTime_m3752463692	System.DateTime System.Convert::ToDateTime(System.UInt64)	mscorlib
Convert_ToDecimal_m2233265097	System.Decimal System.Convert::ToDecimal(System.Boolean)	mscorlib
Convert_ToDecimal_m3209124080	System.Decimal System.Convert::ToDecimal(System.Byte)	mscorlib
Convert_ToDecimal_m841368097	System.Decimal System.Convert::ToDecimal(System.Double)	mscorlib
Convert_ToDecimal_m3508035522	System.Decimal System.Convert::ToDecimal(System.Single)	mscorlib
Convert_ToDecimal_m1284148187	System.Decimal System.Convert::ToDecimal(System.Int32)	mscorlib
Convert_ToDecimal_m1284279264	System.Decimal System.Convert::ToDecimal(System.Int64)	mscorlib
Convert_ToDecimal_m996138310	System.Decimal System.Convert::ToDecimal(System.SByte)	mscorlib
Convert_ToDecimal_m1284410333	System.Decimal System.Convert::ToDecimal(System.Int16)	mscorlib
Convert_ToDecimal_m1233667008	System.Decimal System.Convert::ToDecimal(System.String,System.IFormatProvider)	mscorlib
Convert_ToDecimal_m889385228	System.Decimal System.Convert::ToDecimal(System.UInt32)	mscorlib
Convert_ToDecimal_m1695757674	System.Decimal System.Convert::ToDecimal(System.UInt64)	mscorlib
Convert_ToDecimal_m2858622624	System.Decimal System.Convert::ToDecimal(System.UInt16)	mscorlib
Convert_ToDecimal_m3815908452	System.Decimal System.Convert::ToDecimal(System.Object,System.IFormatProvider)	mscorlib
Convert_ToDouble_m954895424	System.Double System.Convert::ToDouble(System.Boolean)	mscorlib
Convert_ToDouble_m3124823876	System.Double System.Convert::ToDouble(System.Byte)	mscorlib
Convert_ToDouble_m1177445661	System.Double System.Convert::ToDouble(System.Decimal)	mscorlib
Convert_ToDouble_m278900635	System.Double System.Convert::ToDouble(System.Double)	mscorlib
Convert_ToDouble_m217737046	System.Double System.Convert::ToDouble(System.Single)	mscorlib
Convert_ToDouble_m2924063577	System.Double System.Convert::ToDouble(System.Int32)	mscorlib
Convert_ToDouble_m2180337032	System.Double System.Convert::ToDouble(System.Int64)	mscorlib
Convert_ToDouble_m2949593046	System.Double System.Convert::ToDouble(System.SByte)	mscorlib
Convert_ToDouble_m996590115	System.Double System.Convert::ToDouble(System.Int16)	mscorlib
Convert_ToDouble_m2291761709	System.Double System.Convert::ToDouble(System.String,System.IFormatProvider)	mscorlib
Convert_ToDouble_m2222536920	System.Double System.Convert::ToDouble(System.UInt32)	mscorlib
Convert_ToDouble_m1030895834	System.Double System.Convert::ToDouble(System.UInt64)	mscorlib
Convert_ToDouble_m1840199900	System.Double System.Convert::ToDouble(System.UInt16)	mscorlib
Convert_ToDouble_m4017511472	System.Double System.Convert::ToDouble(System.Object,System.IFormatProvider)	mscorlib
Convert_ToInt16_m3324557887	System.Int16 System.Convert::ToInt16(System.Boolean)	mscorlib
Convert_ToInt16_m701474428	System.Int16 System.Convert::ToInt16(System.Byte)	mscorlib
Convert_ToInt16_m3018161032	System.Int16 System.Convert::ToInt16(System.Char)	mscorlib
Convert_ToInt16_m2763665794	System.Int16 System.Convert::ToInt16(System.Decimal)	mscorlib
Convert_ToInt16_m2780199356	System.Int16 System.Convert::ToInt16(System.Double)	mscorlib
Convert_ToInt16_m1336719169	System.Int16 System.Convert::ToInt16(System.Single)	mscorlib
Convert_ToInt16_m4174308322	System.Int16 System.Convert::ToInt16(System.Int32)	mscorlib
Convert_ToInt16_m4174439391	System.Int16 System.Convert::ToInt16(System.Int64)	mscorlib
Convert_ToInt16_m155265449	System.Int16 System.Convert::ToInt16(System.SByte)	mscorlib
Convert_ToInt16_m4174570464	System.Int16 System.Convert::ToInt16(System.Int16)	mscorlib
Convert_ToInt16_m3185404879	System.Int16 System.Convert::ToInt16(System.String,System.IFormatProvider)	mscorlib
Convert_ToInt16_m571189957	System.Int16 System.Convert::ToInt16(System.UInt32)	mscorlib
Convert_ToInt16_m1733792763	System.Int16 System.Convert::ToInt16(System.UInt64)	mscorlib
Convert_ToInt16_m2896657713	System.Int16 System.Convert::ToInt16(System.UInt16)	mscorlib
Convert_ToInt16_m198393465	System.Int16 System.Convert::ToInt16(System.Object)	mscorlib
Convert_ToInt16_m1223489986	System.Int16 System.Convert::ToInt16(System.Object,System.IFormatProvider)	mscorlib
Convert_ToInt32_m2100527582	System.Int32 System.Convert::ToInt32(System.Boolean)	mscorlib
Convert_ToInt32_m2505564049	System.Int32 System.Convert::ToInt32(System.Byte)	mscorlib
Convert_ToInt32_m1876369743	System.Int32 System.Convert::ToInt32(System.Char)	mscorlib
Convert_ToInt32_m3048308591	System.Int32 System.Convert::ToInt32(System.Decimal)	mscorlib
Convert_ToInt32_m2880498116	System.Int32 System.Convert::ToInt32(System.Double)	mscorlib
Convert_ToInt32_m1613163543	System.Int32 System.Convert::ToInt32(System.Single)	mscorlib
Convert_ToInt32_m1085875835	System.Int32 System.Convert::ToInt32(System.Int64)	mscorlib
Convert_ToInt32_m1405693041	System.Int32 System.Convert::ToInt32(System.SByte)	mscorlib
Convert_ToInt32_m1085744762	System.Int32 System.Convert::ToInt32(System.Int16)	mscorlib
Convert_ToInt32_m2128774575	System.Int32 System.Convert::ToInt32(System.String,System.IFormatProvider)	mscorlib
Convert_ToInt32_m3956995719	System.Int32 System.Convert::ToInt32(System.UInt32)	mscorlib
Convert_ToInt32_m825155517	System.Int32 System.Convert::ToInt32(System.UInt64)	mscorlib
Convert_ToInt32_m1987758323	System.Int32 System.Convert::ToInt32(System.UInt16)	mscorlib
Convert_ToInt32_m2608095889	System.Int32 System.Convert::ToInt32(System.Object)	mscorlib
Convert_ToInt32_m3211312035	System.Int32 System.Convert::ToInt32(System.Object,System.IFormatProvider)	mscorlib
Convert_ToInt64_m2812720657	System.Int64 System.Convert::ToInt64(System.Boolean)	mscorlib
Convert_ToInt64_m395638860	System.Int64 System.Convert::ToInt64(System.Byte)	mscorlib
Convert_ToInt64_m3122543124	System.Int64 System.Convert::ToInt64(System.Char)	mscorlib
Convert_ToInt64_m4082637156	System.Int64 System.Convert::ToInt64(System.Decimal)	mscorlib
Convert_ToInt64_m3758262873	System.Int64 System.Convert::ToInt64(System.Double)	mscorlib
Convert_ToInt64_m658295522	System.Int64 System.Convert::ToInt64(System.Single)	mscorlib
Convert_ToInt64_m2075293963	System.Int64 System.Convert::ToInt64(System.Int32)	mscorlib
Convert_ToInt64_m2075162888	System.Int64 System.Convert::ToInt64(System.Int64)	mscorlib
Convert_ToInt64_m3916071102	System.Int64 System.Convert::ToInt64(System.SByte)	mscorlib
Convert_ToInt64_m2075031821	System.Int64 System.Convert::ToInt64(System.Int16)	mscorlib
Convert_ToInt64_m4087101237	System.Int64 System.Convert::ToInt64(System.String)	mscorlib
Convert_ToInt64_m2849840611	System.Int64 System.Convert::ToInt64(System.String,System.IFormatProvider)	mscorlib
Convert_ToInt64_m3392013556	System.Int64 System.Convert::ToInt64(System.UInt32)	mscorlib
Convert_ToInt64_m260173354	System.Int64 System.Convert::ToInt64(System.UInt64)	mscorlib
Convert_ToInt64_m1422776160	System.Int64 System.Convert::ToInt64(System.UInt16)	mscorlib
Convert_ToInt64_m3240678588	System.Int64 System.Convert::ToInt64(System.Object)	mscorlib
Convert_ToInt64_m2643251823	System.Int64 System.Convert::ToInt64(System.Object,System.IFormatProvider)	mscorlib
Convert_ToSByte_m3284376536	System.SByte System.Convert::ToSByte(System.Boolean)	mscorlib
Convert_ToSByte_m717245755	System.SByte System.Convert::ToSByte(System.Byte)	mscorlib
Convert_ToSByte_m1350241137	System.SByte System.Convert::ToSByte(System.Char)	mscorlib
Convert_ToSByte_m2991657475	System.SByte System.Convert::ToSByte(System.Decimal)	mscorlib
Convert_ToSByte_m3796870839	System.SByte System.Convert::ToSByte(System.Double)	mscorlib
Convert_ToSByte_m3472794164	System.SByte System.Convert::ToSByte(System.Single)	mscorlib
Convert_ToSByte_m2653418303	System.SByte System.Convert::ToSByte(System.Int32)	mscorlib
Convert_ToSByte_m2653811524	System.SByte System.Convert::ToSByte(System.Int64)	mscorlib
Convert_ToSByte_m2653680449	System.SByte System.Convert::ToSByte(System.Int16)	mscorlib
Convert_ToSByte_m4075629912	System.SByte System.Convert::ToSByte(System.String,System.IFormatProvider)	mscorlib
Convert_ToSByte_m2486156346	System.SByte System.Convert::ToSByte(System.UInt32)	mscorlib
Convert_ToSByte_m1679390684	System.SByte System.Convert::ToSByte(System.UInt64)	mscorlib
Convert_ToSByte_m516918950	System.SByte System.Convert::ToSByte(System.UInt16)	mscorlib
Convert_ToSByte_m4061885981	System.SByte System.Convert::ToSByte(System.Object,System.IFormatProvider)	mscorlib
Convert_ToSingle_m1386109941	System.Single System.Convert::ToSingle(System.Boolean)	mscorlib
Convert_ToSingle_m2769033141	System.Single System.Convert::ToSingle(System.Byte)	mscorlib
Convert_ToSingle_m1389817074	System.Single System.Convert::ToSingle(System.Decimal)	mscorlib
Convert_ToSingle_m3227075028	System.Single System.Convert::ToSingle(System.Double)	mscorlib
Convert_ToSingle_m835189399	System.Single System.Convert::ToSingle(System.Single)	mscorlib
Convert_ToSingle_m3635698920	System.Single System.Convert::ToSingle(System.Int32)	mscorlib
Convert_ToSingle_m2891972375	System.Single System.Convert::ToSingle(System.Int64)	mscorlib
Convert_ToSingle_m164367433	System.Single System.Convert::ToSingle(System.SByte)	mscorlib
Convert_ToSingle_m4033824286	System.Single System.Convert::ToSingle(System.Int16)	mscorlib
Convert_ToSingle_m2533452644	System.Single System.Convert::ToSingle(System.String,System.IFormatProvider)	mscorlib
Convert_ToSingle_m3983149863	System.Single System.Convert::ToSingle(System.UInt32)	mscorlib
Convert_ToSingle_m2791508777	System.Single System.Convert::ToSingle(System.UInt64)	mscorlib
Convert_ToSingle_m3600812843	System.Single System.Convert::ToSingle(System.UInt16)	mscorlib
Convert_ToSingle_m3605848385	System.Single System.Convert::ToSingle(System.Object,System.IFormatProvider)	mscorlib
Convert_ToString_m2219349533	System.String System.Convert::ToString(System.Object)	mscorlib
Convert_ToString_m1854379141	System.String System.Convert::ToString(System.Object,System.IFormatProvider)	mscorlib
Convert_ToUInt16_m3116648921	System.UInt16 System.Convert::ToUInt16(System.Boolean)	mscorlib
Convert_ToUInt16_m4064261444	System.UInt16 System.Convert::ToUInt16(System.Byte)	mscorlib
Convert_ToUInt16_m2952781888	System.UInt16 System.Convert::ToUInt16(System.Char)	mscorlib
Convert_ToUInt16_m867476252	System.UInt16 System.Convert::ToUInt16(System.Decimal)	mscorlib
Convert_ToUInt16_m3523269149	System.UInt16 System.Convert::ToUInt16(System.Double)	mscorlib
Convert_ToUInt16_m2185524030	System.UInt16 System.Convert::ToUInt16(System.Single)	mscorlib
Convert_ToUInt16_m3515425647	System.UInt16 System.Convert::ToUInt16(System.Int32)	mscorlib
Convert_ToUInt16_m3902921832	System.UInt16 System.Convert::ToUInt16(System.Int64)	mscorlib
Convert_ToUInt16_m3736443170	System.UInt16 System.Convert::ToUInt16(System.SByte)	mscorlib
Convert_ToUInt16_m1147931813	System.UInt16 System.Convert::ToUInt16(System.Int16)	mscorlib
Convert_ToUInt16_m3216249716	System.UInt16 System.Convert::ToUInt16(System.String,System.IFormatProvider)	mscorlib
Convert_ToUInt16_m1480956416	System.UInt16 System.Convert::ToUInt16(System.UInt32)	mscorlib
Convert_ToUInt16_m2672597498	System.UInt16 System.Convert::ToUInt16(System.UInt64)	mscorlib
Convert_ToUInt16_m4211508274	System.UInt16 System.Convert::ToUInt16(System.Object,System.IFormatProvider)	mscorlib
Convert_ToUInt32_m835119716	System.UInt32 System.Convert::ToUInt32(System.Boolean)	mscorlib
Convert_ToUInt32_m360864467	System.UInt32 System.Convert::ToUInt32(System.Byte)	mscorlib
Convert_ToUInt32_m3188121845	System.UInt32 System.Convert::ToUInt32(System.Char)	mscorlib
Convert_ToUInt32_m3622072499	System.UInt32 System.Convert::ToUInt32(System.Decimal)	mscorlib
Convert_ToUInt32_m1453583008	System.UInt32 System.Convert::ToUInt32(System.Double)	mscorlib
Convert_ToUInt32_m2045194461	System.UInt32 System.Convert::ToUInt32(System.Single)	mscorlib
Convert_ToUInt32_m2215525276	System.UInt32 System.Convert::ToUInt32(System.Int32)	mscorlib
Convert_ToUInt32_m2194577773	System.UInt32 System.Convert::ToUInt32(System.Int64)	mscorlib
Convert_ToUInt32_m3592050311	System.UInt32 System.Convert::ToUInt32(System.SByte)	mscorlib
Convert_ToUInt32_m4142998738	System.UInt32 System.Convert::ToUInt32(System.Int16)	mscorlib
Convert_ToUInt32_m3920761395	System.UInt32 System.Convert::ToUInt32(System.String,System.IFormatProvider)	mscorlib
Convert_ToUInt32_m1767593911	System.UInt32 System.Convert::ToUInt32(System.UInt64)	mscorlib
Convert_ToUInt32_m193615797	System.UInt32 System.Convert::ToUInt32(System.UInt16)	mscorlib
Convert_ToUInt32_m2061619287	System.UInt32 System.Convert::ToUInt32(System.Object,System.IFormatProvider)	mscorlib
Convert_ToUInt64_m2343585091	System.UInt64 System.Convert::ToUInt64(System.Boolean)	mscorlib
Convert_ToUInt64_m2652538228	System.UInt64 System.Convert::ToUInt64(System.Byte)	mscorlib
Convert_ToUInt64_m3102114524	System.UInt64 System.Convert::ToUInt64(System.Char)	mscorlib
Convert_ToUInt64_m92315402	System.UInt64 System.Convert::ToUInt64(System.Decimal)	mscorlib
Convert_ToUInt64_m1433697267	System.UInt64 System.Convert::ToUInt64(System.Double)	mscorlib
Convert_ToUInt64_m1627266664	System.UInt64 System.Convert::ToUInt64(System.Single)	mscorlib
Convert_ToUInt64_m786726853	System.UInt64 System.Convert::ToUInt64(System.Int32)	mscorlib
Convert_ToUInt64_m409548990	System.UInt64 System.Convert::ToUInt64(System.Int64)	mscorlib
Convert_ToUInt64_m473526756	System.UInt64 System.Convert::ToUInt64(System.SByte)	mscorlib
Convert_ToUInt64_m388601487	System.UInt64 System.Convert::ToUInt64(System.Int16)	mscorlib
Convert_ToUInt64_m2629133713	System.UInt64 System.Convert::ToUInt64(System.String,System.IFormatProvider)	mscorlib
Convert_ToUInt64_m1745056470	System.UInt64 System.Convert::ToUInt64(System.UInt32)	mscorlib
Convert_ToUInt64_m1362719450	System.UInt64 System.Convert::ToUInt64(System.UInt16)	mscorlib
Convert_ToUInt64_m1841050714	System.UInt64 System.Convert::ToUInt64(System.Object)	mscorlib
Convert_ToUInt64_m3170916409	System.UInt64 System.Convert::ToUInt64(System.Object,System.IFormatProvider)	mscorlib
Convert_ChangeType_m739676612	System.Object System.Convert::ChangeType(System.Object,System.Type)	mscorlib
Convert_ToType_m2406080310	System.Object System.Convert::ToType(System.Object,System.Type,System.IFormatProvider,System.Boolean)	mscorlib
CultureAwareComparer__ctor_m3981913244	System.Void System.CultureAwareComparer::.ctor(System.Globalization.CultureInfo,System.Boolean)	mscorlib
CultureAwareComparer_Compare_m1644833365	System.Int32 System.CultureAwareComparer::Compare(System.String,System.String)	mscorlib
CultureAwareComparer_Equals_m710929189	System.Boolean System.CultureAwareComparer::Equals(System.String,System.String)	mscorlib
CultureAwareComparer_GetHashCode_m1902485640	System.Int32 System.CultureAwareComparer::GetHashCode(System.String)	mscorlib
CurrentSystemTimeZone__ctor_m4046394832	System.Void System.CurrentSystemTimeZone::.ctor()	mscorlib
CurrentSystemTimeZone__ctor_m4224169966	System.Void System.CurrentSystemTimeZone::.ctor(System.Int64)	mscorlib
CurrentSystemTimeZone_System_Runtime_Serialization_IDeserializationCallback_OnDeserialization_m3815140570	System.Void System.CurrentSystemTimeZone::System.Runtime.Serialization.IDeserializationCallback.OnDeserialization(System.Object)	mscorlib
CurrentSystemTimeZone_GetTimeZoneData_m2641861607	System.Boolean System.CurrentSystemTimeZone::GetTimeZoneData(System.Int32,System.Int64[]&,System.String[]&)	mscorlib
CurrentSystemTimeZone_GetDaylightChanges_m2394763749	System.Globalization.DaylightTime System.CurrentSystemTimeZone::GetDaylightChanges(System.Int32)	mscorlib
CurrentSystemTimeZone_GetUtcOffset_m340358963	System.TimeSpan System.CurrentSystemTimeZone::GetUtcOffset(System.DateTime)	mscorlib
CurrentSystemTimeZone_OnDeserialization_m3711380055	System.Void System.CurrentSystemTimeZone::OnDeserialization(System.Globalization.DaylightTime)	mscorlib
CurrentSystemTimeZone_GetDaylightTimeFromData_m2196414210	System.Globalization.DaylightTime System.CurrentSystemTimeZone::GetDaylightTimeFromData(System.Int64[])	mscorlib
DateTime__ctor_m516789325_AdjustorThunk	System.Void System.DateTime::.ctor(System.Int64)	mscorlib
DateTime__ctor_m12900168_AdjustorThunk	System.Void System.DateTime::.ctor(System.Int32,System.Int32,System.Int32)	mscorlib
DateTime__ctor_m2030998145_AdjustorThunk	System.Void System.DateTime::.ctor(System.Int32,System.Int32,System.Int32,System.Int32,System.Int32,System.Int32,System.Int32)	mscorlib
DateTime__ctor_m2135476686_AdjustorThunk	System.Void System.DateTime::.ctor(System.Boolean,System.TimeSpan)	mscorlib
DateTime__ctor_m1095105629_AdjustorThunk	System.Void System.DateTime::.ctor(System.Int64,System.DateTimeKind)	mscorlib
DateTime__cctor_m1880035693	System.Void System.DateTime::.cctor()	mscorlib
DateTime_System_IConvertible_ToBoolean_m3229932458_AdjustorThunk	System.Boolean System.DateTime::System.IConvertible.ToBoolean(System.IFormatProvider)	mscorlib
DateTime_System_IConvertible_ToByte_m3025810066_AdjustorThunk	System.Byte System.DateTime::System.IConvertible.ToByte(System.IFormatProvider)	mscorlib
DateTime_System_IConvertible_ToChar_m197318076_AdjustorThunk	System.Char System.DateTime::System.IConvertible.ToChar(System.IFormatProvider)	mscorlib
DateTime_System_IConvertible_ToDateTime_m616366890_AdjustorThunk	System.DateTime System.DateTime::System.IConvertible.ToDateTime(System.IFormatProvider)	mscorlib
DateTime_System_IConvertible_ToDecimal_m1044850612_AdjustorThunk	System.Decimal System.DateTime::System.IConvertible.ToDecimal(System.IFormatProvider)	mscorlib
DateTime_System_IConvertible_ToDouble_m2116720007_AdjustorThunk	System.Double System.DateTime::System.IConvertible.ToDouble(System.IFormatProvider)	mscorlib
DateTime_System_IConvertible_ToInt16_m3239820399_AdjustorThunk	System.Int16 System.DateTime::System.IConvertible.ToInt16(System.IFormatProvider)	mscorlib
DateTime_System_IConvertible_ToInt32_m340560789_AdjustorThunk	System.Int32 System.DateTime::System.IConvertible.ToInt32(System.IFormatProvider)	mscorlib
DateTime_System_IConvertible_ToInt64_m850544508_AdjustorThunk	System.Int64 System.DateTime::System.IConvertible.ToInt64(System.IFormatProvider)	mscorlib
DateTime_System_IConvertible_ToSByte_m4130251280_AdjustorThunk	System.SByte System.DateTime::System.IConvertible.ToSByte(System.IFormatProvider)	mscorlib
DateTime_System_IConvertible_ToSingle_m2193708681_AdjustorThunk	System.Single System.DateTime::System.IConvertible.ToSingle(System.IFormatProvider)	mscorlib
DateTime_System_IConvertible_ToType_m1242864300_AdjustorThunk	System.Object System.DateTime::System.IConvertible.ToType(System.Type,System.IFormatProvider)	mscorlib
DateTime_System_IConvertible_ToUInt16_m4182197229_AdjustorThunk	System.UInt16 System.DateTime::System.IConvertible.ToUInt16(System.IFormatProvider)	mscorlib
DateTime_System_IConvertible_ToUInt32_m3781235049_AdjustorThunk	System.UInt32 System.DateTime::System.IConvertible.ToUInt32(System.IFormatProvider)	mscorlib
DateTime_System_IConvertible_ToUInt64_m2275741153_AdjustorThunk	System.UInt64 System.DateTime::System.IConvertible.ToUInt64(System.IFormatProvider)	mscorlib
DateTime_AbsoluteDays_m4235097773	System.Int32 System.DateTime::AbsoluteDays(System.Int32,System.Int32,System.Int32)	mscorlib
DateTime_FromTicks_m4059645178_AdjustorThunk	System.Int32 System.DateTime::FromTicks(System.DateTime/Which)	mscorlib
DateTime_get_Month_m1566006993_AdjustorThunk	System.Int32 System.DateTime::get_Month()	mscorlib
DateTime_get_Day_m1623500273_AdjustorThunk	System.Int32 System.DateTime::get_Day()	mscorlib
DateTime_get_DayOfWeek_m2326490739_AdjustorThunk	System.DayOfWeek System.DateTime::get_DayOfWeek()	mscorlib
DateTime_get_Hour_m4153505178_AdjustorThunk	System.Int32 System.DateTime::get_Hour()	mscorlib
DateTime_get_Minute_m87527789_AdjustorThunk	System.Int32 System.DateTime::get_Minute()	mscorlib
DateTime_get_Second_m2686182256_AdjustorThunk	System.Int32 System.DateTime::get_Second()	mscorlib
DateTime_GetTimeMonotonic_m2320662727	System.Int64 System.DateTime::GetTimeMonotonic()	mscorlib
DateTime_GetNow_m1268643815	System.Int64 System.DateTime::GetNow()	mscorlib
DateTime_get_Now_m1277138875	System.DateTime System.DateTime::get_Now()	mscorlib
DateTime_get_Ticks_m1550640881_AdjustorThunk	System.Int64 System.DateTime::get_Ticks()	mscorlib
DateTime_get_Today_m2788644320	System.DateTime System.DateTime::get_Today()	mscorlib
DateTime_get_UtcNow_m1393945741	System.DateTime System.DateTime::get_UtcNow()	mscorlib
DateTime_get_Year_m1184003812_AdjustorThunk	System.Int32 System.DateTime::get_Year()	mscorlib
DateTime_get_Kind_m2154871796_AdjustorThunk	System.DateTimeKind System.DateTime::get_Kind()	mscorlib
DateTime_Add_m2995894549_AdjustorThunk	System.DateTime System.DateTime::Add(System.TimeSpan)	mscorlib
DateTime_AddTicks_m3396580426_AdjustorThunk	System.DateTime System.DateTime::AddTicks(System.Int64)	mscorlib
DateTime_AddMilliseconds_m3713972790_AdjustorThunk	System.DateTime System.DateTime::AddMilliseconds(System.Double)	mscorlib
DateTime_AddSeconds_m332574389_AdjustorThunk	System.DateTime System.DateTime::AddSeconds(System.Double)	mscorlib
DateTime_Compare_m2855073242	System.Int32 System.DateTime::Compare(System.DateTime,System.DateTime)	mscorlib
DateTime_CompareTo_m3687348273_AdjustorThunk	System.Int32 System.DateTime::CompareTo(System.Object)	mscorlib
DateTime_CompareTo_m3889078633_AdjustorThunk	System.Int32 System.DateTime::CompareTo(System.DateTime)	mscorlib
DateTime_Equals_m4001498422_AdjustorThunk	System.Boolean System.DateTime::Equals(System.DateTime)	mscorlib
DateTime_FromBinary_m2489276715	System.DateTime System.DateTime::FromBinary(System.Int64)	mscorlib
DateTime_SpecifyKind_m3332658812	System.DateTime System.DateTime::SpecifyKind(System.DateTime,System.DateTimeKind)	mscorlib
DateTime_DaysInMonth_m2587936260	System.Int32 System.DateTime::DaysInMonth(System.Int32,System.Int32)	mscorlib
DateTime_Equals_m611432332_AdjustorThunk	System.Boolean System.DateTime::Equals(System.Object)	mscorlib
DateTime_CheckDateTimeKind_m456577410_AdjustorThunk	System.Void System.DateTime::CheckDateTimeKind(System.DateTimeKind)	mscorlib
DateTime_GetHashCode_m2261847002_AdjustorThunk	System.Int32 System.DateTime::GetHashCode()	mscorlib
DateTime_IsLeapYear_m1852497299	System.Boolean System.DateTime::IsLeapYear(System.Int32)	mscorlib
DateTime_Parse_m3729096069	System.DateTime System.DateTime::Parse(System.String,System.IFormatProvider)	mscorlib
DateTime_Parse_m1070804416	System.DateTime System.DateTime::Parse(System.String,System.IFormatProvider,System.Globalization.DateTimeStyles)	mscorlib
DateTime_CoreParse_m428043272	System.Boolean System.DateTime::CoreParse(System.String,System.IFormatProvider,System.Globalization.DateTimeStyles,System.DateTime&,System.DateTimeOffset&,System.Boolean,System.Exception&)	mscorlib
DateTime_YearMonthDayFormats_m827415370	System.String[] System.DateTime::YearMonthDayFormats(System.Globalization.DateTimeFormatInfo,System.Boolean,System.Exception&)	mscorlib
DateTime__ParseNumber_m1240316250	System.Int32 System.DateTime::_ParseNumber(System.String,System.Int32,System.Int32,System.Int32,System.Boolean,System.Boolean,System.Int32&)	mscorlib
DateTime__ParseEnum_m253019513	System.Int32 System.DateTime::_ParseEnum(System.String,System.Int32,System.String[],System.String[],System.Boolean,System.Int32&)	mscorlib
DateTime__ParseString_m2913931606	System.Boolean System.DateTime::_ParseString(System.String,System.Int32,System.Int32,System.String,System.Int32&)	mscorlib
DateTime__ParseAmPm_m3478436123	System.Boolean System.DateTime::_ParseAmPm(System.String,System.Int32,System.Int32,System.Globalization.DateTimeFormatInfo,System.Boolean,System.Int32&,System.Int32&)	mscorlib
DateTime__ParseTimeSeparator_m2659275695	System.Boolean System.DateTime::_ParseTimeSeparator(System.String,System.Int32,System.Globalization.DateTimeFormatInfo,System.Boolean,System.Int32&)	mscorlib
DateTime__ParseDateSeparator_m1803046501	System.Boolean System.DateTime::_ParseDateSeparator(System.String,System.Int32,System.Globalization.DateTimeFormatInfo,System.Boolean,System.Int32&)	mscorlib
DateTime_IsLetter_m156019844	System.Boolean System.DateTime::IsLetter(System.String,System.Int32)	mscorlib
DateTime__DoParse_m552486664	System.Boolean System.DateTime::_DoParse(System.String,System.String,System.String,System.Boolean,System.DateTime&,System.DateTimeOffset&,System.Globalization.DateTimeFormatInfo,System.Globalization.DateTimeStyles,System.Boolean,System.Boolean&,System.Boolean&)	mscorlib
DateTime_ParseExact_m2711902273	System.DateTime System.DateTime::ParseExact(System.String,System.String,System.IFormatProvider,System.Globalization.DateTimeStyles)	mscorlib
DateTime_ParseExact_m1132380469	System.DateTime System.DateTime::ParseExact(System.String,System.String[],System.IFormatProvider,System.Globalization.DateTimeStyles)	mscorlib
DateTime_CheckStyle_m1392838900	System.Void System.DateTime::CheckStyle(System.Globalization.DateTimeStyles)	mscorlib
DateTime_ParseExact_m317338046	System.Boolean System.DateTime::ParseExact(System.String,System.String[],System.Globalization.DateTimeFormatInfo,System.Globalization.DateTimeStyles,System.DateTime&,System.Boolean,System.Boolean&,System.Boolean,System.Exception&)	mscorlib
DateTime_Subtract_m3522513701_AdjustorThunk	System.DateTime System.DateTime::Subtract(System.TimeSpan)	mscorlib
DateTime_ToString_m884486936_AdjustorThunk	System.String System.DateTime::ToString()	mscorlib
DateTime_ToString_m1916142975_AdjustorThunk	System.String System.DateTime::ToString(System.IFormatProvider)	mscorlib
DateTime_ToString_m2992030064_AdjustorThunk	System.String System.DateTime::ToString(System.String,System.IFormatProvider)	mscorlib
DateTime_ToLocalTime_m3134475597_AdjustorThunk	System.DateTime System.DateTime::ToLocalTime()	mscorlib
DateTime_ToUniversalTime_m1945318289_AdjustorThunk	System.DateTime System.DateTime::ToUniversalTime()	mscorlib
DateTime_op_Addition_m1857121695	System.DateTime System.DateTime::op_Addition(System.DateTime,System.TimeSpan)	mscorlib
DateTime_op_Equality_m1022058599	System.Boolean System.DateTime::op_Equality(System.DateTime,System.DateTime)	mscorlib
DateTime_op_GreaterThan_m3768590082	System.Boolean System.DateTime::op_GreaterThan(System.DateTime,System.DateTime)	mscorlib
DateTime_op_GreaterThanOrEqual_m674703316	System.Boolean System.DateTime::op_GreaterThanOrEqual(System.DateTime,System.DateTime)	mscorlib
DateTime_op_Inequality_m1382517918	System.Boolean System.DateTime::op_Inequality(System.DateTime,System.DateTime)	mscorlib
DateTime_op_LessThan_m2497205152	System.Boolean System.DateTime::op_LessThan(System.DateTime,System.DateTime)	mscorlib
DateTime_op_LessThanOrEqual_m2360948759	System.Boolean System.DateTime::op_LessThanOrEqual(System.DateTime,System.DateTime)	mscorlib
DateTime_op_Subtraction_m529926081	System.DateTime System.DateTime::op_Subtraction(System.DateTime,System.TimeSpan)	mscorlib
DateTimeOffset__ctor_m2084804982_AdjustorThunk	System.Void System.DateTimeOffset::.ctor(System.DateTime)	mscorlib
DateTimeOffset__ctor_m74032857_AdjustorThunk	System.Void System.DateTimeOffset::.ctor(System.DateTime,System.TimeSpan)	mscorlib
DateTimeOffset__ctor_m1464148220_AdjustorThunk	System.Void System.DateTimeOffset::.ctor(System.Int64,System.TimeSpan)	mscorlib
DateTimeOffset__ctor_m2611141592_AdjustorThunk	System.Void System.DateTimeOffset::.ctor(System.Runtime.Serialization.SerializationInfo,System.Runtime.Serialization.StreamingContext)	mscorlib
DateTimeOffset__cctor_m3610253033	System.Void System.DateTimeOffset::.cctor()	mscorlib
DateTimeOffset_System_IComparable_CompareTo_m176229495_AdjustorThunk	System.Int32 System.DateTimeOffset::System.IComparable.CompareTo(System.Object)	mscorlib
DateTimeOffset_System_Runtime_Serialization_IDeserializationCallback_OnDeserialization_m592821093_AdjustorThunk	System.Void System.DateTimeOffset::System.Runtime.Serialization.IDeserializationCallback.OnDeserialization(System.Object)	mscorlib
DateTimeOffset_CompareTo_m1350732322_AdjustorThunk	System.Int32 System.DateTimeOffset::CompareTo(System.DateTimeOffset)	mscorlib
DateTimeOffset_Equals_m605268013_AdjustorThunk	System.Boolean System.DateTimeOffset::Equals(System.DateTimeOffset)	mscorlib
DateTimeOffset_Equals_m3030958070_AdjustorThunk	System.Boolean System.DateTimeOffset::Equals(System.Object)	mscorlib
DateTimeOffset_GetHashCode_m2209105223_AdjustorThunk	System.Int32 System.DateTimeOffset::GetHashCode()	mscorlib
DateTimeOffset_ToString_m3536563014_AdjustorThunk	System.String System.DateTimeOffset::ToString()	mscorlib
DateTimeOffset_ToString_m3985341516_AdjustorThunk	System.String System.DateTimeOffset::ToString(System.String,System.IFormatProvider)	mscorlib
DateTimeOffset_get_DateTime_m620985777_AdjustorThunk	System.DateTime System.DateTimeOffset::get_DateTime()	mscorlib
DateTimeOffset_get_Offset_m2040541042_AdjustorThunk	System.TimeSpan System.DateTimeOffset::get_Offset()	mscorlib
DateTimeOffset_get_UtcDateTime_m1021718282_AdjustorThunk	System.DateTime System.DateTimeOffset::get_UtcDateTime()	mscorlib
DateTimeUtils_CountRepeat_m3396693018	System.Int32 System.DateTimeUtils::CountRepeat(System.String,System.Int32,System.Char)	mscorlib
DateTimeUtils_ZeroPad_m1132893640	System.Void System.DateTimeUtils::ZeroPad(System.Text.StringBuilder,System.Int32,System.Int32)	mscorlib
DateTimeUtils_ParseQuotedString_m2573610321	System.Int32 System.DateTimeUtils::ParseQuotedString(System.String,System.Int32,System.Text.StringBuilder)	mscorlib
DateTimeUtils_GetStandardPattern_m728910817	System.String System.DateTimeUtils::GetStandardPattern(System.Char,System.Globalization.DateTimeFormatInfo,System.Boolean&,System.Boolean&)	mscorlib
DateTimeUtils_GetStandardPattern_m813010822	System.String System.DateTimeUtils::GetStandardPattern(System.Char,System.Globalization.DateTimeFormatInfo,System.Boolean&,System.Boolean&,System.Boolean)	mscorlib
DateTimeUtils_ToString_m93951406	System.String System.DateTimeUtils::ToString(System.DateTime,System.String,System.Globalization.DateTimeFormatInfo)	mscorlib
DateTimeUtils_ToString_m1782212840	System.String System.DateTimeUtils::ToString(System.DateTime,System.Nullable`1<System.TimeSpan>,System.String,System.Globalization.DateTimeFormatInfo)	mscorlib
DBNull__ctor_m3264522145	System.Void System.DBNull::.ctor()	mscorlib
DBNull__ctor_m3431698857	System.Void System.DBNull::.ctor(System.Runtime.Serialization.SerializationInfo,System.Runtime.Serialization.StreamingContext)	mscorlib
DBNull__cctor_m1221711106	System.Void System.DBNull::.cctor()	mscorlib
DBNull_System_IConvertible_ToBoolean_m702787761	System.Boolean System.DBNull::System.IConvertible.ToBoolean(System.IFormatProvider)	mscorlib
DBNull_System_IConvertible_ToByte_m3625770190	System.Byte System.DBNull::System.IConvertible.ToByte(System.IFormatProvider)	mscorlib
DBNull_System_IConvertible_ToChar_m4140628367	System.Char System.DBNull::System.IConvertible.ToChar(System.IFormatProvider)	mscorlib
DBNull_System_IConvertible_ToDateTime_m3633350356	System.DateTime System.DBNull::System.IConvertible.ToDateTime(System.IFormatProvider)	mscorlib
DBNull_System_IConvertible_ToDecimal_m1883582283	System.Decimal System.DBNull::System.IConvertible.ToDecimal(System.IFormatProvider)	mscorlib
DBNull_System_IConvertible_ToDouble_m150664744	System.Double System.DBNull::System.IConvertible.ToDouble(System.IFormatProvider)	mscorlib
DBNull_System_IConvertible_ToInt16_m4228856009	System.Int16 System.DBNull::System.IConvertible.ToInt16(System.IFormatProvider)	mscorlib
DBNull_System_IConvertible_ToInt32_m4178834757	System.Int32 System.DBNull::System.IConvertible.ToInt32(System.IFormatProvider)	mscorlib
DBNull_System_IConvertible_ToInt64_m3889862579	System.Int64 System.DBNull::System.IConvertible.ToInt64(System.IFormatProvider)	mscorlib
DBNull_System_IConvertible_ToSByte_m3533624679	System.SByte System.DBNull::System.IConvertible.ToSByte(System.IFormatProvider)	mscorlib
DBNull_System_IConvertible_ToSingle_m13713620	System.Single System.DBNull::System.IConvertible.ToSingle(System.IFormatProvider)	mscorlib
DBNull_System_IConvertible_ToType_m145027518	System.Object System.DBNull::System.IConvertible.ToType(System.Type,System.IFormatProvider)	mscorlib
DBNull_System_IConvertible_ToUInt16_m643477279	System.UInt16 System.DBNull::System.IConvertible.ToUInt16(System.IFormatProvider)	mscorlib
DBNull_System_IConvertible_ToUInt32_m3784627971	System.UInt32 System.DBNull::System.IConvertible.ToUInt32(System.IFormatProvider)	mscorlib
DBNull_System_IConvertible_ToUInt64_m4072736670	System.UInt64 System.DBNull::System.IConvertible.ToUInt64(System.IFormatProvider)	mscorlib
DBNull_ToString_m3638608738	System.String System.DBNull::ToString()	mscorlib
DBNull_ToString_m1318017576	System.String System.DBNull::ToString(System.IFormatProvider)	mscorlib
Decimal__ctor_m3650533794_AdjustorThunk	System.Void System.Decimal::.ctor(System.Int32,System.Int32,System.Int32,System.Boolean,System.Byte)	mscorlib
Decimal__ctor_m1256289983_AdjustorThunk	System.Void System.Decimal::.ctor(System.Int32)	mscorlib
Decimal__ctor_m572982025_AdjustorThunk	System.Void System.Decimal::.ctor(System.UInt32)	mscorlib
Decimal__ctor_m450048609_AdjustorThunk	System.Void System.Decimal::.ctor(System.Int64)	mscorlib
Decimal__ctor_m593929528_AdjustorThunk	System.Void System.Decimal::.ctor(System.UInt64)	mscorlib
Decimal__ctor_m1925875020_AdjustorThunk	System.Void System.Decimal::.ctor(System.Single)	mscorlib
Decimal__ctor_m1842485920_AdjustorThunk	System.Void System.Decimal::.ctor(System.Double)	mscorlib
Decimal__cctor_m834667025	System.Void System.Decimal::.cctor()	mscorlib
Decimal_System_IConvertible_ToType_m2919262279_AdjustorThunk	System.Object System.Decimal::System.IConvertible.ToType(System.Type,System.IFormatProvider)	mscorlib
Decimal_System_IConvertible_ToBoolean_m1123794670_AdjustorThunk	System.Boolean System.Decimal::System.IConvertible.ToBoolean(System.IFormatProvider)	mscorlib
Decimal_System_IConvertible_ToByte_m1059182322_AdjustorThunk	System.Byte System.Decimal::System.IConvertible.ToByte(System.IFormatProvider)	mscorlib
Decimal_System_IConvertible_ToChar_m2248324273_AdjustorThunk	System.Char System.Decimal::System.IConvertible.ToChar(System.IFormatProvider)	mscorlib
Decimal_System_IConvertible_ToDateTime_m106179626_AdjustorThunk	System.DateTime System.Decimal::System.IConvertible.ToDateTime(System.IFormatProvider)	mscorlib
Decimal_System_IConvertible_ToDecimal_m2403239382_AdjustorThunk	System.Decimal System.Decimal::System.IConvertible.ToDecimal(System.IFormatProvider)	mscorlib
Decimal_System_IConvertible_ToDouble_m3125524987_AdjustorThunk	System.Double System.Decimal::System.IConvertible.ToDouble(System.IFormatProvider)	mscorlib
Decimal_System_IConvertible_ToInt16_m1574696763_AdjustorThunk	System.Int16 System.Decimal::System.IConvertible.ToInt16(System.IFormatProvider)	mscorlib
Decimal_System_IConvertible_ToInt32_m1488426794_AdjustorThunk	System.Int32 System.Decimal::System.IConvertible.ToInt32(System.IFormatProvider)	mscorlib
Decimal_System_IConvertible_ToInt64_m1446427516_AdjustorThunk	System.Int64 System.Decimal::System.IConvertible.ToInt64(System.IFormatProvider)	mscorlib
Decimal_System_IConvertible_ToSByte_m1299038473_AdjustorThunk	System.SByte System.Decimal::System.IConvertible.ToSByte(System.IFormatProvider)	mscorlib
Decimal_System_IConvertible_ToSingle_m1019108991_AdjustorThunk	System.Single System.Decimal::System.IConvertible.ToSingle(System.IFormatProvider)	mscorlib
Decimal_System_IConvertible_ToUInt16_m1185974300_AdjustorThunk	System.UInt16 System.Decimal::System.IConvertible.ToUInt16(System.IFormatProvider)	mscorlib
Decimal_System_IConvertible_ToUInt32_m4224836830_AdjustorThunk	System.UInt32 System.Decimal::System.IConvertible.ToUInt32(System.IFormatProvider)	mscorlib
Decimal_System_IConvertible_ToUInt64_m1323635232_AdjustorThunk	System.UInt64 System.Decimal::System.IConvertible.ToUInt64(System.IFormatProvider)	mscorlib
Decimal_GetBits_m453754410	System.Int32[] System.Decimal::GetBits(System.Decimal)	mscorlib
Decimal_Add_m114360190	System.Decimal System.Decimal::Add(System.Decimal,System.Decimal)	mscorlib
Decimal_Subtract_m835601464	System.Decimal System.Decimal::Subtract(System.Decimal,System.Decimal)	mscorlib
Decimal_GetHashCode_m2838600885_AdjustorThunk	System.Int32 System.Decimal::GetHashCode()	mscorlib
Decimal_u64_m3374804932	System.UInt64 System.Decimal::u64(System.Decimal)	mscorlib
Decimal_s64_m309158181	System.Int64 System.Decimal::s64(System.Decimal)	mscorlib
Decimal_Equals_m3759456653	System.Boolean System.Decimal::Equals(System.Decimal,System.Decimal)	mscorlib
Decimal_Equals_m2592017260_AdjustorThunk	System.Boolean System.Decimal::Equals(System.Object)	mscorlib
Decimal_IsZero_m4250358244_AdjustorThunk	System.Boolean System.Decimal::IsZero()	mscorlib
Decimal_Floor_m1786329488	System.Decimal System.Decimal::Floor(System.Decimal)	mscorlib
Decimal_Multiply_m462893147	System.Decimal System.Decimal::Multiply(System.Decimal,System.Decimal)	mscorlib
Decimal_Divide_m3489391442	System.Decimal System.Decimal::Divide(System.Decimal,System.Decimal)	mscorlib
Decimal_Compare_m3062820418	System.Int32 System.Decimal::Compare(System.Decimal,System.Decimal)	mscorlib
Decimal_CompareTo_m3345610437_AdjustorThunk	System.Int32 System.Decimal::CompareTo(System.Object)	mscorlib
Decimal_CompareTo_m3502307243_AdjustorThunk	System.Int32 System.Decimal::CompareTo(System.Decimal)	mscorlib
Decimal_Equals_m2486655999_AdjustorThunk	System.Boolean System.Decimal::Equals(System.Decimal)	mscorlib
Decimal_Parse_m4154418249	System.Decimal System.Decimal::Parse(System.String,System.IFormatProvider)	mscorlib
Decimal_ThrowAtPos_m1170269346	System.Void System.Decimal::ThrowAtPos(System.Int32)	mscorlib
Decimal_ThrowInvalidExp_m818482357	System.Void System.Decimal::ThrowInvalidExp()	mscorlib
Decimal_stripStyles_m1823381019	System.String System.Decimal::stripStyles(System.String,System.Globalization.NumberStyles,System.Globalization.NumberFormatInfo,System.Int32&,System.Boolean&,System.Boolean&,System.Int32&,System.Boolean)	mscorlib
Decimal_Parse_m942471224	System.Decimal System.Decimal::Parse(System.String,System.Globalization.NumberStyles,System.IFormatProvider)	mscorlib
Decimal_PerformParse_m1679987175	System.Boolean System.Decimal::PerformParse(System.String,System.Globalization.NumberStyles,System.IFormatProvider,System.Decimal&,System.Boolean)	mscorlib
Decimal_ToString_m14270257_AdjustorThunk	System.String System.Decimal::ToString(System.String,System.IFormatProvider)	mscorlib
Decimal_ToString_m4018746482_AdjustorThunk	System.String System.Decimal::ToString()	mscorlib
Decimal_ToString_m3653216873_AdjustorThunk	System.String System.Decimal::ToString(System.IFormatProvider)	mscorlib
Decimal_decimal2UInt64_m3460477816	System.Int32 System.Decimal::decimal2UInt64(System.Decimal&,System.UInt64&)	mscorlib
Decimal_decimal2Int64_m2102545213	System.Int32 System.Decimal::decimal2Int64(System.Decimal&,System.Int64&)	mscorlib
Decimal_decimalIncr_m1887017143	System.Int32 System.Decimal::decimalIncr(System.Decimal&,System.Decimal&)	mscorlib
Decimal_string2decimal_m207208267	System.Int32 System.Decimal::string2decimal(System.Decimal&,System.String,System.UInt32,System.Int32)	mscorlib
Decimal_decimalSetExponent_m3707787243	System.Int32 System.Decimal::decimalSetExponent(System.Decimal&,System.Int32)	mscorlib
Decimal_decimal2double_m2573538823	System.Double System.Decimal::decimal2double(System.Decimal&)	mscorlib
Decimal_decimalFloorAndTrunc_m3496207836	System.Void System.Decimal::decimalFloorAndTrunc(System.Decimal&,System.Int32)	mscorlib
Decimal_decimalMult_m3812462972	System.Int32 System.Decimal::decimalMult(System.Decimal&,System.Decimal&)	mscorlib
Decimal_decimalDiv_m3235226503	System.Int32 System.Decimal::decimalDiv(System.Decimal&,System.Decimal&,System.Decimal&)	mscorlib
Decimal_decimalCompare_m3796132203	System.Int32 System.Decimal::decimalCompare(System.Decimal&,System.Decimal&)	mscorlib
Decimal_op_Increment_m2045993911	System.Decimal System.Decimal::op_Increment(System.Decimal)	mscorlib
Decimal_op_Subtraction_m2530510375	System.Decimal System.Decimal::op_Subtraction(System.Decimal,System.Decimal)	mscorlib
Decimal_op_Multiply_m2389849621	System.Decimal System.Decimal::op_Multiply(System.Decimal,System.Decimal)	mscorlib
Decimal_op_Division_m2407964042	System.Decimal System.Decimal::op_Division(System.Decimal,System.Decimal)	mscorlib
Decimal_op_Explicit_m2848387298	System.Byte System.Decimal::op_Explicit(System.Decimal)	mscorlib
Decimal_op_Explicit_m1824467517	System.SByte System.Decimal::op_Explicit(System.Decimal)	mscorlib
Decimal_op_Explicit_m4231101593	System.Int16 System.Decimal::op_Explicit(System.Decimal)	mscorlib
Decimal_op_Explicit_m3716368008	System.UInt16 System.Decimal::op_Explicit(System.Decimal)	mscorlib
Decimal_op_Explicit_m1842265407	System.Int32 System.Decimal::op_Explicit(System.Decimal)	mscorlib
Decimal_op_Explicit_m1639916169	System.UInt32 System.Decimal::op_Explicit(System.Decimal)	mscorlib
Decimal_op_Explicit_m438967917	System.Int64 System.Decimal::op_Explicit(System.Decimal)	mscorlib
Decimal_op_Explicit_m1503081942	System.UInt64 System.Decimal::op_Explicit(System.Decimal)	mscorlib
Decimal_op_Implicit_m29414198	System.Decimal System.Decimal::op_Implicit(System.Byte)	mscorlib
Decimal_op_Implicit_m1920400487	System.Decimal System.Decimal::op_Implicit(System.SByte)	mscorlib
Decimal_op_Implicit_m3696395396	System.Decimal System.Decimal::op_Implicit(System.Int16)	mscorlib
Decimal_op_Implicit_m4256234411	System.Decimal System.Decimal::op_Implicit(System.UInt16)	mscorlib
Decimal_op_Implicit_m1328901562	System.Decimal System.Decimal::op_Implicit(System.Int32)	mscorlib
Decimal_op_Implicit_m3873897383	System.Decimal System.Decimal::op_Implicit(System.UInt32)	mscorlib
Decimal_op_Implicit_m1349849065	System.Decimal System.Decimal::op_Implicit(System.Int64)	mscorlib
Decimal_op_Implicit_m2299919277	System.Decimal System.Decimal::op_Implicit(System.UInt64)	mscorlib
Decimal_op_Explicit_m2070069477	System.Decimal System.Decimal::op_Explicit(System.Single)	mscorlib
Decimal_op_Explicit_m2433293820	System.Decimal System.Decimal::op_Explicit(System.Double)	mscorlib
Decimal_op_Explicit_m3488287464	System.Single System.Decimal::op_Explicit(System.Decimal)	mscorlib
Decimal_op_Explicit_m2816896069	System.Double System.Decimal::op_Explicit(System.Decimal)	mscorlib
Decimal_op_Inequality_m3543190500	System.Boolean System.Decimal::op_Inequality(System.Decimal,System.Decimal)	mscorlib
Decimal_op_Equality_m77262825	System.Boolean System.Decimal::op_Equality(System.Decimal,System.Decimal)	mscorlib
Decimal_op_GreaterThan_m627311519	System.Boolean System.Decimal::op_GreaterThan(System.Decimal,System.Decimal)	mscorlib
Decimal_op_LessThan_m1273833514	System.Boolean System.Decimal::op_LessThan(System.Decimal,System.Decimal)	mscorlib
Delegate_get_Method_m3071622864	System.Reflection.MethodInfo System.Delegate::get_Method()	mscorlib
Delegate_get_Target_m2361978888	System.Object System.Delegate::get_Target()	mscorlib
Delegate_CreateDelegate_internal_m2845516975	System.Delegate System.Delegate::CreateDelegate_internal(System.Type,System.Object,System.Reflection.MethodInfo,System.Boolean)	mscorlib
Delegate_SetMulticastInvoke_m342000618	System.Void System.Delegate::SetMulticastInvoke()	mscorlib
Delegate_arg_type_match_m870692501	System.Boolean System.Delegate::arg_type_match(System.Type,System.Type)	mscorlib
Delegate_return_type_match_m2309328069	System.Boolean System.Delegate::return_type_match(System.Type,System.Type)	mscorlib
Delegate_CreateDelegate_m2386636647	System.Delegate System.Delegate::CreateDelegate(System.Type,System.Object,System.Reflection.MethodInfo,System.Boolean)	mscorlib
Delegate_CreateDelegate_m995503480	System.Delegate System.Delegate::CreateDelegate(System.Type,System.Object,System.Reflection.MethodInfo)	mscorlib
Delegate_CreateDelegate_m1051651521	System.Delegate System.Delegate::CreateDelegate(System.Type,System.Reflection.MethodInfo,System.Boolean)	mscorlib
Delegate_CreateDelegate_m2396489936	System.Delegate System.Delegate::CreateDelegate(System.Type,System.Reflection.MethodInfo)	mscorlib
Delegate_Clone_m4001596073	System.Object System.Delegate::Clone()	mscorlib
Delegate_Equals_m821895546	System.Boolean System.Delegate::Equals(System.Object)	mscorlib
Delegate_GetHashCode_m2102814970	System.Int32 System.Delegate::GetHashCode()	mscorlib
Delegate_GetInvocationList_m592727217	System.Delegate[] System.Delegate::GetInvocationList()	mscorlib
Delegate_Combine_m1859655160	System.Delegate System.Delegate::Combine(System.Delegate,System.Delegate)	mscorlib
Delegate_CombineImpl_m3572135514	System.Delegate System.Delegate::CombineImpl(System.Delegate)	mscorlib
Delegate_Remove_m334097152	System.Delegate System.Delegate::Remove(System.Delegate,System.Delegate)	mscorlib
Delegate_RemoveImpl_m1108247463	System.Delegate System.Delegate::RemoveImpl(System.Delegate)	mscorlib
DebuggableAttribute__ctor_m3124850944	System.Void System.Diagnostics.DebuggableAttribute::.ctor(System.Diagnostics.DebuggableAttribute/DebuggingModes)	mscorlib
DebuggerBrowsableAttribute__ctor_m28117720	System.Void System.Diagnostics.DebuggerBrowsableAttribute::.ctor(System.Diagnostics.DebuggerBrowsableState)	mscorlib
DebuggerDisplayAttribute__ctor_m2387841105	System.Void System.Diagnostics.DebuggerDisplayAttribute::.ctor(System.String)	mscorlib
DebuggerDisplayAttribute_set_Name_m615572732	System.Void System.Diagnostics.DebuggerDisplayAttribute::set_Name(System.String)	mscorlib
DebuggerHiddenAttribute__ctor_m2764625696	System.Void System.Diagnostics.DebuggerHiddenAttribute::.ctor()	mscorlib
DebuggerStepThroughAttribute__ctor_m2219434937	System.Void System.Diagnostics.DebuggerStepThroughAttribute::.ctor()	mscorlib
DebuggerTypeProxyAttribute__ctor_m3663763196	System.Void System.Diagnostics.DebuggerTypeProxyAttribute::.ctor(System.Type)	mscorlib
StackFrame__ctor_m343464319	System.Void System.Diagnostics.StackFrame::.ctor()	mscorlib
StackFrame__ctor_m2610717164	System.Void System.Diagnostics.StackFrame::.ctor(System.Int32,System.Boolean)	mscorlib
StackFrame_get_frame_info_m2312611643	System.Boolean System.Diagnostics.StackFrame::get_frame_info(System.Int32,System.Boolean,System.Reflection.MethodBase&,System.Int32&,System.Int32&,System.String&,System.Int32&,System.Int32&)	mscorlib
StackFrame_GetFileLineNumber_m1986974137	System.Int32 System.Diagnostics.StackFrame::GetFileLineNumber()	mscorlib
StackFrame_GetFileName_m3683503392	System.String System.Diagnostics.StackFrame::GetFileName()	mscorlib
StackFrame_GetSecureFileName_m1124504902	System.String System.Diagnostics.StackFrame::GetSecureFileName()	mscorlib
StackFrame_GetILOffset_m1850960982	System.Int32 System.Diagnostics.StackFrame::GetILOffset()	mscorlib
StackFrame_GetMethod_m1395840764	System.Reflection.MethodBase System.Diagnostics.StackFrame::GetMethod()	mscorlib
StackFrame_GetNativeOffset_m4140370738	System.Int32 System.Diagnostics.StackFrame::GetNativeOffset()	mscorlib
StackFrame_GetInternalMethodName_m1232559961	System.String System.Diagnostics.StackFrame::GetInternalMethodName()	mscorlib
StackFrame_ToString_m431970945	System.String System.Diagnostics.StackFrame::ToString()	mscorlib
StackTrace__ctor_m206492268	System.Void System.Diagnostics.StackTrace::.ctor()	mscorlib
StackTrace__ctor_m1685176557	System.Void System.Diagnostics.StackTrace::.ctor(System.Int32,System.Boolean)	mscorlib
StackTrace__ctor_m2642163899	System.Void System.Diagnostics.StackTrace::.ctor(System.Exception,System.Int32,System.Boolean,System.Boolean)	mscorlib
StackTrace_init_frames_m641783388	System.Void System.Diagnostics.StackTrace::init_frames(System.Int32,System.Boolean)	mscorlib
StackTrace_get_trace_m1194606084	System.Diagnostics.StackFrame[] System.Diagnostics.StackTrace::get_trace(System.Exception,System.Int32,System.Boolean)	mscorlib
StackTrace_get_FrameCount_m344690939	System.Int32 System.Diagnostics.StackTrace::get_FrameCount()	mscorlib
StackTrace_GetFrame_m3844938190	System.Diagnostics.StackFrame System.Diagnostics.StackTrace::GetFrame(System.Int32)	mscorlib
StackTrace_ToString_m1758556626	System.String System.Diagnostics.StackTrace::ToString()	mscorlib
DivideByZeroException__ctor_m3496959969	System.Void System.DivideByZeroException::.ctor()	mscorlib
DivideByZeroException__ctor_m3315083383	System.Void System.DivideByZeroException::.ctor(System.Runtime.Serialization.SerializationInfo,System.Runtime.Serialization.StreamingContext)	mscorlib
DllNotFoundException__ctor_m3079838043	System.Void System.DllNotFoundException::.ctor()	mscorlib
DllNotFoundException__ctor_m1156705135	System.Void System.DllNotFoundException::.ctor(System.Runtime.Serialization.SerializationInfo,System.Runtime.Serialization.StreamingContext)	mscorlib
Double_System_IConvertible_ToType_m1438630475_AdjustorThunk	System.Object System.Double::System.IConvertible.ToType(System.Type,System.IFormatProvider)	mscorlib
Double_System_IConvertible_ToBoolean_m652944629_AdjustorThunk	System.Boolean System.Double::System.IConvertible.ToBoolean(System.IFormatProvider)	mscorlib
Double_System_IConvertible_ToByte_m410894149_AdjustorThunk	System.Byte System.Double::System.IConvertible.ToByte(System.IFormatProvider)	mscorlib
Double_System_IConvertible_ToChar_m285688079_AdjustorThunk	System.Char System.Double::System.IConvertible.ToChar(System.IFormatProvider)	mscorlib
Double_System_IConvertible_ToDateTime_m2414543049_AdjustorThunk	System.DateTime System.Double::System.IConvertible.ToDateTime(System.IFormatProvider)	mscorlib
Double_System_IConvertible_ToDecimal_m2316246766_AdjustorThunk	System.Decimal System.Double::System.IConvertible.ToDecimal(System.IFormatProvider)	mscorlib
Double_System_IConvertible_ToDouble_m3692611612_AdjustorThunk	System.Double System.Double::System.IConvertible.ToDouble(System.IFormatProvider)	mscorlib
Double_System_IConvertible_ToInt16_m3591921965_AdjustorThunk	System.Int16 System.Double::System.IConvertible.ToInt16(System.IFormatProvider)	mscorlib
Double_System_IConvertible_ToInt32_m2896275711_AdjustorThunk	System.Int32 System.Double::System.IConvertible.ToInt32(System.IFormatProvider)	mscorlib
Double_System_IConvertible_ToInt64_m3968660899_AdjustorThunk	System.Int64 System.Double::System.IConvertible.ToInt64(System.IFormatProvider)	mscorlib
Double_System_IConvertible_ToSByte_m341638588_AdjustorThunk	System.SByte System.Double::System.IConvertible.ToSByte(System.IFormatProvider)	mscorlib
Double_System_IConvertible_ToSingle_m4088557181_AdjustorThunk	System.Single System.Double::System.IConvertible.ToSingle(System.IFormatProvider)	mscorlib
Double_System_IConvertible_ToUInt16_m4132603953_AdjustorThunk	System.UInt16 System.Double::System.IConvertible.ToUInt16(System.IFormatProvider)	mscorlib
Double_System_IConvertible_ToUInt32_m271206838_AdjustorThunk	System.UInt32 System.Double::System.IConvertible.ToUInt32(System.IFormatProvider)	mscorlib
Double_System_IConvertible_ToUInt64_m3220586809_AdjustorThunk	System.UInt64 System.Double::System.IConvertible.ToUInt64(System.IFormatProvider)	mscorlib
Double_CompareTo_m2275617179_AdjustorThunk	System.Int32 System.Double::CompareTo(System.Object)	mscorlib
Double_Equals_m1674752021_AdjustorThunk	System.Boolean System.Double::Equals(System.Object)	mscorlib
Double_CompareTo_m3151899116_AdjustorThunk	System.Int32 System.Double::CompareTo(System.Double)	mscorlib
Double_Equals_m2309369974_AdjustorThunk	System.Boolean System.Double::Equals(System.Double)	mscorlib
Double_GetHashCode_m2295714610_AdjustorThunk	System.Int32 System.Double::GetHashCode()	mscorlib
Double_IsInfinity_m820013146	System.Boolean System.Double::IsInfinity(System.Double)	mscorlib
Double_IsNaN_m649024406	System.Boolean System.Double::IsNaN(System.Double)	mscorlib
Double_IsNegativeInfinity_m538614603	System.Boolean System.Double::IsNegativeInfinity(System.Double)	mscorlib
Double_IsPositiveInfinity_m1245619811	System.Boolean System.Double::IsPositiveInfinity(System.Double)	mscorlib
Double_Parse_m4153729520	System.Double System.Double::Parse(System.String)	mscorlib
Double_Parse_m3456374109	System.Double System.Double::Parse(System.String,System.IFormatProvider)	mscorlib
Double_Parse_m1135962389	System.Double System.Double::Parse(System.String,System.Globalization.NumberStyles,System.IFormatProvider)	mscorlib
Double_Parse_m2152196909	System.Boolean System.Double::Parse(System.String,System.Globalization.NumberStyles,System.IFormatProvider,System.Boolean,System.Double&,System.Exception&)	mscorlib
Double_TryParseStringConstant_m3290212599	System.Boolean System.Double::TryParseStringConstant(System.String,System.String,System.Int32,System.Int32)	mscorlib
Double_ParseImpl_m3514935432	System.Boolean System.Double::ParseImpl(System.Byte*,System.Double&)	mscorlib
Double_ToString_m1229922074_AdjustorThunk	System.String System.Double::ToString()	mscorlib
Double_ToString_m3828879243_AdjustorThunk	System.String System.Double::ToString(System.IFormatProvider)	mscorlib
Double_ToString_m1051753975_AdjustorThunk	System.String System.Double::ToString(System.String,System.IFormatProvider)	mscorlib
EntryPointNotFoundException__ctor_m4137625441	System.Void System.EntryPointNotFoundException::.ctor()	mscorlib
EntryPointNotFoundException__ctor_m1278765702	System.Void System.EntryPointNotFoundException::.ctor(System.Runtime.Serialization.SerializationInfo,System.Runtime.Serialization.StreamingContext)	mscorlib
Enum__ctor_m3602080049	System.Void System.Enum::.ctor()	mscorlib
Enum__cctor_m2925047542	System.Void System.Enum::.cctor()	mscorlib
Enum_System_IConvertible_ToBoolean_m1977632688	System.Boolean System.Enum::System.IConvertible.ToBoolean(System.IFormatProvider)	mscorlib
Enum_System_IConvertible_ToByte_m1219166845	System.Byte System.Enum::System.IConvertible.ToByte(System.IFormatProvider)	mscorlib
Enum_System_IConvertible_ToChar_m3901971946	System.Char System.Enum::System.IConvertible.ToChar(System.IFormatProvider)	mscorlib
Enum_System_IConvertible_ToDateTime_m3823814707	System.DateTime System.Enum::System.IConvertible.ToDateTime(System.IFormatProvider)	mscorlib
Enum_System_IConvertible_ToDecimal_m3435237785	System.Decimal System.Enum::System.IConvertible.ToDecimal(System.IFormatProvider)	mscorlib
Enum_System_IConvertible_ToDouble_m440464077	System.Double System.Enum::System.IConvertible.ToDouble(System.IFormatProvider)	mscorlib
Enum_System_IConvertible_ToInt16_m2887101011	System.Int16 System.Enum::System.IConvertible.ToInt16(System.IFormatProvider)	mscorlib
Enum_System_IConvertible_ToInt32_m2383479183	System.Int32 System.Enum::System.IConvertible.ToInt32(System.IFormatProvider)	mscorlib
Enum_System_IConvertible_ToInt64_m3491891092	System.Int64 System.Enum::System.IConvertible.ToInt64(System.IFormatProvider)	mscorlib
Enum_System_IConvertible_ToSByte_m779472798	System.SByte System.Enum::System.IConvertible.ToSByte(System.IFormatProvider)	mscorlib
Enum_System_IConvertible_ToSingle_m1234919892	System.Single System.Enum::System.IConvertible.ToSingle(System.IFormatProvider)	mscorlib
Enum_System_IConvertible_ToType_m2699994218	System.Object System.Enum::System.IConvertible.ToType(System.Type,System.IFormatProvider)	mscorlib
Enum_System_IConvertible_ToUInt16_m4216751959	System.UInt16 System.Enum::System.IConvertible.ToUInt16(System.IFormatProvider)	mscorlib
Enum_System_IConvertible_ToUInt32_m2421368233	System.UInt32 System.Enum::System.IConvertible.ToUInt32(System.IFormatProvider)	mscorlib
Enum_System_IConvertible_ToUInt64_m2641010424	System.UInt64 System.Enum::System.IConvertible.ToUInt64(System.IFormatProvider)	mscorlib
Enum_GetTypeCode_m3381045179	System.TypeCode System.Enum::GetTypeCode()	mscorlib
Enum_get_value_m3943994903	System.Object System.Enum::get_value()	mscorlib
Enum_get_Value_m3943993911	System.Object System.Enum::get_Value()	mscorlib
Enum_FindPosition_m1093426213	System.Int32 System.Enum::FindPosition(System.Object,System.Array)	mscorlib
Enum_GetName_m2151614395	System.String System.Enum::GetName(System.Type,System.Object)	mscorlib
Enum_IsDefined_m1442314461	System.Boolean System.Enum::IsDefined(System.Type,System.Object)	mscorlib
Enum_get_underlying_type_m267913430	System.Type System.Enum::get_underlying_type(System.Type)	mscorlib
Enum_GetUnderlyingType_m2480312097	System.Type System.Enum::GetUnderlyingType(System.Type)	mscorlib
Enum_FindName_m293338090	System.Int32 System.Enum::FindName(System.Collections.Hashtable,System.String[],System.String,System.Boolean)	mscorlib
Enum_GetValue_m3535945367	System.UInt64 System.Enum::GetValue(System.Object,System.TypeCode)	mscorlib
Enum_Parse_m1579637477	System.Object System.Enum::Parse(System.Type,System.String,System.Boolean)	mscorlib
Enum_compare_value_to_m1105953270	System.Int32 System.Enum::compare_value_to(System.Object)	mscorlib
Enum_CompareTo_m4158304618	System.Int32 System.Enum::CompareTo(System.Object)	mscorlib
Enum_ToString_m2240012010	System.String System.Enum::ToString()	mscorlib
Enum_ToString_m3124963174	System.String System.Enum::ToString(System.IFormatProvider)	mscorlib
Enum_ToString_m2477889358	System.String System.Enum::ToString(System.String)	mscorlib
Enum_ToString_m3248653065	System.String System.Enum::ToString(System.String,System.IFormatProvider)	mscorlib
Enum_ToObject_m1949662789	System.Object System.Enum::ToObject(System.Type,System.Byte)	mscorlib
Enum_ToObject_m3092348831	System.Object System.Enum::ToObject(System.Type,System.Int16)	mscorlib
Enum_ToObject_m2710011811	System.Object System.Enum::ToObject(System.Type,System.Int32)	mscorlib
Enum_ToObject_m1136033697	System.Object System.Enum::ToObject(System.Type,System.Int64)	mscorlib
Enum_ToObject_m1628250250	System.Object System.Enum::ToObject(System.Type,System.Object)	mscorlib
Enum_ToObject_m26687919	System.Object System.Enum::ToObject(System.Type,System.SByte)	mscorlib
Enum_ToObject_m121962870	System.Object System.Enum::ToObject(System.Type,System.UInt16)	mscorlib
Enum_ToObject_m122225012	System.Object System.Enum::ToObject(System.Type,System.UInt32)	mscorlib
Enum_ToObject_m121831801	System.Object System.Enum::ToObject(System.Type,System.UInt64)	mscorlib
Enum_Equals_m3617313991	System.Boolean System.Enum::Equals(System.Object)	mscorlib
Enum_get_hashcode_m902175016	System.Int32 System.Enum::get_hashcode()	mscorlib
Enum_GetHashCode_m2848082716	System.Int32 System.Enum::GetHashCode()	mscorlib
Enum_FormatSpecifier_X_m2932245600	System.String System.Enum::FormatSpecifier_X(System.Type,System.Object,System.Boolean)	mscorlib
Enum_FormatFlags_m102703041	System.String System.Enum::FormatFlags(System.Type,System.Object)	mscorlib
Enum_Format_m2588135982	System.String System.Enum::Format(System.Type,System.Object,System.String)	mscorlib
Environment_get_SocketSecurityEnabled_m190813817	System.Boolean System.Environment::get_SocketSecurityEnabled()	mscorlib
Environment_get_NewLine_m3211016485	System.String System.Environment::get_NewLine()	mscorlib
Environment_get_Platform_m520224871	System.PlatformID System.Environment::get_Platform()	mscorlib
Environment_GetOSVersionString_m407782784	System.String System.Environment::GetOSVersionString()	mscorlib
Environment_get_OSVersion_m961136977	System.OperatingSystem System.Environment::get_OSVersion()	mscorlib
Environment_internalGetEnvironmentVariable_m3668851860	System.String System.Environment::internalGetEnvironmentVariable(System.String)	mscorlib
Environment_GetEnvironmentVariable_m394552009	System.String System.Environment::GetEnvironmentVariable(System.String)	mscorlib
Environment_GetWindowsFolderPath_m1738399646	System.String System.Environment::GetWindowsFolderPath(System.Int32)	mscorlib
Environment_GetFolderPath_m327623990	System.String System.Environment::GetFolderPath(System.Environment/SpecialFolder)	mscorlib
Environment_ReadXdgUserDir_m2654856189	System.String System.Environment::ReadXdgUserDir(System.String,System.String,System.String,System.String)	mscorlib
Environment_InternalGetFolderPath_m468390978	System.String System.Environment::InternalGetFolderPath(System.Environment/SpecialFolder)	mscorlib
Environment_get_IsRunningOnWindows_m1804804030	System.Boolean System.Environment::get_IsRunningOnWindows()	mscorlib
Environment_GetMachineConfigPath_m43519138	System.String System.Environment::GetMachineConfigPath()	mscorlib
Environment_internalGetHome_m2575860206	System.String System.Environment::internalGetHome()	mscorlib
EventArgs__ctor_m32674013	System.Void System.EventArgs::.ctor()	mscorlib
EventArgs__cctor_m1889823314	System.Void System.EventArgs::.cctor()	mscorlib
EventHandler__ctor_m3449229857	System.Void System.EventHandler::.ctor(System.Object,System.IntPtr)	mscorlib
EventHandler_Invoke_m2047579917	System.Void System.EventHandler::Invoke(System.Object,System.EventArgs)	mscorlib
EventHandler_BeginInvoke_m829877076	System.IAsyncResult System.EventHandler::BeginInvoke(System.Object,System.EventArgs,System.AsyncCallback,System.Object)	mscorlib
EventHandler_EndInvoke_m269746120	System.Void System.EventHandler::EndInvoke(System.IAsyncResult)	mscorlib
Exception__ctor_m213470898	System.Void System.Exception::.ctor()	mscorlib
Exception__ctor_m1152696503	System.Void System.Exception::.ctor(System.String)	mscorlib
Exception__ctor_m2499432361	System.Void System.Exception::.ctor(System.Runtime.Serialization.SerializationInfo,System.Runtime.Serialization.StreamingContext)	mscorlib
Exception__ctor_m1406832249	System.Void System.Exception::.ctor(System.String,System.Exception)	mscorlib
Exception_get_InnerException_m3836775	System.Exception System.Exception::get_InnerException()	mscorlib
Exception_get_HResult_m1877758991	System.Int32 System.Exception::get_HResult()	mscorlib
Exception_set_HResult_m3489164646	System.Void System.Exception::set_HResult(System.Int32)	mscorlib
Exception_get_ClassName_m2428844642	System.String System.Exception::get_ClassName()	mscorlib
Exception_get_Message_m3320461627	System.String System.Exception::get_Message()	mscorlib
Exception_get_StackTrace_m1954706653	System.String System.Exception::get_StackTrace()	mscorlib
Exception_ToString_m1413572637	System.String System.Exception::ToString()	mscorlib
Exception_GetFullNameForStackTrace_m2634641773	System.Void System.Exception::GetFullNameForStackTrace(System.Text.StringBuilder,System.Reflection.MethodBase)	mscorlib
Exception_GetType_m2227967756	System.Type System.Exception::GetType()	mscorlib
ExecutionEngineException__ctor_m4205817610	System.Void System.ExecutionEngineException::.ctor()	mscorlib
ExecutionEngineException__ctor_m673563413	System.Void System.ExecutionEngineException::.ctor(System.Runtime.Serialization.SerializationInfo,System.Runtime.Serialization.StreamingContext)	mscorlib
FieldAccessException__ctor_m3583219052	System.Void System.FieldAccessException::.ctor()	mscorlib
FieldAccessException__ctor_m3482795704	System.Void System.FieldAccessException::.ctor(System.String)	mscorlib
FieldAccessException__ctor_m2776896078	System.Void System.FieldAccessException::.ctor(System.Runtime.Serialization.SerializationInfo,System.Runtime.Serialization.StreamingContext)	mscorlib
FlagsAttribute__ctor_m2686422840	System.Void System.FlagsAttribute::.ctor()	mscorlib
FormatException__ctor_m1479314061	System.Void System.FormatException::.ctor()	mscorlib
FormatException__ctor_m4049685996	System.Void System.FormatException::.ctor(System.String)	mscorlib
FormatException__ctor_m3747066592	System.Void System.FormatException::.ctor(System.Runtime.Serialization.SerializationInfo,System.Runtime.Serialization.StreamingContext)	mscorlib
GC_SuppressFinalize_m1177400158	System.Void System.GC::SuppressFinalize(System.Object)	mscorlib
Calendar__ctor_m106290643	System.Void System.Globalization.Calendar::.ctor()	mscorlib
Calendar_Clone_m1356182658	System.Object System.Globalization.Calendar::Clone()	mscorlib
Calendar_CheckReadOnly_m519800900	System.Void System.Globalization.Calendar::CheckReadOnly()	mscorlib
Calendar_get_EraNames_m2754466818	System.String[] System.Globalization.Calendar::get_EraNames()	mscorlib
CCFixed_FromDateTime_m3894190577	System.Int32 System.Globalization.CCFixed::FromDateTime(System.DateTime)	mscorlib
CCFixed_day_of_week_m674639858	System.DayOfWeek System.Globalization.CCFixed::day_of_week(System.Int32)	mscorlib
CCGregorianCalendar_is_leap_year_m2193335769	System.Boolean System.Globalization.CCGregorianCalendar::is_leap_year(System.Int32)	mscorlib
CCGregorianCalendar_fixed_from_dmy_m806432533	System.Int32 System.Globalization.CCGregorianCalendar::fixed_from_dmy(System.Int32,System.Int32,System.Int32)	mscorlib
CCGregorianCalendar_year_from_fixed_m463929682	System.Int32 System.Globalization.CCGregorianCalendar::year_from_fixed(System.Int32)	mscorlib
CCGregorianCalendar_my_from_fixed_m715151395	System.Void System.Globalization.CCGregorianCalendar::my_from_fixed(System.Int32&,System.Int32&,System.Int32)	mscorlib
CCGregorianCalendar_dmy_from_fixed_m494173177	System.Void System.Globalization.CCGregorianCalendar::dmy_from_fixed(System.Int32&,System.Int32&,System.Int32&,System.Int32)	mscorlib
CCGregorianCalendar_month_from_fixed_m4268992710	System.Int32 System.Globalization.CCGregorianCalendar::month_from_fixed(System.Int32)	mscorlib
CCGregorianCalendar_day_from_fixed_m1674702403	System.Int32 System.Globalization.CCGregorianCalendar::day_from_fixed(System.Int32)	mscorlib
CCGregorianCalendar_GetDayOfMonth_m1578922674	System.Int32 System.Globalization.CCGregorianCalendar::GetDayOfMonth(System.DateTime)	mscorlib
CCGregorianCalendar_GetMonth_m1547203696	System.Int32 System.Globalization.CCGregorianCalendar::GetMonth(System.DateTime)	mscorlib
CCGregorianCalendar_GetYear_m1605108522	System.Int32 System.Globalization.CCGregorianCalendar::GetYear(System.DateTime)	mscorlib
CCMath_div_m3792567336	System.Int32 System.Globalization.CCMath::div(System.Int32,System.Int32)	mscorlib
CCMath_mod_m3631663509	System.Int32 System.Globalization.CCMath::mod(System.Int32,System.Int32)	mscorlib
CCMath_div_mod_m348500398	System.Int32 System.Globalization.CCMath::div_mod(System.Int32&,System.Int32,System.Int32)	mscorlib
CompareInfo__ctor_m3782165035	System.Void System.Globalization.CompareInfo::.ctor()	mscorlib
CompareInfo__ctor_m1655607648	System.Void System.Globalization.CompareInfo::.ctor(System.Globalization.CultureInfo)	mscorlib
CompareInfo__cctor_m1837489679	System.Void System.Globalization.CompareInfo::.cctor()	mscorlib
CompareInfo_System_Runtime_Serialization_IDeserializationCallback_OnDeserialization_m734465833	System.Void System.Globalization.CompareInfo::System.Runtime.Serialization.IDeserializationCallback.OnDeserialization(System.Object)	mscorlib
CompareInfo_get_UseManagedCollation_m3599558938	System.Boolean System.Globalization.CompareInfo::get_UseManagedCollation()	mscorlib
CompareInfo_construct_compareinfo_m509660150	System.Void System.Globalization.CompareInfo::construct_compareinfo(System.String)	mscorlib
CompareInfo_free_internal_collator_m2341193055	System.Void System.Globalization.CompareInfo::free_internal_collator()	mscorlib
CompareInfo_internal_compare_m2522722857	System.Int32 System.Globalization.CompareInfo::internal_compare(System.String,System.Int32,System.Int32,System.String,System.Int32,System.Int32,System.Globalization.CompareOptions)	mscorlib
CompareInfo_assign_sortkey_m2100240770	System.Void System.Globalization.CompareInfo::assign_sortkey(System.Object,System.String,System.Globalization.CompareOptions)	mscorlib
CompareInfo_internal_index_m2592793775	System.Int32 System.Globalization.CompareInfo::internal_index(System.String,System.Int32,System.Int32,System.String,System.Globalization.CompareOptions,System.Boolean)	mscorlib
CompareInfo_Finalize_m404687489	System.Void System.Globalization.CompareInfo::Finalize()	mscorlib
CompareInfo_internal_compare_managed_m718834345	System.Int32 System.Globalization.CompareInfo::internal_compare_managed(System.String,System.Int32,System.Int32,System.String,System.Int32,System.Int32,System.Globalization.CompareOptions)	mscorlib
CompareInfo_internal_compare_switch_m1882891666	System.Int32 System.Globalization.CompareInfo::internal_compare_switch(System.String,System.Int32,System.Int32,System.String,System.Int32,System.Int32,System.Globalization.CompareOptions)	mscorlib
CompareInfo_Compare_m894311506	System.Int32 System.Globalization.CompareInfo::Compare(System.String,System.String)	mscorlib
CompareInfo_Compare_m1980361250	System.Int32 System.Globalization.CompareInfo::Compare(System.String,System.String,System.Globalization.CompareOptions)	mscorlib
CompareInfo_Compare_m1030179556	System.Int32 System.Globalization.CompareInfo::Compare(System.String,System.Int32,System.Int32,System.String,System.Int32,System.Int32,System.Globalization.CompareOptions)	mscorlib
CompareInfo_Equals_m1257808801	System.Boolean System.Globalization.CompareInfo::Equals(System.Object)	mscorlib
CompareInfo_GetHashCode_m912891044	System.Int32 System.Globalization.CompareInfo::GetHashCode()	mscorlib
CompareInfo_GetSortKey_m1915852346	System.Globalization.SortKey System.Globalization.CompareInfo::GetSortKey(System.String,System.Globalization.CompareOptions)	mscorlib
CompareInfo_IndexOf_m2631915198	System.Int32 System.Globalization.CompareInfo::IndexOf(System.String,System.String,System.Int32,System.Int32)	mscorlib
CompareInfo_internal_index_managed_m2912760462	System.Int32 System.Globalization.CompareInfo::internal_index_managed(System.String,System.Int32,System.Int32,System.String,System.Globalization.CompareOptions,System.Boolean)	mscorlib
CompareInfo_internal_index_switch_m2232588269	System.Int32 System.Globalization.CompareInfo::internal_index_switch(System.String,System.Int32,System.Int32,System.String,System.Globalization.CompareOptions,System.Boolean)	mscorlib
CompareInfo_IndexOf_m667936183	System.Int32 System.Globalization.CompareInfo::IndexOf(System.String,System.String,System.Int32,System.Int32,System.Globalization.CompareOptions)	mscorlib
CompareInfo_IsPrefix_m796715920	System.Boolean System.Globalization.CompareInfo::IsPrefix(System.String,System.String,System.Globalization.CompareOptions)	mscorlib
CompareInfo_IsSuffix_m1571711387	System.Boolean System.Globalization.CompareInfo::IsSuffix(System.String,System.String,System.Globalization.CompareOptions)	mscorlib
CompareInfo_LastIndexOf_m2688553706	System.Int32 System.Globalization.CompareInfo::LastIndexOf(System.String,System.String,System.Int32,System.Int32)	mscorlib
CompareInfo_LastIndexOf_m3774208875	System.Int32 System.Globalization.CompareInfo::LastIndexOf(System.String,System.String,System.Int32,System.Int32,System.Globalization.CompareOptions)	mscorlib
CompareInfo_ToString_m2684143229	System.String System.Globalization.CompareInfo::ToString()	mscorlib
CompareInfo_get_LCID_m2851766819	System.Int32 System.Globalization.CompareInfo::get_LCID()	mscorlib
CultureInfo__ctor_m2628215565	System.Void System.Globalization.CultureInfo::.ctor(System.Int32)	mscorlib
CultureInfo__ctor_m3285927757	System.Void System.Globalization.CultureInfo::.ctor(System.Int32,System.Boolean)	mscorlib
CultureInfo__ctor_m385185322	System.Void System.Globalization.CultureInfo::.ctor(System.Int32,System.Boolean,System.Boolean)	mscorlib
CultureInfo__ctor_m1132565265	System.Void System.Globalization.CultureInfo::.ctor(System.String,System.Boolean,System.Boolean)	mscorlib
CultureInfo__ctor_m1510335716	System.Void System.Globalization.CultureInfo::.ctor()	mscorlib
CultureInfo__cctor_m1258429074	System.Void System.Globalization.CultureInfo::.cctor()	mscorlib
CultureInfo_get_InvariantCulture_m3532445182	System.Globalization.CultureInfo System.Globalization.CultureInfo::get_InvariantCulture()	mscorlib
CultureInfo_get_CurrentCulture_m1632690660	System.Globalization.CultureInfo System.Globalization.CultureInfo::get_CurrentCulture()	mscorlib
CultureInfo_get_CurrentUICulture_m959203371	System.Globalization.CultureInfo System.Globalization.CultureInfo::get_CurrentUICulture()	mscorlib
CultureInfo_ConstructCurrentCulture_m2704365233	System.Globalization.CultureInfo System.Globalization.CultureInfo::ConstructCurrentCulture()	mscorlib
CultureInfo_ConstructCurrentUICulture_m3439838233	System.Globalization.CultureInfo System.Globalization.CultureInfo::ConstructCurrentUICulture()	mscorlib
CultureInfo_get_Territory_m3971126713	System.String System.Globalization.CultureInfo::get_Territory()	mscorlib
CultureInfo_get_LCID_m3475551012	System.Int32 System.Globalization.CultureInfo::get_LCID()	mscorlib
CultureInfo_get_Name_m3662098416	System.String System.Globalization.CultureInfo::get_Name()	mscorlib
CultureInfo_get_Parent_m672689885	System.Globalization.CultureInfo System.Globalization.CultureInfo::get_Parent()	mscorlib
CultureInfo_get_TextInfo_m2342840448	System.Globalization.TextInfo System.Globalization.CultureInfo::get_TextInfo()	mscorlib
CultureInfo_get_IcuName_m2258611679	System.String System.Globalization.CultureInfo::get_IcuName()	mscorlib
CultureInfo_Clone_m2597938387	System.Object System.Globalization.CultureInfo::Clone()	mscorlib
CultureInfo_Equals_m1360976324	System.Boolean System.Globalization.CultureInfo::Equals(System.Object)	mscorlib
CultureInfo_GetHashCode_m4280654343	System.Int32 System.Globalization.CultureInfo::GetHashCode()	mscorlib
CultureInfo_ToString_m2909304639	System.String System.Globalization.CultureInfo::ToString()	mscorlib
CultureInfo_get_CompareInfo_m2930343429	System.Globalization.CompareInfo System.Globalization.CultureInfo::get_CompareInfo()	mscorlib
CultureInfo_get_IsNeutralCulture_m3370126681	System.Boolean System.Globalization.CultureInfo::get_IsNeutralCulture()	mscorlib
CultureInfo_CheckNeutral_m3648960231	System.Void System.Globalization.CultureInfo::CheckNeutral()	mscorlib
CultureInfo_get_NumberFormat_m1244033732	System.Globalization.NumberFormatInfo System.Globalization.CultureInfo::get_NumberFormat()	mscorlib
CultureInfo_set_NumberFormat_m3501553660	System.Void System.Globalization.CultureInfo::set_NumberFormat(System.Globalization.NumberFormatInfo)	mscorlib
CultureInfo_get_DateTimeFormat_m1982351742	System.Globalization.DateTimeFormatInfo System.Globalization.CultureInfo::get_DateTimeFormat()	mscorlib
CultureInfo_set_DateTimeFormat_m1843682751	System.Void System.Globalization.CultureInfo::set_DateTimeFormat(System.Globalization.DateTimeFormatInfo)	mscorlib
CultureInfo_get_IsReadOnly_m3799952118	System.Boolean System.Globalization.CultureInfo::get_IsReadOnly()	mscorlib
CultureInfo_GetFormat_m732021304	System.Object System.Globalization.CultureInfo::GetFormat(System.Type)	mscorlib
CultureInfo_Construct_m1572693873	System.Void System.Globalization.CultureInfo::Construct()	mscorlib
CultureInfo_ConstructInternalLocaleFromName_m4012802696	System.Boolean System.Globalization.CultureInfo::ConstructInternalLocaleFromName(System.String)	mscorlib
CultureInfo_ConstructInternalLocaleFromLcid_m2304903600	System.Boolean System.Globalization.CultureInfo::ConstructInternalLocaleFromLcid(System.Int32)	mscorlib
CultureInfo_ConstructInternalLocaleFromCurrentLocale_m3684789125	System.Boolean System.Globalization.CultureInfo::ConstructInternalLocaleFromCurrentLocale(System.Globalization.CultureInfo)	mscorlib
CultureInfo_construct_internal_locale_from_lcid_m2668301444	System.Boolean System.Globalization.CultureInfo::construct_internal_locale_from_lcid(System.Int32)	mscorlib
CultureInfo_construct_internal_locale_from_name_m3254739477	System.Boolean System.Globalization.CultureInfo::construct_internal_locale_from_name(System.String)	mscorlib
CultureInfo_construct_internal_locale_from_current_locale_m2484355412	System.Boolean System.Globalization.CultureInfo::construct_internal_locale_from_current_locale(System.Globalization.CultureInfo)	mscorlib
CultureInfo_construct_datetime_format_m1928121315	System.Void System.Globalization.CultureInfo::construct_datetime_format()	mscorlib
CultureInfo_construct_number_format_m3346478783	System.Void System.Globalization.CultureInfo::construct_number_format()	mscorlib
CultureInfo_ConstructInvariant_m3774343375	System.Void System.Globalization.CultureInfo::ConstructInvariant(System.Boolean)	mscorlib
CultureInfo_CreateTextInfo_m1222487997	System.Globalization.TextInfo System.Globalization.CultureInfo::CreateTextInfo(System.Boolean)	mscorlib
CultureInfo_insert_into_shared_tables_m4239017467	System.Void System.Globalization.CultureInfo::insert_into_shared_tables(System.Globalization.CultureInfo)	mscorlib
CultureInfo_GetCultureInfo_m630276874	System.Globalization.CultureInfo System.Globalization.CultureInfo::GetCultureInfo(System.Int32)	mscorlib
CultureInfo_GetCultureInfo_m56098747	System.Globalization.CultureInfo System.Globalization.CultureInfo::GetCultureInfo(System.String)	mscorlib
CultureInfo_CreateCulture_m1493441763	System.Globalization.CultureInfo System.Globalization.CultureInfo::CreateCulture(System.String,System.Boolean)	mscorlib
DateTimeFormatInfo__ctor_m3106345035	System.Void System.Globalization.DateTimeFormatInfo::.ctor(System.Boolean)	mscorlib
DateTimeFormatInfo__ctor_m3284460055	System.Void System.Globalization.DateTimeFormatInfo::.ctor()	mscorlib
DateTimeFormatInfo__cctor_m4189929746	System.Void System.Globalization.DateTimeFormatInfo::.cctor()	mscorlib
DateTimeFormatInfo_GetInstance_m684998497	System.Globalization.DateTimeFormatInfo System.Globalization.DateTimeFormatInfo::GetInstance(System.IFormatProvider)	mscorlib
DateTimeFormatInfo_get_IsReadOnly_m1173781646	System.Boolean System.Globalization.DateTimeFormatInfo::get_IsReadOnly()	mscorlib
DateTimeFormatInfo_ReadOnly_m890935083	System.Globalization.DateTimeFormatInfo System.Globalization.DateTimeFormatInfo::ReadOnly(System.Globalization.DateTimeFormatInfo)	mscorlib
DateTimeFormatInfo_Clone_m335051388	System.Object System.Globalization.DateTimeFormatInfo::Clone()	mscorlib
DateTimeFormatInfo_GetFormat_m3537254402	System.Object System.Globalization.DateTimeFormatInfo::GetFormat(System.Type)	mscorlib
DateTimeFormatInfo_GetAbbreviatedMonthName_m364480624	System.String System.Globalization.DateTimeFormatInfo::GetAbbreviatedMonthName(System.Int32)	mscorlib
DateTimeFormatInfo_GetEraName_m3151483707	System.String System.Globalization.DateTimeFormatInfo::GetEraName(System.Int32)	mscorlib
DateTimeFormatInfo_GetMonthName_m2034512315	System.String System.Globalization.DateTimeFormatInfo::GetMonthName(System.Int32)	mscorlib
DateTimeFormatInfo_get_RawAbbreviatedDayNames_m1257850285	System.String[] System.Globalization.DateTimeFormatInfo::get_RawAbbreviatedDayNames()	mscorlib
DateTimeFormatInfo_get_RawAbbreviatedMonthNames_m2395953416	System.String[] System.Globalization.DateTimeFormatInfo::get_RawAbbreviatedMonthNames()	mscorlib
DateTimeFormatInfo_get_RawDayNames_m3876370387	System.String[] System.Globalization.DateTimeFormatInfo::get_RawDayNames()	mscorlib
DateTimeFormatInfo_get_RawMonthNames_m246920234	System.String[] System.Globalization.DateTimeFormatInfo::get_RawMonthNames()	mscorlib
DateTimeFormatInfo_get_AMDesignator_m1610196743	System.String System.Globalization.DateTimeFormatInfo::get_AMDesignator()	mscorlib
DateTimeFormatInfo_get_PMDesignator_m1609519124	System.String System.Globalization.DateTimeFormatInfo::get_PMDesignator()	mscorlib
DateTimeFormatInfo_get_DateSeparator_m3346695364	System.String System.Globalization.DateTimeFormatInfo::get_DateSeparator()	mscorlib
DateTimeFormatInfo_get_TimeSeparator_m1179730581	System.String System.Globalization.DateTimeFormatInfo::get_TimeSeparator()	mscorlib
DateTimeFormatInfo_get_LongDatePattern_m2180875608	System.String System.Globalization.DateTimeFormatInfo::get_LongDatePattern()	mscorlib
DateTimeFormatInfo_get_ShortDatePattern_m2502330401	System.String System.Globalization.DateTimeFormatInfo::get_ShortDatePattern()	mscorlib
DateTimeFormatInfo_get_ShortTimePattern_m453440268	System.String System.Globalization.DateTimeFormatInfo::get_ShortTimePattern()	mscorlib
DateTimeFormatInfo_get_LongTimePattern_m1595254249	System.String System.Globalization.DateTimeFormatInfo::get_LongTimePattern()	mscorlib
DateTimeFormatInfo_get_MonthDayPattern_m4068069839	System.String System.Globalization.DateTimeFormatInfo::get_MonthDayPattern()	mscorlib
DateTimeFormatInfo_get_YearMonthPattern_m2258041482	System.String System.Globalization.DateTimeFormatInfo::get_YearMonthPattern()	mscorlib
DateTimeFormatInfo_get_FullDateTimePattern_m2611794812	System.String System.Globalization.DateTimeFormatInfo::get_FullDateTimePattern()	mscorlib
DateTimeFormatInfo_get_CurrentInfo_m2315174029	System.Globalization.DateTimeFormatInfo System.Globalization.DateTimeFormatInfo::get_CurrentInfo()	mscorlib
DateTimeFormatInfo_get_InvariantInfo_m2329875772	System.Globalization.DateTimeFormatInfo System.Globalization.DateTimeFormatInfo::get_InvariantInfo()	mscorlib
DateTimeFormatInfo_get_Calendar_m2815249551	System.Globalization.Calendar System.Globalization.DateTimeFormatInfo::get_Calendar()	mscorlib
DateTimeFormatInfo_set_Calendar_m4130265499	System.Void System.Globalization.DateTimeFormatInfo::set_Calendar(System.Globalization.Calendar)	mscorlib
DateTimeFormatInfo_get_RFC1123Pattern_m1428703602	System.String System.Globalization.DateTimeFormatInfo::get_RFC1123Pattern()	mscorlib
DateTimeFormatInfo_get_RoundtripPattern_m796050488	System.String System.Globalization.DateTimeFormatInfo::get_RoundtripPattern()	mscorlib
DateTimeFormatInfo_get_SortableDateTimePattern_m1596151441	System.String System.Globalization.DateTimeFormatInfo::get_SortableDateTimePattern()	mscorlib
DateTimeFormatInfo_get_UniversalSortableDateTimePattern_m205892812	System.String System.Globalization.DateTimeFormatInfo::get_UniversalSortableDateTimePattern()	mscorlib
DateTimeFormatInfo_GetAllDateTimePatternsInternal_m1798077795	System.String[] System.Globalization.DateTimeFormatInfo::GetAllDateTimePatternsInternal()	mscorlib
DateTimeFormatInfo_FillAllDateTimePatterns_m2683124783	System.Void System.Globalization.DateTimeFormatInfo::FillAllDateTimePatterns()	mscorlib
DateTimeFormatInfo_GetAllRawDateTimePatterns_m4238261242	System.String[] System.Globalization.DateTimeFormatInfo::GetAllRawDateTimePatterns(System.Char)	mscorlib
DateTimeFormatInfo_GetDayName_m2279787668	System.String System.Globalization.DateTimeFormatInfo::GetDayName(System.DayOfWeek)	mscorlib
DateTimeFormatInfo_GetAbbreviatedDayName_m1307320526	System.String System.Globalization.DateTimeFormatInfo::GetAbbreviatedDayName(System.DayOfWeek)	mscorlib
DateTimeFormatInfo_FillInvariantPatterns_m3827540258	System.Void System.Globalization.DateTimeFormatInfo::FillInvariantPatterns()	mscorlib
DateTimeFormatInfo_PopulateCombinedList_m3446790622	System.String[] System.Globalization.DateTimeFormatInfo::PopulateCombinedList(System.String[],System.String[])	mscorlib
DaylightTime__ctor_m1928120219	System.Void System.Globalization.DaylightTime::.ctor(System.DateTime,System.DateTime,System.TimeSpan)	mscorlib
DaylightTime_get_Start_m2228394704	System.DateTime System.Globalization.DaylightTime::get_Start()	mscorlib
DaylightTime_get_End_m724819253	System.DateTime System.Globalization.DaylightTime::get_End()	mscorlib
DaylightTime_get_Delta_m2355462786	System.TimeSpan System.Globalization.DaylightTime::get_Delta()	mscorlib
GregorianCalendar__ctor_m979779718	System.Void System.Globalization.GregorianCalendar::.ctor(System.Globalization.GregorianCalendarTypes)	mscorlib
GregorianCalendar__ctor_m3097541152	System.Void System.Globalization.GregorianCalendar::.ctor()	mscorlib
GregorianCalendar_get_Eras_m3930946427	System.Int32[] System.Globalization.GregorianCalendar::get_Eras()	mscorlib
GregorianCalendar_set_CalendarType_m2253089143	System.Void System.Globalization.GregorianCalendar::set_CalendarType(System.Globalization.GregorianCalendarTypes)	mscorlib
GregorianCalendar_GetDayOfMonth_m3068119146	System.Int32 System.Globalization.GregorianCalendar::GetDayOfMonth(System.DateTime)	mscorlib
GregorianCalendar_GetDayOfWeek_m3823546942	System.DayOfWeek System.Globalization.GregorianCalendar::GetDayOfWeek(System.DateTime)	mscorlib
GregorianCalendar_GetEra_m2369958449	System.Int32 System.Globalization.GregorianCalendar::GetEra(System.DateTime)	mscorlib
GregorianCalendar_GetMonth_m3359423849	System.Int32 System.Globalization.GregorianCalendar::GetMonth(System.DateTime)	mscorlib
GregorianCalendar_GetYear_m854131864	System.Int32 System.Globalization.GregorianCalendar::GetYear(System.DateTime)	mscorlib
NumberFormatInfo__ctor_m2249665202	System.Void System.Globalization.NumberFormatInfo::.ctor(System.Int32,System.Boolean)	mscorlib
NumberFormatInfo__ctor_m702982685	System.Void System.Globalization.NumberFormatInfo::.ctor(System.Boolean)	mscorlib
NumberFormatInfo__ctor_m3445216119	System.Void System.Globalization.NumberFormatInfo::.ctor()	mscorlib
NumberFormatInfo__cctor_m2457328820	System.Void System.Globalization.NumberFormatInfo::.cctor()	mscorlib
NumberFormatInfo_get_CurrencyDecimalDigits_m4006331471	System.Int32 System.Globalization.NumberFormatInfo::get_CurrencyDecimalDigits()	mscorlib
NumberFormatInfo_get_CurrencyDecimalSeparator_m2685056987	System.String System.Globalization.NumberFormatInfo::get_CurrencyDecimalSeparator()	mscorlib
NumberFormatInfo_get_CurrencyGroupSeparator_m1514324779	System.String System.Globalization.NumberFormatInfo::get_CurrencyGroupSeparator()	mscorlib
NumberFormatInfo_get_RawCurrencyGroupSizes_m815972208	System.Int32[] System.Globalization.NumberFormatInfo::get_RawCurrencyGroupSizes()	mscorlib
NumberFormatInfo_get_CurrencyNegativePattern_m2134016253	System.Int32 System.Globalization.NumberFormatInfo::get_CurrencyNegativePattern()	mscorlib
NumberFormatInfo_get_CurrencyPositivePattern_m2327563925	System.Int32 System.Globalization.NumberFormatInfo::get_CurrencyPositivePattern()	mscorlib
NumberFormatInfo_get_CurrencySymbol_m5935691	System.String System.Globalization.NumberFormatInfo::get_CurrencySymbol()	mscorlib
NumberFormatInfo_get_CurrentInfo_m2605582008	System.Globalization.NumberFormatInfo System.Globalization.NumberFormatInfo::get_CurrentInfo()	mscorlib
NumberFormatInfo_get_InvariantInfo_m349577018	System.Globalization.NumberFormatInfo System.Globalization.NumberFormatInfo::get_InvariantInfo()	mscorlib
NumberFormatInfo_get_NaNSymbol_m2562844481	System.String System.Globalization.NumberFormatInfo::get_NaNSymbol()	mscorlib
NumberFormatInfo_get_NegativeInfinitySymbol_m3630938097	System.String System.Globalization.NumberFormatInfo::get_NegativeInfinitySymbol()	mscorlib
NumberFormatInfo_get_NegativeSign_m2757109362	System.String System.Globalization.NumberFormatInfo::get_NegativeSign()	mscorlib
NumberFormatInfo_get_NumberDecimalDigits_m4271638382	System.Int32 System.Globalization.NumberFormatInfo::get_NumberDecimalDigits()	mscorlib
NumberFormatInfo_get_NumberDecimalSeparator_m33502788	System.String System.Globalization.NumberFormatInfo::get_NumberDecimalSeparator()	mscorlib
NumberFormatInfo_get_NumberGroupSeparator_m3292795925	System.String System.Globalization.NumberFormatInfo::get_NumberGroupSeparator()	mscorlib
NumberFormatInfo_get_RawNumberGroupSizes_m1148947207	System.Int32[] System.Globalization.NumberFormatInfo::get_RawNumberGroupSizes()	mscorlib
NumberFormatInfo_get_NumberNegativePattern_m1699547496	System.Int32 System.Globalization.NumberFormatInfo::get_NumberNegativePattern()	mscorlib
NumberFormatInfo_set_NumberNegativePattern_m1999304795	System.Void System.Globalization.NumberFormatInfo::set_NumberNegativePattern(System.Int32)	mscorlib
NumberFormatInfo_get_PercentDecimalDigits_m4236240374	System.Int32 System.Globalization.NumberFormatInfo::get_PercentDecimalDigits()	mscorlib
NumberFormatInfo_get_PercentDecimalSeparator_m2449367000	System.String System.Globalization.NumberFormatInfo::get_PercentDecimalSeparator()	mscorlib
NumberFormatInfo_get_PercentGroupSeparator_m1849673260	System.String System.Globalization.NumberFormatInfo::get_PercentGroupSeparator()	mscorlib
NumberFormatInfo_get_RawPercentGroupSizes_m97703232	System.Int32[] System.Globalization.NumberFormatInfo::get_RawPercentGroupSizes()	mscorlib
NumberFormatInfo_get_PercentNegativePattern_m1304634118	System.Int32 System.Globalization.NumberFormatInfo::get_PercentNegativePattern()	mscorlib
NumberFormatInfo_get_PercentPositivePattern_m1800841633	System.Int32 System.Globalization.NumberFormatInfo::get_PercentPositivePattern()	mscorlib
NumberFormatInfo_get_PercentSymbol_m2021660345	System.String System.Globalization.NumberFormatInfo::get_PercentSymbol()	mscorlib
NumberFormatInfo_get_PerMilleSymbol_m1360140831	System.String System.Globalization.NumberFormatInfo::get_PerMilleSymbol()	mscorlib
NumberFormatInfo_get_PositiveInfinitySymbol_m1141345134	System.String System.Globalization.NumberFormatInfo::get_PositiveInfinitySymbol()	mscorlib
NumberFormatInfo_get_PositiveSign_m240350949	System.String System.Globalization.NumberFormatInfo::get_PositiveSign()	mscorlib
NumberFormatInfo_GetFormat_m1699707893	System.Object System.Globalization.NumberFormatInfo::GetFormat(System.Type)	mscorlib
NumberFormatInfo_Clone_m3276284539	System.Object System.Globalization.NumberFormatInfo::Clone()	mscorlib
NumberFormatInfo_GetInstance_m2833078205	System.Globalization.NumberFormatInfo System.Globalization.NumberFormatInfo::GetInstance(System.IFormatProvider)	mscorlib
RegionInfo__ctor_m1212234622	System.Void System.Globalization.RegionInfo::.ctor(System.Int32)	mscorlib
RegionInfo__ctor_m1348635004	System.Void System.Globalization.RegionInfo::.ctor(System.String)	mscorlib
RegionInfo_get_CurrentRegion_m3443163374	System.Globalization.RegionInfo System.Globalization.RegionInfo::get_CurrentRegion()	mscorlib
RegionInfo_GetByTerritory_m2536737365	System.Boolean System.Globalization.RegionInfo::GetByTerritory(System.Globalization.CultureInfo)	mscorlib
RegionInfo_construct_internal_region_from_name_m1315402456	System.Boolean System.Globalization.RegionInfo::construct_internal_region_from_name(System.String)	mscorlib
RegionInfo_get_CurrencyEnglishName_m1706473630	System.String System.Globalization.RegionInfo::get_CurrencyEnglishName()	mscorlib
RegionInfo_get_CurrencySymbol_m1879783455	System.String System.Globalization.RegionInfo::get_CurrencySymbol()	mscorlib
RegionInfo_get_DisplayName_m3679349812	System.String System.Globalization.RegionInfo::get_DisplayName()	mscorlib
RegionInfo_get_EnglishName_m4080324067	System.String System.Globalization.RegionInfo::get_EnglishName()	mscorlib
RegionInfo_get_GeoId_m945815123	System.Int32 System.Globalization.RegionInfo::get_GeoId()	mscorlib
RegionInfo_get_IsMetric_m254276301	System.Boolean System.Globalization.RegionInfo::get_IsMetric()	mscorlib
RegionInfo_get_ISOCurrencySymbol_m441808484	System.String System.Globalization.RegionInfo::get_ISOCurrencySymbol()	mscorlib
RegionInfo_get_NativeName_m2676336050	System.String System.Globalization.RegionInfo::get_NativeName()	mscorlib
RegionInfo_get_CurrencyNativeName_m2071178612	System.String System.Globalization.RegionInfo::get_CurrencyNativeName()	mscorlib
RegionInfo_get_Name_m834510569	System.String System.Globalization.RegionInfo::get_Name()	mscorlib
RegionInfo_get_ThreeLetterISORegionName_m3727404172	System.String System.Globalization.RegionInfo::get_ThreeLetterISORegionName()	mscorlib
RegionInfo_get_ThreeLetterWindowsRegionName_m3055965132	System.String System.Globalization.RegionInfo::get_ThreeLetterWindowsRegionName()	mscorlib
RegionInfo_get_TwoLetterISORegionName_m168656244	System.String System.Globalization.RegionInfo::get_TwoLetterISORegionName()	mscorlib
RegionInfo_Equals_m2499055654	System.Boolean System.Globalization.RegionInfo::Equals(System.Object)	mscorlib
RegionInfo_GetHashCode_m1608374012	System.Int32 System.Globalization.RegionInfo::GetHashCode()	mscorlib
RegionInfo_ToString_m1243674882	System.String System.Globalization.RegionInfo::ToString()	mscorlib
SortKey__ctor_m853383193	System.Void System.Globalization.SortKey::.ctor(System.Int32,System.String,System.Globalization.CompareOptions)	mscorlib
SortKey__ctor_m2034425682	System.Void System.Globalization.SortKey::.ctor(System.Int32,System.String,System.Byte[],System.Globalization.CompareOptions,System.Int32,System.Int32,System.Int32,System.Int32,System.Int32,System.Int32,System.Int32,System.Int32)	mscorlib
SortKey_Compare_m1705990888	System.Int32 System.Globalization.SortKey::Compare(System.Globalization.SortKey,System.Globalization.SortKey)	mscorlib
SortKey_get_OriginalString_m1428586816	System.String System.Globalization.SortKey::get_OriginalString()	mscorlib
SortKey_get_KeyData_m3446923386	System.Byte[] System.Globalization.SortKey::get_KeyData()	mscorlib
SortKey_Equals_m3124075298	System.Boolean System.Globalization.SortKey::Equals(System.Object)	mscorlib
SortKey_GetHashCode_m3547067087	System.Int32 System.Globalization.SortKey::GetHashCode()	mscorlib
SortKey_ToString_m3992814724	System.String System.Globalization.SortKey::ToString()	mscorlib
TextInfo__ctor_m2985371296	System.Void System.Globalization.TextInfo::.ctor(System.Globalization.CultureInfo,System.Int32,System.Void*,System.Boolean)	mscorlib
TextInfo__ctor_m1714721222	System.Void System.Globalization.TextInfo::.ctor(System.Globalization.TextInfo)	mscorlib
TextInfo_System_Runtime_Serialization_IDeserializationCallback_OnDeserialization_m1492046432	System.Void System.Globalization.TextInfo::System.Runtime.Serialization.IDeserializationCallback.OnDeserialization(System.Object)	mscorlib
TextInfo_get_ListSeparator_m1628160079	System.String System.Globalization.TextInfo::get_ListSeparator()	mscorlib
TextInfo_get_CultureName_m3892243949	System.String System.Globalization.TextInfo::get_CultureName()	mscorlib
TextInfo_Equals_m3029092201	System.Boolean System.Globalization.TextInfo::Equals(System.Object)	mscorlib
TextInfo_GetHashCode_m4032637166	System.Int32 System.Globalization.TextInfo::GetHashCode()	mscorlib
TextInfo_ToString_m3431897261	System.String System.Globalization.TextInfo::ToString()	mscorlib
TextInfo_ToLower_m2744057472	System.Char System.Globalization.TextInfo::ToLower(System.Char)	mscorlib
TextInfo_ToUpper_m4031511609	System.Char System.Globalization.TextInfo::ToUpper(System.Char)	mscorlib
TextInfo_ToLower_m2989196362	System.String System.Globalization.TextInfo::ToLower(System.String)	mscorlib
TextInfo_Clone_m3838580862	System.Object System.Globalization.TextInfo::Clone()	mscorlib
Guid__ctor_m3421080095_AdjustorThunk	System.Void System.Guid::.ctor(System.Byte[])	mscorlib
Guid__ctor_m2423264394_AdjustorThunk	System.Void System.Guid::.ctor(System.String)	mscorlib
Guid__ctor_m2373660607_AdjustorThunk	System.Void System.Guid::.ctor(System.Int32,System.Int16,System.Int16,System.Byte[])	mscorlib
Guid__ctor_m3562600567_AdjustorThunk	System.Void System.Guid::.ctor(System.Int32,System.Int16,System.Int16,System.Byte,System.Byte,System.Byte,System.Byte,System.Byte,System.Byte,System.Byte,System.Byte)	mscorlib
Guid__cctor_m1202095334	System.Void System.Guid::.cctor()	mscorlib
Guid_CheckNull_m1870379983	System.Void System.Guid::CheckNull(System.Object)	mscorlib
Guid_CheckLength_m1615712498	System.Void System.Guid::CheckLength(System.Byte[],System.Int32)	mscorlib
Guid_CheckArray_m921056615	System.Void System.Guid::CheckArray(System.Byte[],System.Int32)	mscorlib
Guid_Compare_m231009821	System.Int32 System.Guid::Compare(System.Int32,System.Int32)	mscorlib
Guid_CompareTo_m243656946_AdjustorThunk	System.Int32 System.Guid::CompareTo(System.Object)	mscorlib
Guid_Equals_m1866984197_AdjustorThunk	System.Boolean System.Guid::Equals(System.Object)	mscorlib
Guid_CompareTo_m2129361928_AdjustorThunk	System.Int32 System.Guid::CompareTo(System.Guid)	mscorlib
Guid_Equals_m3683678873_AdjustorThunk	System.Boolean System.Guid::Equals(System.Guid)	mscorlib
Guid_GetHashCode_m3042133858_AdjustorThunk	System.Int32 System.Guid::GetHashCode()	mscorlib
Guid_ToHex_m2592644778	System.Char System.Guid::ToHex(System.Int32)	mscorlib
Guid_NewGuid_m923091018	System.Guid System.Guid::NewGuid()	mscorlib
Guid_AppendInt_m1995455822	System.Void System.Guid::AppendInt(System.Text.StringBuilder,System.Int32)	mscorlib
Guid_AppendShort_m791023083	System.Void System.Guid::AppendShort(System.Text.StringBuilder,System.Int16)	mscorlib
Guid_AppendByte_m4212783015	System.Void System.Guid::AppendByte(System.Text.StringBuilder,System.Byte)	mscorlib
Guid_BaseToString_m3600006650_AdjustorThunk	System.String System.Guid::BaseToString(System.Boolean,System.Boolean,System.Boolean)	mscorlib
Guid_ToString_m3279186591_AdjustorThunk	System.String System.Guid::ToString()	mscorlib
Guid_ToString_m4056316049_AdjustorThunk	System.String System.Guid::ToString(System.String)	mscorlib
Guid_ToString_m2120285561_AdjustorThunk	System.String System.Guid::ToString(System.String,System.IFormatProvider)	mscorlib
Guid_op_Equality_m4289903222	System.Boolean System.Guid::op_Equality(System.Guid,System.Guid)	mscorlib
GuidParser__ctor_m3982448124	System.Void System.Guid/GuidParser::.ctor(System.String)	mscorlib
GuidParser_Reset_m2640004655	System.Void System.Guid/GuidParser::Reset()	mscorlib
GuidParser_AtEnd_m3409982497	System.Boolean System.Guid/GuidParser::AtEnd()	mscorlib
GuidParser_ThrowFormatException_m3223388534	System.Void System.Guid/GuidParser::ThrowFormatException()	mscorlib
GuidParser_ParseHex_m1764305333	System.UInt64 System.Guid/GuidParser::ParseHex(System.Int32,System.Boolean)	mscorlib
GuidParser_ParseOptChar_m1342400948	System.Boolean System.Guid/GuidParser::ParseOptChar(System.Char)	mscorlib
GuidParser_ParseChar_m2782779985	System.Void System.Guid/GuidParser::ParseChar(System.Char)	mscorlib
GuidParser_ParseGuid1_m348754878	System.Guid System.Guid/GuidParser::ParseGuid1()	mscorlib
GuidParser_ParseHexPrefix_m3148550086	System.Void System.Guid/GuidParser::ParseHexPrefix()	mscorlib
GuidParser_ParseGuid2_m1914838819	System.Guid System.Guid/GuidParser::ParseGuid2()	mscorlib
GuidParser_Parse_m3524913675	System.Guid System.Guid/GuidParser::Parse()	mscorlib
IndexOutOfRangeException__ctor_m2441337274	System.Void System.IndexOutOfRangeException::.ctor()	mscorlib
IndexOutOfRangeException__ctor_m3408750441	System.Void System.IndexOutOfRangeException::.ctor(System.String)	mscorlib
IndexOutOfRangeException__ctor_m1384421447	System.Void System.IndexOutOfRangeException::.ctor(System.Runtime.Serialization.SerializationInfo,System.Runtime.Serialization.StreamingContext)	mscorlib
Int16_System_IConvertible_ToBoolean_m1656400658_AdjustorThunk	System.Boolean System.Int16::System.IConvertible.ToBoolean(System.IFormatProvider)	mscorlib
Int16_System_IConvertible_ToByte_m3161982419_AdjustorThunk	System.Byte System.Int16::System.IConvertible.ToByte(System.IFormatProvider)	mscorlib
Int16_System_IConvertible_ToChar_m1265932681_AdjustorThunk	System.Char System.Int16::System.IConvertible.ToChar(System.IFormatProvider)	mscorlib
Int16_System_IConvertible_ToDateTime_m3080274979_AdjustorThunk	System.DateTime System.Int16::System.IConvertible.ToDateTime(System.IFormatProvider)	mscorlib
Int16_System_IConvertible_ToDecimal_m660016172_AdjustorThunk	System.Decimal System.Int16::System.IConvertible.ToDecimal(System.IFormatProvider)	mscorlib
Int16_System_IConvertible_ToDouble_m1661805412_AdjustorThunk	System.Double System.Int16::System.IConvertible.ToDouble(System.IFormatProvider)	mscorlib
Int16_System_IConvertible_ToInt16_m2224134411_AdjustorThunk	System.Int16 System.Int16::System.IConvertible.ToInt16(System.IFormatProvider)	mscorlib
Int16_System_IConvertible_ToInt32_m172369210_AdjustorThunk	System.Int32 System.Int16::System.IConvertible.ToInt32(System.IFormatProvider)	mscorlib
Int16_System_IConvertible_ToInt64_m4101803559_AdjustorThunk	System.Int64 System.Int16::System.IConvertible.ToInt64(System.IFormatProvider)	mscorlib
Int16_System_IConvertible_ToSByte_m4128424691_AdjustorThunk	System.SByte System.Int16::System.IConvertible.ToSByte(System.IFormatProvider)	mscorlib
Int16_System_IConvertible_ToSingle_m3569332870_AdjustorThunk	System.Single System.Int16::System.IConvertible.ToSingle(System.IFormatProvider)	mscorlib
Int16_System_IConvertible_ToType_m3672347013_AdjustorThunk	System.Object System.Int16::System.IConvertible.ToType(System.Type,System.IFormatProvider)	mscorlib
Int16_System_IConvertible_ToUInt16_m3040688695_AdjustorThunk	System.UInt16 System.Int16::System.IConvertible.ToUInt16(System.IFormatProvider)	mscorlib
Int16_System_IConvertible_ToUInt32_m3410279543_AdjustorThunk	System.UInt32 System.Int16::System.IConvertible.ToUInt32(System.IFormatProvider)	mscorlib
Int16_System_IConvertible_ToUInt64_m134975563_AdjustorThunk	System.UInt64 System.Int16::System.IConvertible.ToUInt64(System.IFormatProvider)	mscorlib
Int16_CompareTo_m2285977076_AdjustorThunk	System.Int32 System.Int16::CompareTo(System.Object)	mscorlib
Int16_Equals_m82811458_AdjustorThunk	System.Boolean System.Int16::Equals(System.Object)	mscorlib
Int16_GetHashCode_m2858888309_AdjustorThunk	System.Int32 System.Int16::GetHashCode()	mscorlib
Int16_CompareTo_m3705372115_AdjustorThunk	System.Int32 System.Int16::CompareTo(System.Int16)	mscorlib
Int16_Equals_m1479112859_AdjustorThunk	System.Boolean System.Int16::Equals(System.Int16)	mscorlib
Int16_Parse_m2276856944	System.Boolean System.Int16::Parse(System.String,System.Boolean,System.Int16&,System.Exception&)	mscorlib
Int16_Parse_m138525169	System.Int16 System.Int16::Parse(System.String,System.IFormatProvider)	mscorlib
Int16_Parse_m3641256939	System.Int16 System.Int16::Parse(System.String,System.Globalization.NumberStyles,System.IFormatProvider)	mscorlib
Int16_TryParse_m1675418240	System.Boolean System.Int16::TryParse(System.String,System.Int16&)	mscorlib
Int16_ToString_m1270547562_AdjustorThunk	System.String System.Int16::ToString()	mscorlib
Int16_ToString_m2013897809_AdjustorThunk	System.String System.Int16::ToString(System.IFormatProvider)	mscorlib
Int16_ToString_m2072232391_AdjustorThunk	System.String System.Int16::ToString(System.String)	mscorlib
Int16_ToString_m1931491687_AdjustorThunk	System.String System.Int16::ToString(System.String,System.IFormatProvider)	mscorlib
Int32_System_IConvertible_ToBoolean_m2787524506_AdjustorThunk	System.Boolean System.Int32::System.IConvertible.ToBoolean(System.IFormatProvider)	mscorlib
Int32_System_IConvertible_ToByte_m3832391412_AdjustorThunk	System.Byte System.Int32::System.IConvertible.ToByte(System.IFormatProvider)	mscorlib
Int32_System_IConvertible_ToChar_m2005926864_AdjustorThunk	System.Char System.Int32::System.IConvertible.ToChar(System.IFormatProvider)	mscorlib
Int32_System_IConvertible_ToDateTime_m1824716955_AdjustorThunk	System.DateTime System.Int32::System.IConvertible.ToDateTime(System.IFormatProvider)	mscorlib
Int32_System_IConvertible_ToDecimal_m2190376994_AdjustorThunk	System.Decimal System.Int32::System.IConvertible.ToDecimal(System.IFormatProvider)	mscorlib
Int32_System_IConvertible_ToDouble_m1464782260_AdjustorThunk	System.Double System.Int32::System.IConvertible.ToDouble(System.IFormatProvider)	mscorlib
Int32_System_IConvertible_ToInt16_m453278239_AdjustorThunk	System.Int16 System.Int32::System.IConvertible.ToInt16(System.IFormatProvider)	mscorlib
Int32_System_IConvertible_ToInt32_m265310525_AdjustorThunk	System.Int32 System.Int32::System.IConvertible.ToInt32(System.IFormatProvider)	mscorlib
Int32_System_IConvertible_ToInt64_m3520470966_AdjustorThunk	System.Int64 System.Int32::System.IConvertible.ToInt64(System.IFormatProvider)	mscorlib
Int32_System_IConvertible_ToSByte_m3133688512_AdjustorThunk	System.SByte System.Int32::System.IConvertible.ToSByte(System.IFormatProvider)	mscorlib
Int32_System_IConvertible_ToSingle_m896140682_AdjustorThunk	System.Single System.Int32::System.IConvertible.ToSingle(System.IFormatProvider)	mscorlib
Int32_System_IConvertible_ToType_m3009233912_AdjustorThunk	System.Object System.Int32::System.IConvertible.ToType(System.Type,System.IFormatProvider)	mscorlib
Int32_System_IConvertible_ToUInt16_m943736619_AdjustorThunk	System.UInt16 System.Int32::System.IConvertible.ToUInt16(System.IFormatProvider)	mscorlib
Int32_System_IConvertible_ToUInt32_m3557270157_AdjustorThunk	System.UInt32 System.Int32::System.IConvertible.ToUInt32(System.IFormatProvider)	mscorlib
Int32_System_IConvertible_ToUInt64_m2502338186_AdjustorThunk	System.UInt64 System.Int32::System.IConvertible.ToUInt64(System.IFormatProvider)	mscorlib
Int32_CompareTo_m2864982090_AdjustorThunk	System.Int32 System.Int32::CompareTo(System.Object)	mscorlib
Int32_Equals_m3996243976_AdjustorThunk	System.Boolean System.Int32::Equals(System.Object)	mscorlib
Int32_GetHashCode_m1876651407_AdjustorThunk	System.Int32 System.Int32::GetHashCode()	mscorlib
Int32_CompareTo_m4284770383_AdjustorThunk	System.Int32 System.Int32::CompareTo(System.Int32)	mscorlib
Int32_Equals_m2976157357_AdjustorThunk	System.Boolean System.Int32::Equals(System.Int32)	mscorlib
Int32_ProcessTrailingWhitespace_m220059206	System.Boolean System.Int32::ProcessTrailingWhitespace(System.Boolean,System.String,System.Int32,System.Exception&)	mscorlib
Int32_Parse_m2309670223	System.Boolean System.Int32::Parse(System.String,System.Boolean,System.Int32&,System.Exception&)	mscorlib
Int32_Parse_m2087562008	System.Int32 System.Int32::Parse(System.String,System.IFormatProvider)	mscorlib
Int32_CheckStyle_m3421319992	System.Boolean System.Int32::CheckStyle(System.Globalization.NumberStyles,System.Boolean,System.Exception&)	mscorlib
Int32_JumpOverWhite_m208298144	System.Boolean System.Int32::JumpOverWhite(System.Int32&,System.String,System.Boolean,System.Boolean,System.Exception&)	mscorlib
Int32_FindSign_m3975667272	System.Void System.Int32::FindSign(System.Int32&,System.String,System.Globalization.NumberFormatInfo,System.Boolean&,System.Boolean&)	mscorlib
Int32_FindCurrency_m3541026887	System.Void System.Int32::FindCurrency(System.Int32&,System.String,System.Globalization.NumberFormatInfo,System.Boolean&)	mscorlib
Int32_FindExponent_m2938219441	System.Boolean System.Int32::FindExponent(System.Int32&,System.String,System.Int32&,System.Boolean,System.Exception&)	mscorlib
Int32_FindOther_m3593812441	System.Boolean System.Int32::FindOther(System.Int32&,System.String,System.String)	mscorlib
Int32_ValidDigit_m1059003769	System.Boolean System.Int32::ValidDigit(System.Char,System.Boolean)	mscorlib
Int32_GetFormatException_m519586683	System.Exception System.Int32::GetFormatException()	mscorlib
Int32_Parse_m3020773399	System.Boolean System.Int32::Parse(System.String,System.Globalization.NumberStyles,System.IFormatProvider,System.Boolean,System.Int32&,System.Exception&)	mscorlib
Int32_Parse_m1033611559	System.Int32 System.Int32::Parse(System.String)	mscorlib
Int32_Parse_m3682462547	System.Int32 System.Int32::Parse(System.String,System.Globalization.NumberStyles,System.IFormatProvider)	mscorlib
Int32_TryParse_m2404707562	System.Boolean System.Int32::TryParse(System.String,System.Int32&)	mscorlib
Int32_TryParse_m135955795	System.Boolean System.Int32::TryParse(System.String,System.Globalization.NumberStyles,System.IFormatProvider,System.Int32&)	mscorlib
Int32_ToString_m141394615_AdjustorThunk	System.String System.Int32::ToString()	mscorlib
Int32_ToString_m1760361794_AdjustorThunk	System.String System.Int32::ToString(System.IFormatProvider)	mscorlib
Int32_ToString_m372259452_AdjustorThunk	System.String System.Int32::ToString(System.String)	mscorlib
Int32_ToString_m2507389746_AdjustorThunk	System.String System.Int32::ToString(System.String,System.IFormatProvider)	mscorlib
Int32_GetTypeCode_m1648562395_AdjustorThunk	System.TypeCode System.Int32::GetTypeCode()	mscorlib
Int64_System_IConvertible_ToBoolean_m2413769966_AdjustorThunk	System.Boolean System.Int64::System.IConvertible.ToBoolean(System.IFormatProvider)	mscorlib
Int64_System_IConvertible_ToByte_m375085029_AdjustorThunk	System.Byte System.Int64::System.IConvertible.ToByte(System.IFormatProvider)	mscorlib
Int64_System_IConvertible_ToChar_m1509243576_AdjustorThunk	System.Char System.Int64::System.IConvertible.ToChar(System.IFormatProvider)	mscorlib
Int64_System_IConvertible_ToDateTime_m2535842508_AdjustorThunk	System.DateTime System.Int64::System.IConvertible.ToDateTime(System.IFormatProvider)	mscorlib
Int64_System_IConvertible_ToDecimal_m70934849_AdjustorThunk	System.Decimal System.Int64::System.IConvertible.ToDecimal(System.IFormatProvider)	mscorlib
Int64_System_IConvertible_ToDouble_m99143002_AdjustorThunk	System.Double System.Int64::System.IConvertible.ToDouble(System.IFormatProvider)	mscorlib
Int64_System_IConvertible_ToInt16_m4062196970_AdjustorThunk	System.Int16 System.Int64::System.IConvertible.ToInt16(System.IFormatProvider)	mscorlib
Int64_System_IConvertible_ToInt32_m772105781_AdjustorThunk	System.Int32 System.Int64::System.IConvertible.ToInt32(System.IFormatProvider)	mscorlib
Int64_System_IConvertible_ToInt64_m1560218307_AdjustorThunk	System.Int64 System.Int64::System.IConvertible.ToInt64(System.IFormatProvider)	mscorlib
Int64_System_IConvertible_ToSByte_m267591194_AdjustorThunk	System.SByte System.Int64::System.IConvertible.ToSByte(System.IFormatProvider)	mscorlib
Int64_System_IConvertible_ToSingle_m1368636517_AdjustorThunk	System.Single System.Int64::System.IConvertible.ToSingle(System.IFormatProvider)	mscorlib
Int64_System_IConvertible_ToType_m3223988955_AdjustorThunk	System.Object System.Int64::System.IConvertible.ToType(System.Type,System.IFormatProvider)	mscorlib
Int64_System_IConvertible_ToUInt16_m848637338_AdjustorThunk	System.UInt16 System.Int64::System.IConvertible.ToUInt16(System.IFormatProvider)	mscorlib
Int64_System_IConvertible_ToUInt32_m109903525_AdjustorThunk	System.UInt32 System.Int64::System.IConvertible.ToUInt32(System.IFormatProvider)	mscorlib
Int64_System_IConvertible_ToUInt64_m2815650160_AdjustorThunk	System.UInt64 System.Int64::System.IConvertible.ToUInt64(System.IFormatProvider)	mscorlib
Int64_CompareTo_m1928360444_AdjustorThunk	System.Int32 System.Int64::CompareTo(System.Object)	mscorlib
Int64_Equals_m858582563_AdjustorThunk	System.Boolean System.Int64::Equals(System.Object)	mscorlib
Int64_GetHashCode_m703091690_AdjustorThunk	System.Int32 System.Int64::GetHashCode()	mscorlib
Int64_CompareTo_m3345789408_AdjustorThunk	System.Int32 System.Int64::CompareTo(System.Int64)	mscorlib
Int64_Equals_m680137412_AdjustorThunk	System.Boolean System.Int64::Equals(System.Int64)	mscorlib
Int64_Parse_m3309897583	System.Boolean System.Int64::Parse(System.String,System.Boolean,System.Int64&,System.Exception&)	mscorlib
Int64_Parse_m1331690076	System.Int64 System.Int64::Parse(System.String,System.IFormatProvider)	mscorlib
Int64_Parse_m1800613309	System.Boolean System.Int64::Parse(System.String,System.Globalization.NumberStyles,System.IFormatProvider,System.Boolean,System.Int64&,System.Exception&)	mscorlib
Int64_Parse_m662659148	System.Int64 System.Int64::Parse(System.String)	mscorlib
Int64_Parse_m3250361603	System.Int64 System.Int64::Parse(System.String,System.Globalization.NumberStyles,System.IFormatProvider)	mscorlib
Int64_TryParse_m2208578514	System.Boolean System.Int64::TryParse(System.String,System.Int64&)	mscorlib
Int64_TryParse_m3606398488	System.Boolean System.Int64::TryParse(System.String,System.Globalization.NumberStyles,System.IFormatProvider,System.Int64&)	mscorlib
Int64_ToString_m2986581816_AdjustorThunk	System.String System.Int64::ToString()	mscorlib
Int64_ToString_m623640997_AdjustorThunk	System.String System.Int64::ToString(System.IFormatProvider)	mscorlib
Int64_ToString_m414616559_AdjustorThunk	System.String System.Int64::ToString(System.String)	mscorlib
Int64_ToString_m2085073918_AdjustorThunk	System.String System.Int64::ToString(System.String,System.IFormatProvider)	mscorlib
IntPtr__ctor_m987082960_AdjustorThunk	System.Void System.IntPtr::.ctor(System.Int32)	mscorlib
IntPtr__ctor_m987476171_AdjustorThunk	System.Void System.IntPtr::.ctor(System.Int64)	mscorlib
IntPtr__ctor_m3384658186_AdjustorThunk	System.Void System.IntPtr::.ctor(System.Void*)	mscorlib
IntPtr__ctor_m620280096_AdjustorThunk	System.Void System.IntPtr::.ctor(System.Runtime.Serialization.SerializationInfo,System.Runtime.Serialization.StreamingContext)	mscorlib
IntPtr_get_Size_m370911744	System.Int32 System.IntPtr::get_Size()	mscorlib
IntPtr_Equals_m3408989655_AdjustorThunk	System.Boolean System.IntPtr::Equals(System.Object)	mscorlib
IntPtr_GetHashCode_m3588219647_AdjustorThunk	System.Int32 System.IntPtr::GetHashCode()	mscorlib
IntPtr_ToInt64_m192765549_AdjustorThunk	System.Int64 System.IntPtr::ToInt64()	mscorlib
IntPtr_ToPointer_m4157623054_AdjustorThunk	System.Void* System.IntPtr::ToPointer()	mscorlib
IntPtr_ToString_m1831665121_AdjustorThunk	System.String System.IntPtr::ToString()	mscorlib
IntPtr_ToString_m900170569_AdjustorThunk	System.String System.IntPtr::ToString(System.String)	mscorlib
IntPtr_op_Equality_m408849716	System.Boolean System.IntPtr::op_Equality(System.IntPtr,System.IntPtr)	mscorlib
IntPtr_op_Inequality_m3063970704	System.Boolean System.IntPtr::op_Inequality(System.IntPtr,System.IntPtr)	mscorlib
IntPtr_op_Explicit_m1593216315	System.IntPtr System.IntPtr::op_Explicit(System.Int32)	mscorlib
IntPtr_op_Explicit_m1593085246	System.IntPtr System.IntPtr::op_Explicit(System.Int64)	mscorlib
IntPtr_op_Explicit_m536245531	System.IntPtr System.IntPtr::op_Explicit(System.Void*)	mscorlib
IntPtr_op_Explicit_m4220076518	System.Int32 System.IntPtr::op_Explicit(System.IntPtr)	mscorlib
IntPtr_op_Explicit_m2520637223	System.Void* System.IntPtr::op_Explicit(System.IntPtr)	mscorlib
InvalidCastException__ctor_m1807554410	System.Void System.InvalidCastException::.ctor()	mscorlib
InvalidCastException__ctor_m318645277	System.Void System.InvalidCastException::.ctor(System.String)	mscorlib
InvalidCastException__ctor_m2551002860	System.Void System.InvalidCastException::.ctor(System.Runtime.Serialization.SerializationInfo,System.Runtime.Serialization.StreamingContext)	mscorlib
InvalidOperationException__ctor_m2734335978	System.Void System.InvalidOperationException::.ctor()	mscorlib
InvalidOperationException__ctor_m237278729	System.Void System.InvalidOperationException::.ctor(System.String)	mscorlib
InvalidOperationException__ctor_m1685032583	System.Void System.InvalidOperationException::.ctor(System.String,System.Exception)	mscorlib
InvalidOperationException__ctor_m262609521	System.Void System.InvalidOperationException::.ctor(System.Runtime.Serialization.SerializationInfo,System.Runtime.Serialization.StreamingContext)	mscorlib
BinaryReader__ctor_m2602947653	System.Void System.IO.BinaryReader::.ctor(System.IO.Stream)	mscorlib
BinaryReader__ctor_m2266204403	System.Void System.IO.BinaryReader::.ctor(System.IO.Stream,System.Text.Encoding)	mscorlib
BinaryReader_System_IDisposable_Dispose_m1578048464	System.Void System.IO.BinaryReader::System.IDisposable.Dispose()	mscorlib
BinaryReader_get_BaseStream_m3993550412	System.IO.Stream System.IO.BinaryReader::get_BaseStream()	mscorlib
BinaryReader_Close_m3868286242	System.Void System.IO.BinaryReader::Close()	mscorlib
BinaryReader_Dispose_m3769291377	System.Void System.IO.BinaryReader::Dispose(System.Boolean)	mscorlib
BinaryReader_FillBuffer_m1406780870	System.Void System.IO.BinaryReader::FillBuffer(System.Int32)	mscorlib
BinaryReader_Read_m1362176249	System.Int32 System.IO.BinaryReader::Read()	mscorlib
BinaryReader_Read_m763986032	System.Int32 System.IO.BinaryReader::Read(System.Byte[],System.Int32,System.Int32)	mscorlib
BinaryReader_Read_m3708759962	System.Int32 System.IO.BinaryReader::Read(System.Char[],System.Int32,System.Int32)	mscorlib
BinaryReader_ReadCharBytes_m2668665998	System.Int32 System.IO.BinaryReader::ReadCharBytes(System.Char[],System.Int32,System.Int32,System.Int32&)	mscorlib
BinaryReader_Read7BitEncodedInt_m3079148249	System.Int32 System.IO.BinaryReader::Read7BitEncodedInt()	mscorlib
BinaryReader_ReadBoolean_m3271855799	System.Boolean System.IO.BinaryReader::ReadBoolean()	mscorlib
BinaryReader_ReadByte_m2842288049	System.Byte System.IO.BinaryReader::ReadByte()	mscorlib
BinaryReader_ReadBytes_m2025629328	System.Byte[] System.IO.BinaryReader::ReadBytes(System.Int32)	mscorlib
BinaryReader_ReadChar_m3380594564	System.Char System.IO.BinaryReader::ReadChar()	mscorlib
BinaryReader_ReadDecimal_m272106980	System.Decimal System.IO.BinaryReader::ReadDecimal()	mscorlib
BinaryReader_ReadDouble_m2513998176	System.Double System.IO.BinaryReader::ReadDouble()	mscorlib
BinaryReader_ReadInt16_m816003668	System.Int16 System.IO.BinaryReader::ReadInt16()	mscorlib
BinaryReader_ReadInt32_m2994982418	System.Int32 System.IO.BinaryReader::ReadInt32()	mscorlib
BinaryReader_ReadInt64_m939370142	System.Int64 System.IO.BinaryReader::ReadInt64()	mscorlib
BinaryReader_ReadSByte_m3736742795	System.SByte System.IO.BinaryReader::ReadSByte()	mscorlib
BinaryReader_ReadString_m2204259855	System.String System.IO.BinaryReader::ReadString()	mscorlib
BinaryReader_ReadSingle_m3384287259	System.Single System.IO.BinaryReader::ReadSingle()	mscorlib
BinaryReader_ReadUInt16_m267781130	System.UInt16 System.IO.BinaryReader::ReadUInt16()	mscorlib
BinaryReader_ReadUInt32_m2210658763	System.UInt32 System.IO.BinaryReader::ReadUInt32()	mscorlib
BinaryReader_ReadUInt64_m4059726988	System.UInt64 System.IO.BinaryReader::ReadUInt64()	mscorlib
BinaryReader_CheckBuffer_m2636825055	System.Void System.IO.BinaryReader::CheckBuffer(System.Int32)	mscorlib
Directory_CreateDirectory_m751642867	System.IO.DirectoryInfo System.IO.Directory::CreateDirectory(System.String)	mscorlib
Directory_CreateDirectoriesInternal_m3735342319	System.IO.DirectoryInfo System.IO.Directory::CreateDirectoriesInternal(System.String)	mscorlib
Directory_Exists_m1484791558	System.Boolean System.IO.Directory::Exists(System.String)	mscorlib
Directory_GetCurrentDirectory_m219218555	System.String System.IO.Directory::GetCurrentDirectory()	mscorlib
Directory_GetFiles_m2624572368	System.String[] System.IO.Directory::GetFiles(System.String,System.String)	mscorlib
Directory_GetFileSystemEntries_m1684188607	System.String[] System.IO.Directory::GetFileSystemEntries(System.String,System.String,System.IO.FileAttributes,System.IO.FileAttributes)	mscorlib
DirectoryInfo__ctor_m1000259829	System.Void System.IO.DirectoryInfo::.ctor(System.String)	mscorlib
DirectoryInfo__ctor_m126519516	System.Void System.IO.DirectoryInfo::.ctor(System.String,System.Boolean)	mscorlib
DirectoryInfo__ctor_m481305441	System.Void System.IO.DirectoryInfo::.ctor(System.Runtime.Serialization.SerializationInfo,System.Runtime.Serialization.StreamingContext)	mscorlib
DirectoryInfo_Initialize_m1389772934	System.Void System.IO.DirectoryInfo::Initialize()	mscorlib
DirectoryInfo_get_Exists_m3142069876	System.Boolean System.IO.DirectoryInfo::get_Exists()	mscorlib
DirectoryInfo_get_Parent_m3736638393	System.IO.DirectoryInfo System.IO.DirectoryInfo::get_Parent()	mscorlib
DirectoryInfo_Create_m604858118	System.Void System.IO.DirectoryInfo::Create()	mscorlib
DirectoryInfo_ToString_m330992229	System.String System.IO.DirectoryInfo::ToString()	mscorlib
DirectoryNotFoundException__ctor_m4004339866	System.Void System.IO.DirectoryNotFoundException::.ctor()	mscorlib
DirectoryNotFoundException__ctor_m3235664382	System.Void System.IO.DirectoryNotFoundException::.ctor(System.String)	mscorlib
DirectoryNotFoundException__ctor_m1689636868	System.Void System.IO.DirectoryNotFoundException::.ctor(System.Runtime.Serialization.SerializationInfo,System.Runtime.Serialization.StreamingContext)	mscorlib
EndOfStreamException__ctor_m2202021005	System.Void System.IO.EndOfStreamException::.ctor()	mscorlib
EndOfStreamException__ctor_m1590165188	System.Void System.IO.EndOfStreamException::.ctor(System.Runtime.Serialization.SerializationInfo,System.Runtime.Serialization.StreamingContext)	mscorlib
File_Delete_m321251800	System.Void System.IO.File::Delete(System.String)	mscorlib
File_Exists_m3943585060	System.Boolean System.IO.File::Exists(System.String)	mscorlib
File_Open_m664439378	System.IO.FileStream System.IO.File::Open(System.String,System.IO.FileMode)	mscorlib
File_OpenRead_m2936789020	System.IO.FileStream System.IO.File::OpenRead(System.String)	mscorlib
File_OpenText_m196858847	System.IO.StreamReader System.IO.File::OpenText(System.String)	mscorlib
FileLoadException__ctor_m3879680456	System.Void System.IO.FileLoadException::.ctor()	mscorlib
FileLoadException__ctor_m3104411427	System.Void System.IO.FileLoadException::.ctor(System.Runtime.Serialization.SerializationInfo,System.Runtime.Serialization.StreamingContext)	mscorlib
FileLoadException_get_Message_m1316268913	System.String System.IO.FileLoadException::get_Message()	mscorlib
FileLoadException_ToString_m2989457882	System.String System.IO.FileLoadException::ToString()	mscorlib
FileNotFoundException__ctor_m2359931775	System.Void System.IO.FileNotFoundException::.ctor()	mscorlib
FileNotFoundException__ctor_m1953317719	System.Void System.IO.FileNotFoundException::.ctor(System.String,System.String)	mscorlib
FileNotFoundException__ctor_m2477162036	System.Void System.IO.FileNotFoundException::.ctor(System.Runtime.Serialization.SerializationInfo,System.Runtime.Serialization.StreamingContext)	mscorlib
FileNotFoundException_get_Message_m2807351025	System.String System.IO.FileNotFoundException::get_Message()	mscorlib
FileNotFoundException_ToString_m3487423565	System.String System.IO.FileNotFoundException::ToString()	mscorlib
FileStream__ctor_m3087090334	System.Void System.IO.FileStream::.ctor(System.IntPtr,System.IO.FileAccess,System.Boolean,System.Int32,System.Boolean,System.Boolean)	mscorlib
FileStream__ctor_m3135402178	System.Void System.IO.FileStream::.ctor(System.String,System.IO.FileMode,System.IO.FileAccess)	mscorlib
FileStream__ctor_m2889718780	System.Void System.IO.FileStream::.ctor(System.String,System.IO.FileMode,System.IO.FileAccess,System.IO.FileShare)	mscorlib
FileStream__ctor_m1487083717	System.Void System.IO.FileStream::.ctor(System.String,System.IO.FileMode,System.IO.FileAccess,System.IO.FileShare,System.Int32,System.Boolean,System.Boolean)	mscorlib
FileStream__ctor_m3151488352	System.Void System.IO.FileStream::.ctor(System.String,System.IO.FileMode,System.IO.FileAccess,System.IO.FileShare,System.Int32,System.Boolean,System.IO.FileOptions)	mscorlib
FileStream_get_CanRead_m860786786	System.Boolean System.IO.FileStream::get_CanRead()	mscorlib
FileStream_get_CanWrite_m1199612770	System.Boolean System.IO.FileStream::get_CanWrite()	mscorlib
FileStream_get_CanSeek_m331583577	System.Boolean System.IO.FileStream::get_CanSeek()	mscorlib
FileStream_get_Length_m426703983	System.Int64 System.IO.FileStream::get_Length()	mscorlib
FileStream_get_Position_m3002807042	System.Int64 System.IO.FileStream::get_Position()	mscorlib
FileStream_set_Position_m196127886	System.Void System.IO.FileStream::set_Position(System.Int64)	mscorlib
FileStream_ReadByte_m2651547500	System.Int32 System.IO.FileStream::ReadByte()	mscorlib
FileStream_WriteByte_m3899504766	System.Void System.IO.FileStream::WriteByte(System.Byte)	mscorlib
FileStream_Read_m3303017364	System.Int32 System.IO.FileStream::Read(System.Byte[],System.Int32,System.Int32)	mscorlib
FileStream_ReadInternal_m2099474616	System.Int32 System.IO.FileStream::ReadInternal(System.Byte[],System.Int32,System.Int32)	mscorlib
FileStream_BeginRead_m2419864669	System.IAsyncResult System.IO.FileStream::BeginRead(System.Byte[],System.Int32,System.Int32,System.AsyncCallback,System.Object)	mscorlib
FileStream_EndRead_m3904255625	System.Int32 System.IO.FileStream::EndRead(System.IAsyncResult)	mscorlib
FileStream_Write_m2254426030	System.Void System.IO.FileStream::Write(System.Byte[],System.Int32,System.Int32)	mscorlib
FileStream_WriteInternal_m4028396817	System.Void System.IO.FileStream::WriteInternal(System.Byte[],System.Int32,System.Int32)	mscorlib
FileStream_BeginWrite_m626715259	System.IAsyncResult System.IO.FileStream::BeginWrite(System.Byte[],System.Int32,System.Int32,System.AsyncCallback,System.Object)	mscorlib
FileStream_EndWrite_m4002445354	System.Void System.IO.FileStream::EndWrite(System.IAsyncResult)	mscorlib
FileStream_Seek_m2017853129	System.Int64 System.IO.FileStream::Seek(System.Int64,System.IO.SeekOrigin)	mscorlib
FileStream_SetLength_m99749826	System.Void System.IO.FileStream::SetLength(System.Int64)	mscorlib
FileStream_Flush_m948103572	System.Void System.IO.FileStream::Flush()	mscorlib
FileStream_Finalize_m1626396852	System.Void System.IO.FileStream::Finalize()	mscorlib
FileStream_Dispose_m2599766137	System.Void System.IO.FileStream::Dispose(System.Boolean)	mscorlib
FileStream_ReadSegment_m3875398069	System.Int32 System.IO.FileStream::ReadSegment(System.Byte[],System.Int32,System.Int32)	mscorlib
FileStream_WriteSegment_m4018885935	System.Int32 System.IO.FileStream::WriteSegment(System.Byte[],System.Int32,System.Int32)	mscorlib
FileStream_FlushBuffer_m914568182	System.Void System.IO.FileStream::FlushBuffer(System.IO.Stream)	mscorlib
FileStream_FlushBuffer_m4115439312	System.Void System.IO.FileStream::FlushBuffer()	mscorlib
FileStream_FlushBufferIfDirty_m4249802951	System.Void System.IO.FileStream::FlushBufferIfDirty()	mscorlib
FileStream_RefillBuffer_m4186945278	System.Void System.IO.FileStream::RefillBuffer()	mscorlib
FileStream_ReadData_m1637551634	System.Int32 System.IO.FileStream::ReadData(System.IntPtr,System.Byte[],System.Int32,System.Int32)	mscorlib
FileStream_InitBuffer_m2135408785	System.Void System.IO.FileStream::InitBuffer(System.Int32,System.Boolean)	mscorlib
FileStream_GetSecureFileName_m449783930	System.String System.IO.FileStream::GetSecureFileName(System.String)	mscorlib
FileStream_GetSecureFileName_m2419304749	System.String System.IO.FileStream::GetSecureFileName(System.String,System.Boolean)	mscorlib
ReadDelegate__ctor_m2067775798	System.Void System.IO.FileStream/ReadDelegate::.ctor(System.Object,System.IntPtr)	mscorlib
ReadDelegate_Invoke_m853483996	System.Int32 System.IO.FileStream/ReadDelegate::Invoke(System.Byte[],System.Int32,System.Int32)	mscorlib
ReadDelegate_BeginInvoke_m3697522094	System.IAsyncResult System.IO.FileStream/ReadDelegate::BeginInvoke(System.Byte[],System.Int32,System.Int32,System.AsyncCallback,System.Object)	mscorlib
ReadDelegate_EndInvoke_m1567259657	System.Int32 System.IO.FileStream/ReadDelegate::EndInvoke(System.IAsyncResult)	mscorlib
WriteDelegate__ctor_m760514430	System.Void System.IO.FileStream/WriteDelegate::.ctor(System.Object,System.IntPtr)	mscorlib
WriteDelegate_Invoke_m1581737441	System.Void System.IO.FileStream/WriteDelegate::Invoke(System.Byte[],System.Int32,System.Int32)	mscorlib
WriteDelegate_BeginInvoke_m39624777	System.IAsyncResult System.IO.FileStream/WriteDelegate::BeginInvoke(System.Byte[],System.Int32,System.Int32,System.AsyncCallback,System.Object)	mscorlib
WriteDelegate_EndInvoke_m952736984	System.Void System.IO.FileStream/WriteDelegate::EndInvoke(System.IAsyncResult)	mscorlib
FileStreamAsyncResult__ctor_m3441988901	System.Void System.IO.FileStreamAsyncResult::.ctor(System.AsyncCallback,System.Object)	mscorlib
FileStreamAsyncResult_CBWrapper_m1670848754	System.Void System.IO.FileStreamAsyncResult::CBWrapper(System.IAsyncResult)	mscorlib
FileStreamAsyncResult_get_AsyncState_m3919989221	System.Object System.IO.FileStreamAsyncResult::get_AsyncState()	mscorlib
FileStreamAsyncResult_get_AsyncWaitHandle_m1811816191	System.Threading.WaitHandle System.IO.FileStreamAsyncResult::get_AsyncWaitHandle()	mscorlib
FileStreamAsyncResult_get_IsCompleted_m2730893434	System.Boolean System.IO.FileStreamAsyncResult::get_IsCompleted()	mscorlib
FileSystemInfo__ctor_m3035148496	System.Void System.IO.FileSystemInfo::.ctor()	mscorlib
FileSystemInfo__ctor_m3769019897	System.Void System.IO.FileSystemInfo::.ctor(System.Runtime.Serialization.SerializationInfo,System.Runtime.Serialization.StreamingContext)	mscorlib
FileSystemInfo_get_FullName_m3468398407	System.String System.IO.FileSystemInfo::get_FullName()	mscorlib
FileSystemInfo_Refresh_m1497191506	System.Void System.IO.FileSystemInfo::Refresh(System.Boolean)	mscorlib
FileSystemInfo_InternalRefresh_m1700260373	System.Void System.IO.FileSystemInfo::InternalRefresh()	mscorlib
FileSystemInfo_CheckPath_m1572836275	System.Void System.IO.FileSystemInfo::CheckPath(System.String)	mscorlib
IOException__ctor_m971599150	System.Void System.IO.IOException::.ctor()	mscorlib
IOException__ctor_m3662782713	System.Void System.IO.IOException::.ctor(System.String)	mscorlib
IOException__ctor_m3246761956	System.Void System.IO.IOException::.ctor(System.String,System.Exception)	mscorlib
IOException__ctor_m58488270	System.Void System.IO.IOException::.ctor(System.Runtime.Serialization.SerializationInfo,System.Runtime.Serialization.StreamingContext)	mscorlib
IOException__ctor_m2367100481	System.Void System.IO.IOException::.ctor(System.String,System.Int32)	mscorlib
IsolatedStorageException__ctor_m3554950159	System.Void System.IO.IsolatedStorage.IsolatedStorageException::.ctor()	mscorlib
IsolatedStorageException__ctor_m1022659452	System.Void System.IO.IsolatedStorage.IsolatedStorageException::.ctor(System.String)	mscorlib
IsolatedStorageException__ctor_m3386787868	System.Void System.IO.IsolatedStorage.IsolatedStorageException::.ctor(System.Runtime.Serialization.SerializationInfo,System.Runtime.Serialization.StreamingContext)	mscorlib
MemoryStream__ctor_m2678285228	System.Void System.IO.MemoryStream::.ctor()	mscorlib
MemoryStream__ctor_m2128850779	System.Void System.IO.MemoryStream::.ctor(System.Int32)	mscorlib
MemoryStream__ctor_m4100805873	System.Void System.IO.MemoryStream::.ctor(System.Byte[])	mscorlib
MemoryStream_InternalConstructor_m150311326	System.Void System.IO.MemoryStream::InternalConstructor(System.Byte[],System.Int32,System.Int32,System.Boolean,System.Boolean)	mscorlib
MemoryStream_CheckIfClosedThrowDisposed_m3740555627	System.Void System.IO.MemoryStream::CheckIfClosedThrowDisposed()	mscorlib
MemoryStream_get_CanRead_m1639425566	System.Boolean System.IO.MemoryStream::get_CanRead()	mscorlib
MemoryStream_get_CanSeek_m2835368013	System.Boolean System.IO.MemoryStream::get_CanSeek()	mscorlib
MemoryStream_get_CanWrite_m3127242210	System.Boolean System.IO.MemoryStream::get_CanWrite()	mscorlib
MemoryStream_set_Capacity_m1773624579	System.Void System.IO.MemoryStream::set_Capacity(System.Int32)	mscorlib
MemoryStream_get_Length_m1064991453	System.Int64 System.IO.MemoryStream::get_Length()	mscorlib
MemoryStream_get_Position_m3733941202	System.Int64 System.IO.MemoryStream::get_Position()	mscorlib
MemoryStream_set_Position_m3169779190	System.Void System.IO.MemoryStream::set_Position(System.Int64)	mscorlib
MemoryStream_Dispose_m3070412825	System.Void System.IO.MemoryStream::Dispose(System.Boolean)	mscorlib
MemoryStream_Flush_m404193925	System.Void System.IO.MemoryStream::Flush()	mscorlib
MemoryStream_Read_m337792459	System.Int32 System.IO.MemoryStream::Read(System.Byte[],System.Int32,System.Int32)	mscorlib
MemoryStream_ReadByte_m881980848	System.Int32 System.IO.MemoryStream::ReadByte()	mscorlib
MemoryStream_Seek_m3459579537	System.Int64 System.IO.MemoryStream::Seek(System.Int64,System.IO.SeekOrigin)	mscorlib
MemoryStream_CalculateNewCapacity_m30466263	System.Int32 System.IO.MemoryStream::CalculateNewCapacity(System.Int32)	mscorlib
MemoryStream_Expand_m3554752073	System.Void System.IO.MemoryStream::Expand(System.Int32)	mscorlib
MemoryStream_SetLength_m974389318	System.Void System.IO.MemoryStream::SetLength(System.Int64)	mscorlib
MemoryStream_ToArray_m3911744835	System.Byte[] System.IO.MemoryStream::ToArray()	mscorlib
MemoryStream_Write_m162543801	System.Void System.IO.MemoryStream::Write(System.Byte[],System.Int32,System.Int32)	mscorlib
MemoryStream_WriteByte_m4085656483	System.Void System.IO.MemoryStream::WriteByte(System.Byte)	mscorlib
MonoIO__cctor_m3715714639	System.Void System.IO.MonoIO::.cctor()	mscorlib
MonoIO_GetException_m865954703	System.Exception System.IO.MonoIO::GetException(System.IO.MonoIOError)	mscorlib
MonoIO_GetException_m1522387862	System.Exception System.IO.MonoIO::GetException(System.String,System.IO.MonoIOError)	mscorlib
MonoIO_CreateDirectory_m120522531	System.Boolean System.IO.MonoIO::CreateDirectory(System.String,System.IO.MonoIOError&)	mscorlib
MonoIO_GetFileSystemEntries_m37351365	System.String[] System.IO.MonoIO::GetFileSystemEntries(System.String,System.String,System.Int32,System.Int32,System.IO.MonoIOError&)	mscorlib
MonoIO_GetCurrentDirectory_m762333289	System.String System.IO.MonoIO::GetCurrentDirectory(System.IO.MonoIOError&)	mscorlib
MonoIO_DeleteFile_m3839141322	System.Boolean System.IO.MonoIO::DeleteFile(System.String,System.IO.MonoIOError&)	mscorlib
MonoIO_GetFileAttributes_m2086493016	System.IO.FileAttributes System.IO.MonoIO::GetFileAttributes(System.String,System.IO.MonoIOError&)	mscorlib
MonoIO_GetFileType_m101289143	System.IO.MonoFileType System.IO.MonoIO::GetFileType(System.IntPtr,System.IO.MonoIOError&)	mscorlib
MonoIO_ExistsFile_m812572516	System.Boolean System.IO.MonoIO::ExistsFile(System.String,System.IO.MonoIOError&)	mscorlib
MonoIO_ExistsDirectory_m2182482658	System.Boolean System.IO.MonoIO::ExistsDirectory(System.String,System.IO.MonoIOError&)	mscorlib
MonoIO_GetFileStat_m678141354	System.Boolean System.IO.MonoIO::GetFileStat(System.String,System.IO.MonoIOStat&,System.IO.MonoIOError&)	mscorlib
MonoIO_Open_m2245605962	System.IntPtr System.IO.MonoIO::Open(System.String,System.IO.FileMode,System.IO.FileAccess,System.IO.FileShare,System.IO.FileOptions,System.IO.MonoIOError&)	mscorlib
MonoIO_Close_m3406045462	System.Boolean System.IO.MonoIO::Close(System.IntPtr,System.IO.MonoIOError&)	mscorlib
MonoIO_Read_m1129074620	System.Int32 System.IO.MonoIO::Read(System.IntPtr,System.Byte[],System.Int32,System.Int32,System.IO.MonoIOError&)	mscorlib
MonoIO_Write_m3999708352	System.Int32 System.IO.MonoIO::Write(System.IntPtr,System.Byte[],System.Int32,System.Int32,System.IO.MonoIOError&)	mscorlib
MonoIO_Seek_m390267705	System.Int64 System.IO.MonoIO::Seek(System.IntPtr,System.Int64,System.IO.SeekOrigin,System.IO.MonoIOError&)	mscorlib
MonoIO_GetLength_m2300093603	System.Int64 System.IO.MonoIO::GetLength(System.IntPtr,System.IO.MonoIOError&)	mscorlib
MonoIO_SetLength_m2811105392	System.Boolean System.IO.MonoIO::SetLength(System.IntPtr,System.Int64,System.IO.MonoIOError&)	mscorlib
MonoIO_get_ConsoleOutput_m1601613425	System.IntPtr System.IO.MonoIO::get_ConsoleOutput()	mscorlib
MonoIO_get_ConsoleInput_m610865495	System.IntPtr System.IO.MonoIO::get_ConsoleInput()	mscorlib
MonoIO_get_ConsoleError_m1156784591	System.IntPtr System.IO.MonoIO::get_ConsoleError()	mscorlib
MonoIO_get_VolumeSeparatorChar_m3246170182	System.Char System.IO.MonoIO::get_VolumeSeparatorChar()	mscorlib
MonoIO_get_DirectorySeparatorChar_m820086465	System.Char System.IO.MonoIO::get_DirectorySeparatorChar()	mscorlib
MonoIO_get_AltDirectorySeparatorChar_m563952479	System.Char System.IO.MonoIO::get_AltDirectorySeparatorChar()	mscorlib
MonoIO_get_PathSeparator_m4045322458	System.Char System.IO.MonoIO::get_PathSeparator()	mscorlib
MonoIO_RemapPath_m1142466502	System.Boolean System.IO.MonoIO::RemapPath(System.String,System.String&)	mscorlib
NullStream__ctor_m2992573138	System.Void System.IO.NullStream::.ctor()	mscorlib
NullStream_get_CanRead_m1034149266	System.Boolean System.IO.NullStream::get_CanRead()	mscorlib
NullStream_get_CanSeek_m500620687	System.Boolean System.IO.NullStream::get_CanSeek()	mscorlib
NullStream_get_CanWrite_m1245688616	System.Boolean System.IO.NullStream::get_CanWrite()	mscorlib
NullStream_get_Length_m3184233382	System.Int64 System.IO.NullStream::get_Length()	mscorlib
NullStream_get_Position_m4048431226	System.Int64 System.IO.NullStream::get_Position()	mscorlib
NullStream_set_Position_m4054051091	System.Void System.IO.NullStream::set_Position(System.Int64)	mscorlib
NullStream_Flush_m3382897993	System.Void System.IO.NullStream::Flush()	mscorlib
NullStream_Read_m3464254343	System.Int32 System.IO.NullStream::Read(System.Byte[],System.Int32,System.Int32)	mscorlib
NullStream_ReadByte_m3043548024	System.Int32 System.IO.NullStream::ReadByte()	mscorlib
NullStream_Seek_m1914924606	System.Int64 System.IO.NullStream::Seek(System.Int64,System.IO.SeekOrigin)	mscorlib
NullStream_SetLength_m1485742029	System.Void System.IO.NullStream::SetLength(System.Int64)	mscorlib
NullStream_Write_m3898870979	System.Void System.IO.NullStream::Write(System.Byte[],System.Int32,System.Int32)	mscorlib
NullStream_WriteByte_m2819073019	System.Void System.IO.NullStream::WriteByte(System.Byte)	mscorlib
Path__cctor_m3273994011	System.Void System.IO.Path::.cctor()	mscorlib
Path_Combine_m3389272516	System.String System.IO.Path::Combine(System.String,System.String)	mscorlib
Path_CleanPath_m3974596557	System.String System.IO.Path::CleanPath(System.String)	mscorlib
Path_GetDirectoryName_m3496866581	System.String System.IO.Path::GetDirectoryName(System.String)	mscorlib
Path_GetFileName_m1354558116	System.String System.IO.Path::GetFileName(System.String)	mscorlib
Path_GetFullPath_m4142135635	System.String System.IO.Path::GetFullPath(System.String)	mscorlib
Path_WindowsDriveAdjustment_m3256426255	System.String System.IO.Path::WindowsDriveAdjustment(System.String)	mscorlib
Path_InsecureGetFullPath_m129101154	System.String System.IO.Path::InsecureGetFullPath(System.String)	mscorlib
Path_IsDsc_m138487241	System.Boolean System.IO.Path::IsDsc(System.Char)	mscorlib
Path_GetPathRoot_m3499444155	System.String System.IO.Path::GetPathRoot(System.String)	mscorlib
Path_IsPathRooted_m3515805419	System.Boolean System.IO.Path::IsPathRooted(System.String)	mscorlib
Path_GetInvalidPathChars_m3959874485	System.Char[] System.IO.Path::GetInvalidPathChars()	mscorlib
Path_GetServerAndShare_m2640882202	System.String System.IO.Path::GetServerAndShare(System.String)	mscorlib
Path_SameRoot_m1518354096	System.Boolean System.IO.Path::SameRoot(System.String,System.String)	mscorlib
Path_CanonicalizePath_m620086118	System.String System.IO.Path::CanonicalizePath(System.String)	mscorlib
PathTooLongException__ctor_m3265957480	System.Void System.IO.PathTooLongException::.ctor()	mscorlib
PathTooLongException__ctor_m2026445941	System.Void System.IO.PathTooLongException::.ctor(System.String)	mscorlib
PathTooLongException__ctor_m3626892488	System.Void System.IO.PathTooLongException::.ctor(System.Runtime.Serialization.SerializationInfo,System.Runtime.Serialization.StreamingContext)	mscorlib
SearchPattern__cctor_m3525595274	System.Void System.IO.SearchPattern::.cctor()	mscorlib
Stream__ctor_m3881936881	System.Void System.IO.Stream::.ctor()	mscorlib
Stream__cctor_m3168732477	System.Void System.IO.Stream::.cctor()	mscorlib
Stream_Dispose_m2589290611	System.Void System.IO.Stream::Dispose()	mscorlib
Stream_Dispose_m874059170	System.Void System.IO.Stream::Dispose(System.Boolean)	mscorlib
Stream_Close_m771352034	System.Void System.IO.Stream::Close()	mscorlib
Stream_ReadByte_m4291052673	System.Int32 System.IO.Stream::ReadByte()	mscorlib
Stream_WriteByte_m1519852120	System.Void System.IO.Stream::WriteByte(System.Byte)	mscorlib
Stream_BeginRead_m2233539237	System.IAsyncResult System.IO.Stream::BeginRead(System.Byte[],System.Int32,System.Int32,System.AsyncCallback,System.Object)	mscorlib
Stream_BeginWrite_m1696564506	System.IAsyncResult System.IO.Stream::BeginWrite(System.Byte[],System.Int32,System.Int32,System.AsyncCallback,System.Object)	mscorlib
Stream_EndRead_m1896469262	System.Int32 System.IO.Stream::EndRead(System.IAsyncResult)	mscorlib
Stream_EndWrite_m1721488587	System.Void System.IO.Stream::EndWrite(System.IAsyncResult)	mscorlib
StreamAsyncResult__ctor_m3118856368	System.Void System.IO.StreamAsyncResult::.ctor(System.Object)	mscorlib
StreamAsyncResult_SetComplete_m1247564615	System.Void System.IO.StreamAsyncResult::SetComplete(System.Exception)	mscorlib
StreamAsyncResult_SetComplete_m1102187093	System.Void System.IO.StreamAsyncResult::SetComplete(System.Exception,System.Int32)	mscorlib
StreamAsyncResult_get_AsyncState_m3822420114	System.Object System.IO.StreamAsyncResult::get_AsyncState()	mscorlib
StreamAsyncResult_get_AsyncWaitHandle_m3390046559	System.Threading.WaitHandle System.IO.StreamAsyncResult::get_AsyncWaitHandle()	mscorlib
StreamAsyncResult_get_IsCompleted_m2732733162	System.Boolean System.IO.StreamAsyncResult::get_IsCompleted()	mscorlib
StreamAsyncResult_get_Exception_m4050930077	System.Exception System.IO.StreamAsyncResult::get_Exception()	mscorlib
StreamAsyncResult_get_NBytes_m548041729	System.Int32 System.IO.StreamAsyncResult::get_NBytes()	mscorlib
StreamAsyncResult_get_Done_m3405983634	System.Boolean System.IO.StreamAsyncResult::get_Done()	mscorlib
StreamAsyncResult_set_Done_m376066337	System.Void System.IO.StreamAsyncResult::set_Done(System.Boolean)	mscorlib
StreamReader__ctor_m150050089	System.Void System.IO.StreamReader::.ctor()	mscorlib
StreamReader__ctor_m3941437302	System.Void System.IO.StreamReader::.ctor(System.IO.Stream,System.Text.Encoding)	mscorlib
StreamReader__ctor_m2783219104	System.Void System.IO.StreamReader::.ctor(System.IO.Stream,System.Text.Encoding,System.Boolean,System.Int32)	mscorlib
StreamReader__ctor_m1616861391	System.Void System.IO.StreamReader::.ctor(System.String)	mscorlib
StreamReader__ctor_m2637382018	System.Void System.IO.StreamReader::.ctor(System.String,System.Text.Encoding,System.Boolean,System.Int32)	mscorlib
StreamReader__cctor_m874052303	System.Void System.IO.StreamReader::.cctor()	mscorlib
StreamReader_Initialize_m3160193871	System.Void System.IO.StreamReader::Initialize(System.IO.Stream,System.Text.Encoding,System.Boolean,System.Int32)	mscorlib
StreamReader_Dispose_m156389394	System.Void System.IO.StreamReader::Dispose(System.Boolean)	mscorlib
StreamReader_DoChecks_m1235625723	System.Int32 System.IO.StreamReader::DoChecks(System.Int32)	mscorlib
StreamReader_ReadBuffer_m761134843	System.Int32 System.IO.StreamReader::ReadBuffer()	mscorlib
StreamReader_Peek_m2272511193	System.Int32 System.IO.StreamReader::Peek()	mscorlib
StreamReader_Read_m2554901735	System.Int32 System.IO.StreamReader::Read()	mscorlib
StreamReader_Read_m830111915	System.Int32 System.IO.StreamReader::Read(System.Char[],System.Int32,System.Int32)	mscorlib
StreamReader_FindNextEOL_m2574298119	System.Int32 System.IO.StreamReader::FindNextEOL()	mscorlib
StreamReader_ReadLine_m1468498645	System.String System.IO.StreamReader::ReadLine()	mscorlib
StreamReader_ReadToEnd_m371831293	System.String System.IO.StreamReader::ReadToEnd()	mscorlib
NullStreamReader__ctor_m3077615088	System.Void System.IO.StreamReader/NullStreamReader::.ctor()	mscorlib
NullStreamReader_Peek_m1755552867	System.Int32 System.IO.StreamReader/NullStreamReader::Peek()	mscorlib
NullStreamReader_Read_m3851775014	System.Int32 System.IO.StreamReader/NullStreamReader::Read()	mscorlib
NullStreamReader_Read_m4144924479	System.Int32 System.IO.StreamReader/NullStreamReader::Read(System.Char[],System.Int32,System.Int32)	mscorlib
NullStreamReader_ReadLine_m1951583843	System.String System.IO.StreamReader/NullStreamReader::ReadLine()	mscorlib
NullStreamReader_ReadToEnd_m785591460	System.String System.IO.StreamReader/NullStreamReader::ReadToEnd()	mscorlib
StreamWriter__ctor_m2310301218	System.Void System.IO.StreamWriter::.ctor(System.IO.Stream,System.Text.Encoding)	mscorlib
StreamWriter__ctor_m1245831116	System.Void System.IO.StreamWriter::.ctor(System.IO.Stream,System.Text.Encoding,System.Int32)	mscorlib
StreamWriter__cctor_m1229272693	System.Void System.IO.StreamWriter::.cctor()	mscorlib
StreamWriter_Initialize_m3490883444	System.Void System.IO.StreamWriter::Initialize(System.Text.Encoding,System.Int32)	mscorlib
StreamWriter_set_AutoFlush_m42112085	System.Void System.IO.StreamWriter::set_AutoFlush(System.Boolean)	mscorlib
StreamWriter_Dispose_m2818839127	System.Void System.IO.StreamWriter::Dispose(System.Boolean)	mscorlib
StreamWriter_Flush_m3311572543	System.Void System.IO.StreamWriter::Flush()	mscorlib
StreamWriter_FlushBytes_m1531540244	System.Void System.IO.StreamWriter::FlushBytes()	mscorlib
StreamWriter_Decode_m2340149035	System.Void System.IO.StreamWriter::Decode()	mscorlib
StreamWriter_Write_m4109815652	System.Void System.IO.StreamWriter::Write(System.Char[],System.Int32,System.Int32)	mscorlib
StreamWriter_LowLevelWrite_m1318762026	System.Void System.IO.StreamWriter::LowLevelWrite(System.Char[],System.Int32,System.Int32)	mscorlib
StreamWriter_LowLevelWrite_m1081676583	System.Void System.IO.StreamWriter::LowLevelWrite(System.String)	mscorlib
StreamWriter_Write_m2487601391	System.Void System.IO.StreamWriter::Write(System.Char)	mscorlib
StreamWriter_Write_m2994525938	System.Void System.IO.StreamWriter::Write(System.Char[])	mscorlib
StreamWriter_Write_m1660535366	System.Void System.IO.StreamWriter::Write(System.String)	mscorlib
StreamWriter_Close_m3750270527	System.Void System.IO.StreamWriter::Close()	mscorlib
StreamWriter_Finalize_m1379860857	System.Void System.IO.StreamWriter::Finalize()	mscorlib
StringReader__ctor_m126993932	System.Void System.IO.StringReader::.ctor(System.String)	mscorlib
StringReader_Dispose_m1915799905	System.Void System.IO.StringReader::Dispose(System.Boolean)	mscorlib
StringReader_Peek_m3605235793	System.Int32 System.IO.StringReader::Peek()	mscorlib
StringReader_Read_m3322058819	System.Int32 System.IO.StringReader::Read()	mscorlib
StringReader_Read_m478895463	System.Int32 System.IO.StringReader::Read(System.Char[],System.Int32,System.Int32)	mscorlib
StringReader_ReadLine_m2337102945	System.String System.IO.StringReader::ReadLine()	mscorlib
StringReader_ReadToEnd_m2679201613	System.String System.IO.StringReader::ReadToEnd()	mscorlib
StringReader_CheckObjectDisposedException_m3796163530	System.Void System.IO.StringReader::CheckObjectDisposedException()	mscorlib
SynchronizedReader__ctor_m322282529	System.Void System.IO.SynchronizedReader::.ctor(System.IO.TextReader)	mscorlib
SynchronizedReader_Peek_m148942882	System.Int32 System.IO.SynchronizedReader::Peek()	mscorlib
SynchronizedReader_ReadLine_m2411238064	System.String System.IO.SynchronizedReader::ReadLine()	mscorlib
SynchronizedReader_ReadToEnd_m2160105378	System.String System.IO.SynchronizedReader::ReadToEnd()	mscorlib
SynchronizedReader_Read_m2047574604	System.Int32 System.IO.SynchronizedReader::Read()	mscorlib
SynchronizedReader_Read_m1388613247	System.Int32 System.IO.SynchronizedReader::Read(System.Char[],System.Int32,System.Int32)	mscorlib
SynchronizedWriter__ctor_m495278869	System.Void System.IO.SynchronizedWriter::.ctor(System.IO.TextWriter,System.Boolean)	mscorlib
SynchronizedWriter_Close_m3632168889	System.Void System.IO.SynchronizedWriter::Close()	mscorlib
SynchronizedWriter_Flush_m1415610297	System.Void System.IO.SynchronizedWriter::Flush()	mscorlib
SynchronizedWriter_Write_m1297715977	System.Void System.IO.SynchronizedWriter::Write(System.Char)	mscorlib
SynchronizedWriter_Write_m2529550287	System.Void System.IO.SynchronizedWriter::Write(System.Char[])	mscorlib
SynchronizedWriter_Write_m169417751	System.Void System.IO.SynchronizedWriter::Write(System.String)	mscorlib
SynchronizedWriter_Write_m301917713	System.Void System.IO.SynchronizedWriter::Write(System.Char[],System.Int32,System.Int32)	mscorlib
SynchronizedWriter_WriteLine_m1552352268	System.Void System.IO.SynchronizedWriter::WriteLine()	mscorlib
SynchronizedWriter_WriteLine_m2518863747	System.Void System.IO.SynchronizedWriter::WriteLine(System.String)	mscorlib
TextReader__ctor_m605064712	System.Void System.IO.TextReader::.ctor()	mscorlib
TextReader__cctor_m322748985	System.Void System.IO.TextReader::.cctor()	mscorlib
TextReader_Dispose_m4253712522	System.Void System.IO.TextReader::Dispose()	mscorlib
TextReader_Dispose_m2059554794	System.Void System.IO.TextReader::Dispose(System.Boolean)	mscorlib
TextReader_Peek_m4032451740	System.Int32 System.IO.TextReader::Peek()	mscorlib
TextReader_Read_m2044559986	System.Int32 System.IO.TextReader::Read()	mscorlib
TextReader_Read_m4213268240	System.Int32 System.IO.TextReader::Read(System.Char[],System.Int32,System.Int32)	mscorlib
TextReader_ReadLine_m2549275032	System.String System.IO.TextReader::ReadLine()	mscorlib
TextReader_ReadToEnd_m2648397074	System.String System.IO.TextReader::ReadToEnd()	mscorlib
TextReader_Synchronized_m3004980758	System.IO.TextReader System.IO.TextReader::Synchronized(System.IO.TextReader)	mscorlib
NullTextReader__ctor_m2871254925	System.Void System.IO.TextReader/NullTextReader::.ctor()	mscorlib
NullTextReader_ReadLine_m2308083993	System.String System.IO.TextReader/NullTextReader::ReadLine()	mscorlib
TextWriter__ctor_m2859954372	System.Void System.IO.TextWriter::.ctor()	mscorlib
TextWriter__cctor_m2707487510	System.Void System.IO.TextWriter::.cctor()	mscorlib
TextWriter_Close_m1290111813	System.Void System.IO.TextWriter::Close()	mscorlib
TextWriter_Dispose_m368115211	System.Void System.IO.TextWriter::Dispose(System.Boolean)	mscorlib
TextWriter_Dispose_m2495808722	System.Void System.IO.TextWriter::Dispose()	mscorlib
TextWriter_Flush_m4003695429	System.Void System.IO.TextWriter::Flush()	mscorlib
TextWriter_Synchronized_m904006265	System.IO.TextWriter System.IO.TextWriter::Synchronized(System.IO.TextWriter,System.Boolean)	mscorlib
TextWriter_Write_m164803641	System.Void System.IO.TextWriter::Write(System.Char)	mscorlib
TextWriter_Write_m2638787064	System.Void System.IO.TextWriter::Write(System.Char[])	mscorlib
TextWriter_Write_m2252948084	System.Void System.IO.TextWriter::Write(System.String)	mscorlib
TextWriter_Write_m2937140664	System.Void System.IO.TextWriter::Write(System.Char[],System.Int32,System.Int32)	mscorlib
TextWriter_WriteLine_m524366243	System.Void System.IO.TextWriter::WriteLine()	mscorlib
TextWriter_WriteLine_m526643693	System.Void System.IO.TextWriter::WriteLine(System.String)	mscorlib
NullTextWriter__ctor_m1544833104	System.Void System.IO.TextWriter/NullTextWriter::.ctor()	mscorlib
NullTextWriter_Write_m432139305	System.Void System.IO.TextWriter/NullTextWriter::Write(System.String)	mscorlib
NullTextWriter_Write_m1671049200	System.Void System.IO.TextWriter/NullTextWriter::Write(System.Char)	mscorlib
NullTextWriter_Write_m2752689351	System.Void System.IO.TextWriter/NullTextWriter::Write(System.Char[],System.Int32,System.Int32)	mscorlib
UnexceptionalStreamReader__ctor_m1568917069	System.Void System.IO.UnexceptionalStreamReader::.ctor(System.IO.Stream,System.Text.Encoding)	mscorlib
UnexceptionalStreamReader__cctor_m2018971657	System.Void System.IO.UnexceptionalStreamReader::.cctor()	mscorlib
UnexceptionalStreamReader_Peek_m1842169584	System.Int32 System.IO.UnexceptionalStreamReader::Peek()	mscorlib
UnexceptionalStreamReader_Read_m16956299	System.Int32 System.IO.UnexceptionalStreamReader::Read()	mscorlib
UnexceptionalStreamReader_Read_m39696771	System.Int32 System.IO.UnexceptionalStreamReader::Read(System.Char[],System.Int32,System.Int32)	mscorlib
UnexceptionalStreamReader_CheckEOL_m187999544	System.Boolean System.IO.UnexceptionalStreamReader::CheckEOL(System.Char)	mscorlib
UnexceptionalStreamReader_ReadLine_m3663173848	System.String System.IO.UnexceptionalStreamReader::ReadLine()	mscorlib
UnexceptionalStreamReader_ReadToEnd_m920589220	System.String System.IO.UnexceptionalStreamReader::ReadToEnd()	mscorlib
UnexceptionalStreamWriter__ctor_m1310404920	System.Void System.IO.UnexceptionalStreamWriter::.ctor(System.IO.Stream,System.Text.Encoding)	mscorlib
UnexceptionalStreamWriter_Flush_m82278468	System.Void System.IO.UnexceptionalStreamWriter::Flush()	mscorlib
UnexceptionalStreamWriter_Write_m4210473673	System.Void System.IO.UnexceptionalStreamWriter::Write(System.Char[],System.Int32,System.Int32)	mscorlib
UnexceptionalStreamWriter_Write_m1440243232	System.Void System.IO.UnexceptionalStreamWriter::Write(System.Char)	mscorlib
UnexceptionalStreamWriter_Write_m1834931241	System.Void System.IO.UnexceptionalStreamWriter::Write(System.Char[])	mscorlib
UnexceptionalStreamWriter_Write_m363195622	System.Void System.IO.UnexceptionalStreamWriter::Write(System.String)	mscorlib
UnmanagedMemoryStream_get_CanRead_m3770815400	System.Boolean System.IO.UnmanagedMemoryStream::get_CanRead()	mscorlib
UnmanagedMemoryStream_get_CanSeek_m2636857629	System.Boolean System.IO.UnmanagedMemoryStream::get_CanSeek()	mscorlib
UnmanagedMemoryStream_get_CanWrite_m2913951513	System.Boolean System.IO.UnmanagedMemoryStream::get_CanWrite()	mscorlib
UnmanagedMemoryStream_get_Length_m3699800948	System.Int64 System.IO.UnmanagedMemoryStream::get_Length()	mscorlib
UnmanagedMemoryStream_get_Position_m3800945932	System.Int64 System.IO.UnmanagedMemoryStream::get_Position()	mscorlib
UnmanagedMemoryStream_set_Position_m2304997845	System.Void System.IO.UnmanagedMemoryStream::set_Position(System.Int64)	mscorlib
UnmanagedMemoryStream_Read_m3982577147	System.Int32 System.IO.UnmanagedMemoryStream::Read(System.Byte[],System.Int32,System.Int32)	mscorlib
UnmanagedMemoryStream_ReadByte_m4248453739	System.Int32 System.IO.UnmanagedMemoryStream::ReadByte()	mscorlib
UnmanagedMemoryStream_Seek_m541442656	System.Int64 System.IO.UnmanagedMemoryStream::Seek(System.Int64,System.IO.SeekOrigin)	mscorlib
UnmanagedMemoryStream_SetLength_m3752964620	System.Void System.IO.UnmanagedMemoryStream::SetLength(System.Int64)	mscorlib
UnmanagedMemoryStream_Flush_m1540584491	System.Void System.IO.UnmanagedMemoryStream::Flush()	mscorlib
UnmanagedMemoryStream_Dispose_m2681886347	System.Void System.IO.UnmanagedMemoryStream::Dispose(System.Boolean)	mscorlib
UnmanagedMemoryStream_Write_m930787521	System.Void System.IO.UnmanagedMemoryStream::Write(System.Byte[],System.Int32,System.Int32)	mscorlib
UnmanagedMemoryStream_WriteByte_m70460272	System.Void System.IO.UnmanagedMemoryStream::WriteByte(System.Byte)	mscorlib
LocalDataStoreSlot__ctor_m4104083971	System.Void System.LocalDataStoreSlot::.ctor(System.Boolean)	mscorlib
LocalDataStoreSlot__cctor_m644942532	System.Void System.LocalDataStoreSlot::.cctor()	mscorlib
LocalDataStoreSlot_Finalize_m2831598515	System.Void System.LocalDataStoreSlot::Finalize()	mscorlib
MarshalByRefObject__ctor_m3039543187	System.Void System.MarshalByRefObject::.ctor()	mscorlib
MarshalByRefObject_get_ObjectIdentity_m186877036	System.Runtime.Remoting.ServerIdentity System.MarshalByRefObject::get_ObjectIdentity()	mscorlib
Math_Abs_m3353607971	System.Single System.Math::Abs(System.Single)	mscorlib
Math_Abs_m1208936174	System.Int32 System.Math::Abs(System.Int32)	mscorlib
Math_Abs_m2270691510	System.Int64 System.Math::Abs(System.Int64)	mscorlib
Math_Ceiling_m625148210	System.Double System.Math::Ceiling(System.Double)	mscorlib
Math_Floor_m1840375750	System.Double System.Math::Floor(System.Double)	mscorlib
Math_Log_m734258591	System.Double System.Math::Log(System.Double,System.Double)	mscorlib
Math_Max_m482125436	System.Single System.Math::Max(System.Single,System.Single)	mscorlib
Math_Max_m1873195862	System.Int32 System.Math::Max(System.Int32,System.Int32)	mscorlib
Math_Min_m3253079129	System.Single System.Math::Min(System.Single,System.Single)	mscorlib
Math_Min_m3468062251	System.Int32 System.Math::Min(System.Int32,System.Int32)	mscorlib
Math_Round_m3018379666	System.Decimal System.Math::Round(System.Decimal)	mscorlib
Math_Round_m101670467	System.Double System.Math::Round(System.Double)	mscorlib
Math_Sin_m2190801110	System.Double System.Math::Sin(System.Double)	mscorlib
Math_Cos_m1874044299	System.Double System.Math::Cos(System.Double)	mscorlib
Math_Tan_m3300048643	System.Double System.Math::Tan(System.Double)	mscorlib
Math_Exp_m3615232009	System.Double System.Math::Exp(System.Double)	mscorlib
Math_Log_m2526073084	System.Double System.Math::Log(System.Double)	mscorlib
Math_Pow_m754227594	System.Double System.Math::Pow(System.Double,System.Double)	mscorlib
Math_Sqrt_m1297338011	System.Double System.Math::Sqrt(System.Double)	mscorlib
MemberAccessException__ctor_m2501221062	System.Void System.MemberAccessException::.ctor()	mscorlib
MemberAccessException__ctor_m3059744007	System.Void System.MemberAccessException::.ctor(System.String)	mscorlib
MemberAccessException__ctor_m3713703094	System.Void System.MemberAccessException::.ctor(System.Runtime.Serialization.SerializationInfo,System.Runtime.Serialization.StreamingContext)	mscorlib
MethodAccessException__ctor_m3542088436	System.Void System.MethodAccessException::.ctor()	mscorlib
MethodAccessException__ctor_m3411913042	System.Void System.MethodAccessException::.ctor(System.Runtime.Serialization.SerializationInfo,System.Runtime.Serialization.StreamingContext)	mscorlib
MissingFieldException__ctor_m3159172111	System.Void System.MissingFieldException::.ctor()	mscorlib
MissingFieldException__ctor_m4282575076	System.Void System.MissingFieldException::.ctor(System.String)	mscorlib
MissingFieldException__ctor_m3742452630	System.Void System.MissingFieldException::.ctor(System.Runtime.Serialization.SerializationInfo,System.Runtime.Serialization.StreamingContext)	mscorlib
MissingFieldException_get_Message_m2809639043	System.String System.MissingFieldException::get_Message()	mscorlib
MissingMemberException__ctor_m2683358432	System.Void System.MissingMemberException::.ctor()	mscorlib
MissingMemberException__ctor_m2571045846	System.Void System.MissingMemberException::.ctor(System.String)	mscorlib
MissingMemberException__ctor_m1220732369	System.Void System.MissingMemberException::.ctor(System.Runtime.Serialization.SerializationInfo,System.Runtime.Serialization.StreamingContext)	mscorlib
MissingMemberException__ctor_m2707802176	System.Void System.MissingMemberException::.ctor(System.String,System.String)	mscorlib
MissingMemberException_get_Message_m54658002	System.String System.MissingMemberException::get_Message()	mscorlib
MissingMethodException__ctor_m878219575	System.Void System.MissingMethodException::.ctor()	mscorlib
MissingMethodException__ctor_m3234469579	System.Void System.MissingMethodException::.ctor(System.String)	mscorlib
MissingMethodException__ctor_m1207628821	System.Void System.MissingMethodException::.ctor(System.Runtime.Serialization.SerializationInfo,System.Runtime.Serialization.StreamingContext)	mscorlib
MissingMethodException__ctor_m41689610	System.Void System.MissingMethodException::.ctor(System.String,System.String)	mscorlib
MissingMethodException_get_Message_m3161775487	System.String System.MissingMethodException::get_Message()	mscorlib
MonoAsyncCall__ctor_m714441825	System.Void System.MonoAsyncCall::.ctor()	mscorlib
MonoCustomAttrs__cctor_m4000462365	System.Void System.MonoCustomAttrs::.cctor()	mscorlib
MonoCustomAttrs_IsUserCattrProvider_m2878058089	System.Boolean System.MonoCustomAttrs::IsUserCattrProvider(System.Object)	mscorlib
MonoCustomAttrs_GetCustomAttributesInternal_m648304078	System.Object[] System.MonoCustomAttrs::GetCustomAttributesInternal(System.Reflection.ICustomAttributeProvider,System.Type,System.Boolean)	mscorlib
MonoCustomAttrs_GetPseudoCustomAttributes_m765345333	System.Object[] System.MonoCustomAttrs::GetPseudoCustomAttributes(System.Reflection.ICustomAttributeProvider,System.Type)	mscorlib
MonoCustomAttrs_GetCustomAttributesBase_m287804314	System.Object[] System.MonoCustomAttrs::GetCustomAttributesBase(System.Reflection.ICustomAttributeProvider,System.Type)	mscorlib
MonoCustomAttrs_GetCustomAttribute_m1568487577	System.Attribute System.MonoCustomAttrs::GetCustomAttribute(System.Reflection.ICustomAttributeProvider,System.Type,System.Boolean)	mscorlib
MonoCustomAttrs_GetCustomAttributes_m1347331976	System.Object[] System.MonoCustomAttrs::GetCustomAttributes(System.Reflection.ICustomAttributeProvider,System.Type,System.Boolean)	mscorlib
MonoCustomAttrs_GetCustomAttributes_m1775925192	System.Object[] System.MonoCustomAttrs::GetCustomAttributes(System.Reflection.ICustomAttributeProvider,System.Boolean)	mscorlib
MonoCustomAttrs_GetCustomAttributesDataInternal_m2195433393	System.Reflection.CustomAttributeData[] System.MonoCustomAttrs::GetCustomAttributesDataInternal(System.Reflection.ICustomAttributeProvider)	mscorlib
MonoCustomAttrs_GetCustomAttributesData_m3138951217	System.Collections.Generic.IList`1<System.Reflection.CustomAttributeData> System.MonoCustomAttrs::GetCustomAttributesData(System.Reflection.ICustomAttributeProvider)	mscorlib
MonoCustomAttrs_IsDefined_m2996012389	System.Boolean System.MonoCustomAttrs::IsDefined(System.Reflection.ICustomAttributeProvider,System.Type,System.Boolean)	mscorlib
MonoCustomAttrs_IsDefinedInternal_m2193933235	System.Boolean System.MonoCustomAttrs::IsDefinedInternal(System.Reflection.ICustomAttributeProvider,System.Type)	mscorlib
MonoCustomAttrs_GetBasePropertyDefinition_m1562543378	System.Reflection.PropertyInfo System.MonoCustomAttrs::GetBasePropertyDefinition(System.Reflection.PropertyInfo)	mscorlib
MonoCustomAttrs_GetBase_m624536374	System.Reflection.ICustomAttributeProvider System.MonoCustomAttrs::GetBase(System.Reflection.ICustomAttributeProvider)	mscorlib
MonoCustomAttrs_RetrieveAttributeUsage_m2717094301	System.AttributeUsageAttribute System.MonoCustomAttrs::RetrieveAttributeUsage(System.Type)	mscorlib
AttributeInfo__ctor_m140304083	System.Void System.MonoCustomAttrs/AttributeInfo::.ctor(System.AttributeUsageAttribute,System.Int32)	mscorlib
AttributeInfo_get_Usage_m3705131115	System.AttributeUsageAttribute System.MonoCustomAttrs/AttributeInfo::get_Usage()	mscorlib
AttributeInfo_get_InheritanceLevel_m1477952822	System.Int32 System.MonoCustomAttrs/AttributeInfo::get_InheritanceLevel()	mscorlib
MonoDocumentationNoteAttribute__ctor_m2247826418	System.Void System.MonoDocumentationNoteAttribute::.ctor(System.String)	mscorlib
MonoEnumInfo__ctor_m3350651181_AdjustorThunk	System.Void System.MonoEnumInfo::.ctor(System.MonoEnumInfo)	mscorlib
MonoEnumInfo__cctor_m2240570096	System.Void System.MonoEnumInfo::.cctor()	mscorlib
MonoEnumInfo_get_enum_info_m1661176095	System.Void System.MonoEnumInfo::get_enum_info(System.Type,System.MonoEnumInfo&)	mscorlib
MonoEnumInfo_get_Cache_m752167006	System.Collections.Hashtable System.MonoEnumInfo::get_Cache()	mscorlib
MonoEnumInfo_GetInfo_m1670492558	System.Void System.MonoEnumInfo::GetInfo(System.Type,System.MonoEnumInfo&)	mscorlib
IntComparer__ctor_m2901422390	System.Void System.MonoEnumInfo/IntComparer::.ctor()	mscorlib
IntComparer_Compare_m1224674392	System.Int32 System.MonoEnumInfo/IntComparer::Compare(System.Object,System.Object)	mscorlib
IntComparer_Compare_m3469594474	System.Int32 System.MonoEnumInfo/IntComparer::Compare(System.Int32,System.Int32)	mscorlib
LongComparer__ctor_m1468371684	System.Void System.MonoEnumInfo/LongComparer::.ctor()	mscorlib
LongComparer_Compare_m3267206388	System.Int32 System.MonoEnumInfo/LongComparer::Compare(System.Object,System.Object)	mscorlib
LongComparer_Compare_m1396422012	System.Int32 System.MonoEnumInfo/LongComparer::Compare(System.Int64,System.Int64)	mscorlib
SByteComparer__ctor_m3477407026	System.Void System.MonoEnumInfo/SByteComparer::.ctor()	mscorlib
SByteComparer_Compare_m3045065039	System.Int32 System.MonoEnumInfo/SByteComparer::Compare(System.Object,System.Object)	mscorlib
SByteComparer_Compare_m533535269	System.Int32 System.MonoEnumInfo/SByteComparer::Compare(System.SByte,System.SByte)	mscorlib
ShortComparer__ctor_m1243157417	System.Void System.MonoEnumInfo/ShortComparer::.ctor()	mscorlib
ShortComparer_Compare_m1360829877	System.Int32 System.MonoEnumInfo/ShortComparer::Compare(System.Object,System.Object)	mscorlib
ShortComparer_Compare_m1881262465	System.Int32 System.MonoEnumInfo/ShortComparer::Compare(System.Int16,System.Int16)	mscorlib
MonoTODOAttribute__ctor_m1351510135	System.Void System.MonoTODOAttribute::.ctor()	mscorlib
MonoTODOAttribute__ctor_m3050775643	System.Void System.MonoTODOAttribute::.ctor(System.String)	mscorlib
MonoTouchAOTHelper__cctor_m3508633665	System.Void System.MonoTouchAOTHelper::.cctor()	mscorlib
MonoType_get_attributes_m1332507727	System.Reflection.TypeAttributes System.MonoType::get_attributes(System.Type)	mscorlib
MonoType_GetDefaultConstructor_m1616852582	System.Reflection.ConstructorInfo System.MonoType::GetDefaultConstructor()	mscorlib
MonoType_GetAttributeFlagsImpl_m167182975	System.Reflection.TypeAttributes System.MonoType::GetAttributeFlagsImpl()	mscorlib
MonoType_GetConstructorImpl_m441167626	System.Reflection.ConstructorInfo System.MonoType::GetConstructorImpl(System.Reflection.BindingFlags,System.Reflection.Binder,System.Reflection.CallingConventions,System.Type[],System.Reflection.ParameterModifier[])	mscorlib
MonoType_GetConstructors_internal_m2316633399	System.Reflection.ConstructorInfo[] System.MonoType::GetConstructors_internal(System.Reflection.BindingFlags,System.Type)	mscorlib
MonoType_GetConstructors_m2574682189	System.Reflection.ConstructorInfo[] System.MonoType::GetConstructors(System.Reflection.BindingFlags)	mscorlib
MonoType_InternalGetEvent_m1130657893	System.Reflection.EventInfo System.MonoType::InternalGetEvent(System.String,System.Reflection.BindingFlags)	mscorlib
MonoType_GetEvent_m28975240	System.Reflection.EventInfo System.MonoType::GetEvent(System.String,System.Reflection.BindingFlags)	mscorlib
MonoType_GetField_m1337309786	System.Reflection.FieldInfo System.MonoType::GetField(System.String,System.Reflection.BindingFlags)	mscorlib
MonoType_GetFields_internal_m776921855	System.Reflection.FieldInfo[] System.MonoType::GetFields_internal(System.Reflection.BindingFlags,System.Type)	mscorlib
MonoType_GetFields_m4176012508	System.Reflection.FieldInfo[] System.MonoType::GetFields(System.Reflection.BindingFlags)	mscorlib
MonoType_GetInterfaces_m878428211	System.Type[] System.MonoType::GetInterfaces()	mscorlib
MonoType_GetMethodsByName_m2005909471	System.Reflection.MethodInfo[] System.MonoType::GetMethodsByName(System.String,System.Reflection.BindingFlags,System.Boolean,System.Type)	mscorlib
MonoType_GetMethods_m3840584467	System.Reflection.MethodInfo[] System.MonoType::GetMethods(System.Reflection.BindingFlags)	mscorlib
MonoType_GetMethodImpl_m3558076162	System.Reflection.MethodInfo System.MonoType::GetMethodImpl(System.String,System.Reflection.BindingFlags,System.Reflection.Binder,System.Reflection.CallingConventions,System.Type[],System.Reflection.ParameterModifier[])	mscorlib
MonoType_GetPropertiesByName_m2491778142	System.Reflection.PropertyInfo[] System.MonoType::GetPropertiesByName(System.String,System.Reflection.BindingFlags,System.Boolean,System.Type)	mscorlib
MonoType_GetPropertyImpl_m1327032087	System.Reflection.PropertyInfo System.MonoType::GetPropertyImpl(System.String,System.Reflection.BindingFlags,System.Reflection.Binder,System.Type,System.Type[],System.Reflection.ParameterModifier[])	mscorlib
MonoType_HasElementTypeImpl_m2861175951	System.Boolean System.MonoType::HasElementTypeImpl()	mscorlib
MonoType_IsArrayImpl_m3283552941	System.Boolean System.MonoType::IsArrayImpl()	mscorlib
MonoType_IsByRefImpl_m2022486753	System.Boolean System.MonoType::IsByRefImpl()	mscorlib
MonoType_IsPointerImpl_m3340652279	System.Boolean System.MonoType::IsPointerImpl()	mscorlib
MonoType_IsPrimitiveImpl_m2401722705	System.Boolean System.MonoType::IsPrimitiveImpl()	mscorlib
MonoType_IsSubclassOf_m1667794028	System.Boolean System.MonoType::IsSubclassOf(System.Type)	mscorlib
MonoType_InvokeMember_m2156385067	System.Object System.MonoType::InvokeMember(System.String,System.Reflection.BindingFlags,System.Reflection.Binder,System.Object,System.Object[],System.Reflection.ParameterModifier[],System.Globalization.CultureInfo,System.String[])	mscorlib
MonoType_GetElementType_m170734600	System.Type System.MonoType::GetElementType()	mscorlib
MonoType_get_UnderlyingSystemType_m2447717099	System.Type System.MonoType::get_UnderlyingSystemType()	mscorlib
MonoType_get_Assembly_m4290914179	System.Reflection.Assembly System.MonoType::get_Assembly()	mscorlib
MonoType_get_AssemblyQualifiedName_m2662925380	System.String System.MonoType::get_AssemblyQualifiedName()	mscorlib
MonoType_getFullName_m837685882	System.String System.MonoType::getFullName(System.Boolean,System.Boolean)	mscorlib
MonoType_get_BaseType_m1098640416	System.Type System.MonoType::get_BaseType()	mscorlib
MonoType_get_FullName_m3242181132	System.String System.MonoType::get_FullName()	mscorlib
MonoType_IsDefined_m838143016	System.Boolean System.MonoType::IsDefined(System.Type,System.Boolean)	mscorlib
MonoType_GetCustomAttributes_m164523340	System.Object[] System.MonoType::GetCustomAttributes(System.Boolean)	mscorlib
MonoType_GetCustomAttributes_m26060774	System.Object[] System.MonoType::GetCustomAttributes(System.Type,System.Boolean)	mscorlib
MonoType_get_MemberType_m4261270584	System.Reflection.MemberTypes System.MonoType::get_MemberType()	mscorlib
MonoType_get_Name_m1751720248	System.String System.MonoType::get_Name()	mscorlib
MonoType_get_Namespace_m2015358851	System.String System.MonoType::get_Namespace()	mscorlib
MonoType_get_Module_m2397868165	System.Reflection.Module System.MonoType::get_Module()	mscorlib
MonoType_get_DeclaringType_m90362326	System.Type System.MonoType::get_DeclaringType()	mscorlib
MonoType_get_ReflectedType_m3364880648	System.Type System.MonoType::get_ReflectedType()	mscorlib
MonoType_get_TypeHandle_m1012024438	System.RuntimeTypeHandle System.MonoType::get_TypeHandle()	mscorlib
MonoType_ToString_m2539641183	System.String System.MonoType::ToString()	mscorlib
MonoType_GetGenericArguments_m485413379	System.Type[] System.MonoType::GetGenericArguments()	mscorlib
MonoType_get_ContainsGenericParameters_m1687910863	System.Boolean System.MonoType::get_ContainsGenericParameters()	mscorlib
MonoType_get_IsGenericParameter_m2855599887	System.Boolean System.MonoType::get_IsGenericParameter()	mscorlib
MonoType_GetGenericTypeDefinition_m3201894896	System.Type System.MonoType::GetGenericTypeDefinition()	mscorlib
MonoType_CheckMethodSecurity_m576144504	System.Reflection.MethodBase System.MonoType::CheckMethodSecurity(System.Reflection.MethodBase)	mscorlib
MonoType_ReorderParamArrayArguments_m2458683451	System.Void System.MonoType::ReorderParamArrayArguments(System.Object[]&,System.Reflection.MethodBase)	mscorlib
MonoTypeInfo__ctor_m3401216922	System.Void System.MonoTypeInfo::.ctor()	mscorlib
MulticastDelegate_Equals_m2502840627	System.Boolean System.MulticastDelegate::Equals(System.Object)	mscorlib
MulticastDelegate_GetHashCode_m3864330728	System.Int32 System.MulticastDelegate::GetHashCode()	mscorlib
MulticastDelegate_GetInvocationList_m4256593605	System.Delegate[] System.MulticastDelegate::GetInvocationList()	mscorlib
MulticastDelegate_CombineImpl_m2857239134	System.Delegate System.MulticastDelegate::CombineImpl(System.Delegate)	mscorlib
MulticastDelegate_BaseEquals_m335858574	System.Boolean System.MulticastDelegate::BaseEquals(System.MulticastDelegate)	mscorlib
MulticastDelegate_KPM_m22863605	System.MulticastDelegate System.MulticastDelegate::KPM(System.MulticastDelegate,System.MulticastDelegate,System.MulticastDelegate&)	mscorlib
MulticastDelegate_RemoveImpl_m615507760	System.Delegate System.MulticastDelegate::RemoveImpl(System.Delegate)	mscorlib
MulticastNotSupportedException__ctor_m2750561050	System.Void System.MulticastNotSupportedException::.ctor()	mscorlib
MulticastNotSupportedException__ctor_m663960493	System.Void System.MulticastNotSupportedException::.ctor(System.String)	mscorlib
MulticastNotSupportedException__ctor_m521229206	System.Void System.MulticastNotSupportedException::.ctor(System.Runtime.Serialization.SerializationInfo,System.Runtime.Serialization.StreamingContext)	mscorlib
NonSerializedAttribute__ctor_m3763812670	System.Void System.NonSerializedAttribute::.ctor()	mscorlib
NotImplementedException__ctor_m3058704252	System.Void System.NotImplementedException::.ctor()	mscorlib
NotImplementedException__ctor_m3095902440	System.Void System.NotImplementedException::.ctor(System.String)	mscorlib
NotImplementedException__ctor_m2408412972	System.Void System.NotImplementedException::.ctor(System.Runtime.Serialization.SerializationInfo,System.Runtime.Serialization.StreamingContext)	mscorlib
NotSupportedException__ctor_m2730133172	System.Void System.NotSupportedException::.ctor()	mscorlib
NotSupportedException__ctor_m2494070935	System.Void System.NotSupportedException::.ctor(System.String)	mscorlib
NotSupportedException__ctor_m922781896	System.Void System.NotSupportedException::.ctor(System.Runtime.Serialization.SerializationInfo,System.Runtime.Serialization.StreamingContext)	mscorlib
NullReferenceException__ctor_m744513393	System.Void System.NullReferenceException::.ctor()	mscorlib
NullReferenceException__ctor_m3076065613	System.Void System.NullReferenceException::.ctor(System.String)	mscorlib
NullReferenceException__ctor_m652863956	System.Void System.NullReferenceException::.ctor(System.Runtime.Serialization.SerializationInfo,System.Runtime.Serialization.StreamingContext)	mscorlib
NumberFormatter__ctor_m2275142545	System.Void System.NumberFormatter::.ctor(System.Threading.Thread)	mscorlib
NumberFormatter__cctor_m2992857932	System.Void System.NumberFormatter::.cctor()	mscorlib
NumberFormatter_GetFormatterTables_m910057425	System.Void System.NumberFormatter::GetFormatterTables(System.UInt64*&,System.Int32*&,System.Char*&,System.Char*&,System.Int64*&,System.Int32*&)	mscorlib
NumberFormatter_GetTenPowerOf_m3725144548	System.Int64 System.NumberFormatter::GetTenPowerOf(System.Int32)	mscorlib
NumberFormatter_InitDecHexDigits_m829694854	System.Void System.NumberFormatter::InitDecHexDigits(System.UInt32)	mscorlib
NumberFormatter_InitDecHexDigits_m1992166588	System.Void System.NumberFormatter::InitDecHexDigits(System.UInt64)	mscorlib
NumberFormatter_InitDecHexDigits_m2266082744	System.Void System.NumberFormatter::InitDecHexDigits(System.UInt32,System.UInt64)	mscorlib
NumberFormatter_FastToDecHex_m699829267	System.UInt32 System.NumberFormatter::FastToDecHex(System.Int32)	mscorlib
NumberFormatter_ToDecHex_m1238855594	System.UInt32 System.NumberFormatter::ToDecHex(System.Int32)	mscorlib
NumberFormatter_FastDecHexLen_m224865815	System.Int32 System.NumberFormatter::FastDecHexLen(System.Int32)	mscorlib
NumberFormatter_DecHexLen_m3886828604	System.Int32 System.NumberFormatter::DecHexLen(System.UInt32)	mscorlib
NumberFormatter_DecHexLen_m510984344	System.Int32 System.NumberFormatter::DecHexLen()	mscorlib
NumberFormatter_ScaleOrder_m3813786990	System.Int32 System.NumberFormatter::ScaleOrder(System.Int64)	mscorlib
NumberFormatter_InitialFloatingPrecision_m2468520485	System.Int32 System.NumberFormatter::InitialFloatingPrecision()	mscorlib
NumberFormatter_ParsePrecision_m2004010615	System.Int32 System.NumberFormatter::ParsePrecision(System.String)	mscorlib
NumberFormatter_Init_m3326584660	System.Void System.NumberFormatter::Init(System.String)	mscorlib
NumberFormatter_InitHex_m3573185377	System.Void System.NumberFormatter::InitHex(System.UInt64)	mscorlib
NumberFormatter_Init_m1788236100	System.Void System.NumberFormatter::Init(System.String,System.Int32,System.Int32)	mscorlib
NumberFormatter_Init_m190003953	System.Void System.NumberFormatter::Init(System.String,System.UInt32,System.Int32)	mscorlib
NumberFormatter_Init_m2506227005	System.Void System.NumberFormatter::Init(System.String,System.Int64)	mscorlib
NumberFormatter_Init_m2982613221	System.Void System.NumberFormatter::Init(System.String,System.UInt64)	mscorlib
NumberFormatter_Init_m3576155222	System.Void System.NumberFormatter::Init(System.String,System.Double,System.Int32)	mscorlib
NumberFormatter_Init_m1925374739	System.Void System.NumberFormatter::Init(System.String,System.Decimal)	mscorlib
NumberFormatter_ResetCharBuf_m1098525658	System.Void System.NumberFormatter::ResetCharBuf(System.Int32)	mscorlib
NumberFormatter_Resize_m3876336103	System.Void System.NumberFormatter::Resize(System.Int32)	mscorlib
NumberFormatter_Append_m950227932	System.Void System.NumberFormatter::Append(System.Char)	mscorlib
NumberFormatter_Append_m1427178134	System.Void System.NumberFormatter::Append(System.Char,System.Int32)	mscorlib
NumberFormatter_Append_m269678094	System.Void System.NumberFormatter::Append(System.String)	mscorlib
NumberFormatter_GetNumberFormatInstance_m4015471089	System.Globalization.NumberFormatInfo System.NumberFormatter::GetNumberFormatInstance(System.IFormatProvider)	mscorlib
NumberFormatter_set_CurrentCulture_m1358228087	System.Void System.NumberFormatter::set_CurrentCulture(System.Globalization.CultureInfo)	mscorlib
NumberFormatter_get_IntegerDigits_m1758408763	System.Int32 System.NumberFormatter::get_IntegerDigits()	mscorlib
NumberFormatter_get_DecimalDigits_m1471374423	System.Int32 System.NumberFormatter::get_DecimalDigits()	mscorlib
NumberFormatter_get_IsFloatingSource_m3714711779	System.Boolean System.NumberFormatter::get_IsFloatingSource()	mscorlib
NumberFormatter_get_IsZero_m3770699077	System.Boolean System.NumberFormatter::get_IsZero()	mscorlib
NumberFormatter_get_IsZeroInteger_m2263284741	System.Boolean System.NumberFormatter::get_IsZeroInteger()	mscorlib
NumberFormatter_RoundPos_m545168719	System.Void System.NumberFormatter::RoundPos(System.Int32)	mscorlib
NumberFormatter_RoundDecimal_m2957290908	System.Boolean System.NumberFormatter::RoundDecimal(System.Int32)	mscorlib
NumberFormatter_RoundBits_m2305061002	System.Boolean System.NumberFormatter::RoundBits(System.Int32)	mscorlib
NumberFormatter_RemoveTrailingZeros_m1055756375	System.Void System.NumberFormatter::RemoveTrailingZeros()	mscorlib
NumberFormatter_AddOneToDecHex_m1501523650	System.Void System.NumberFormatter::AddOneToDecHex()	mscorlib
NumberFormatter_AddOneToDecHex_m1662045257	System.UInt32 System.NumberFormatter::AddOneToDecHex(System.UInt32)	mscorlib
NumberFormatter_CountTrailingZeros_m1178387884	System.Int32 System.NumberFormatter::CountTrailingZeros()	mscorlib
NumberFormatter_CountTrailingZeros_m1036924976	System.Int32 System.NumberFormatter::CountTrailingZeros(System.UInt32)	mscorlib
NumberFormatter_GetInstance_m971769829	System.NumberFormatter System.NumberFormatter::GetInstance()	mscorlib
NumberFormatter_Release_m1879004257	System.Void System.NumberFormatter::Release()	mscorlib
NumberFormatter_SetThreadCurrentCulture_m910458896	System.Void System.NumberFormatter::SetThreadCurrentCulture(System.Globalization.CultureInfo)	mscorlib
NumberFormatter_NumberToString_m2481532188	System.String System.NumberFormatter::NumberToString(System.String,System.SByte,System.IFormatProvider)	mscorlib
NumberFormatter_NumberToString_m3726402804	System.String System.NumberFormatter::NumberToString(System.String,System.Byte,System.IFormatProvider)	mscorlib
NumberFormatter_NumberToString_m2529982306	System.String System.NumberFormatter::NumberToString(System.String,System.UInt16,System.IFormatProvider)	mscorlib
NumberFormatter_NumberToString_m4048866862	System.String System.NumberFormatter::NumberToString(System.String,System.Int16,System.IFormatProvider)	mscorlib
NumberFormatter_NumberToString_m264078176	System.String System.NumberFormatter::NumberToString(System.String,System.UInt32,System.IFormatProvider)	mscorlib
NumberFormatter_NumberToString_m803024566	System.String System.NumberFormatter::NumberToString(System.String,System.Int32,System.IFormatProvider)	mscorlib
NumberFormatter_NumberToString_m1906030517	System.String System.NumberFormatter::NumberToString(System.String,System.UInt64,System.IFormatProvider)	mscorlib
NumberFormatter_NumberToString_m406010816	System.String System.NumberFormatter::NumberToString(System.String,System.Int64,System.IFormatProvider)	mscorlib
NumberFormatter_NumberToString_m2583974918	System.String System.NumberFormatter::NumberToString(System.String,System.Single,System.IFormatProvider)	mscorlib
NumberFormatter_NumberToString_m1373805200	System.String System.NumberFormatter::NumberToString(System.String,System.Double,System.IFormatProvider)	mscorlib
NumberFormatter_NumberToString_m655666043	System.String System.NumberFormatter::NumberToString(System.String,System.Decimal,System.IFormatProvider)	mscorlib
NumberFormatter_NumberToString_m400339820	System.String System.NumberFormatter::NumberToString(System.UInt32,System.IFormatProvider)	mscorlib
NumberFormatter_NumberToString_m1790947760	System.String System.NumberFormatter::NumberToString(System.Int32,System.IFormatProvider)	mscorlib
NumberFormatter_NumberToString_m3906556024	System.String System.NumberFormatter::NumberToString(System.UInt64,System.IFormatProvider)	mscorlib
NumberFormatter_NumberToString_m2562899600	System.String System.NumberFormatter::NumberToString(System.Int64,System.IFormatProvider)	mscorlib
NumberFormatter_NumberToString_m567544656	System.String System.NumberFormatter::NumberToString(System.Single,System.IFormatProvider)	mscorlib
NumberFormatter_NumberToString_m2966570377	System.String System.NumberFormatter::NumberToString(System.Double,System.IFormatProvider)	mscorlib
NumberFormatter_FastIntegerToString_m390846811	System.String System.NumberFormatter::FastIntegerToString(System.Int32,System.IFormatProvider)	mscorlib
NumberFormatter_IntegerToString_m1679294587	System.String System.NumberFormatter::IntegerToString(System.String,System.IFormatProvider)	mscorlib
NumberFormatter_NumberToString_m827252518	System.String System.NumberFormatter::NumberToString(System.String,System.Globalization.NumberFormatInfo)	mscorlib
NumberFormatter_FormatCurrency_m2103540116	System.String System.NumberFormatter::FormatCurrency(System.Int32,System.Globalization.NumberFormatInfo)	mscorlib
NumberFormatter_FormatDecimal_m1921932981	System.String System.NumberFormatter::FormatDecimal(System.Int32,System.Globalization.NumberFormatInfo)	mscorlib
NumberFormatter_FormatHexadecimal_m2994610679	System.String System.NumberFormatter::FormatHexadecimal(System.Int32)	mscorlib
NumberFormatter_FormatFixedPoint_m2462948217	System.String System.NumberFormatter::FormatFixedPoint(System.Int32,System.Globalization.NumberFormatInfo)	mscorlib
NumberFormatter_FormatRoundtrip_m1288785273	System.String System.NumberFormatter::FormatRoundtrip(System.Double,System.Globalization.NumberFormatInfo)	mscorlib
NumberFormatter_FormatRoundtrip_m19342689	System.String System.NumberFormatter::FormatRoundtrip(System.Single,System.Globalization.NumberFormatInfo)	mscorlib
NumberFormatter_FormatGeneral_m1667527152	System.String System.NumberFormatter::FormatGeneral(System.Int32,System.Globalization.NumberFormatInfo)	mscorlib
NumberFormatter_FormatNumber_m1763569482	System.String System.NumberFormatter::FormatNumber(System.Int32,System.Globalization.NumberFormatInfo)	mscorlib
NumberFormatter_FormatPercent_m270780421	System.String System.NumberFormatter::FormatPercent(System.Int32,System.Globalization.NumberFormatInfo)	mscorlib
NumberFormatter_FormatExponential_m1436810062	System.String System.NumberFormatter::FormatExponential(System.Int32,System.Globalization.NumberFormatInfo)	mscorlib
NumberFormatter_FormatExponential_m2139559983	System.String System.NumberFormatter::FormatExponential(System.Int32,System.Globalization.NumberFormatInfo,System.Int32)	mscorlib
NumberFormatter_FormatCustom_m1169507039	System.String System.NumberFormatter::FormatCustom(System.String,System.Globalization.NumberFormatInfo)	mscorlib
NumberFormatter_ZeroTrimEnd_m3065471008	System.Void System.NumberFormatter::ZeroTrimEnd(System.Text.StringBuilder,System.Boolean)	mscorlib
NumberFormatter_IsZeroOnly_m46572730	System.Boolean System.NumberFormatter::IsZeroOnly(System.Text.StringBuilder)	mscorlib
NumberFormatter_AppendNonNegativeNumber_m2729989692	System.Void System.NumberFormatter::AppendNonNegativeNumber(System.Text.StringBuilder,System.Int32)	mscorlib
NumberFormatter_AppendIntegerString_m2788337398	System.Void System.NumberFormatter::AppendIntegerString(System.Int32,System.Text.StringBuilder)	mscorlib
NumberFormatter_AppendIntegerString_m2257376141	System.Void System.NumberFormatter::AppendIntegerString(System.Int32)	mscorlib
NumberFormatter_AppendDecimalString_m10636623	System.Void System.NumberFormatter::AppendDecimalString(System.Int32,System.Text.StringBuilder)	mscorlib
NumberFormatter_AppendDecimalString_m3239747480	System.Void System.NumberFormatter::AppendDecimalString(System.Int32)	mscorlib
NumberFormatter_AppendIntegerStringWithGroupSeparator_m86637181	System.Void System.NumberFormatter::AppendIntegerStringWithGroupSeparator(System.Int32[],System.String)	mscorlib
NumberFormatter_AppendExponent_m1258666517	System.Void System.NumberFormatter::AppendExponent(System.Globalization.NumberFormatInfo,System.Int32,System.Int32)	mscorlib
NumberFormatter_AppendOneDigit_m313720813	System.Void System.NumberFormatter::AppendOneDigit(System.Int32)	mscorlib
NumberFormatter_FastAppendDigits_m3294622153	System.Void System.NumberFormatter::FastAppendDigits(System.Int32,System.Boolean)	mscorlib
NumberFormatter_AppendDigits_m3057727895	System.Void System.NumberFormatter::AppendDigits(System.Int32,System.Int32)	mscorlib
NumberFormatter_AppendDigits_m4260798464	System.Void System.NumberFormatter::AppendDigits(System.Int32,System.Int32,System.Text.StringBuilder)	mscorlib
NumberFormatter_Multiply10_m1733956269	System.Void System.NumberFormatter::Multiply10(System.Int32)	mscorlib
NumberFormatter_Divide10_m114817904	System.Void System.NumberFormatter::Divide10(System.Int32)	mscorlib
NumberFormatter_GetClone_m4126883757	System.NumberFormatter System.NumberFormatter::GetClone()	mscorlib
CustomInfo__ctor_m426096741	System.Void System.NumberFormatter/CustomInfo::.ctor()	mscorlib
CustomInfo_GetActiveSection_m2184507081	System.Void System.NumberFormatter/CustomInfo::GetActiveSection(System.String,System.Boolean&,System.Boolean,System.Int32&,System.Int32&)	mscorlib
CustomInfo_Parse_m4163382069	System.NumberFormatter/CustomInfo System.NumberFormatter/CustomInfo::Parse(System.String,System.Int32,System.Int32,System.Globalization.NumberFormatInfo)	mscorlib
CustomInfo_Format_m1134896917	System.String System.NumberFormatter/CustomInfo::Format(System.String,System.Int32,System.Int32,System.Globalization.NumberFormatInfo,System.Boolean,System.Text.StringBuilder,System.Text.StringBuilder,System.Text.StringBuilder)	mscorlib
Object__ctor_m297566312	System.Void System.Object::.ctor()	mscorlib
Object_Equals_m2439880830	System.Boolean System.Object::Equals(System.Object)	mscorlib
Object_Equals_m1397037629	System.Boolean System.Object::Equals(System.Object,System.Object)	mscorlib
Object_Finalize_m3076187857	System.Void System.Object::Finalize()	mscorlib
Object_GetHashCode_m2705121830	System.Int32 System.Object::GetHashCode()	mscorlib
Object_GetType_m88164663	System.Type System.Object::GetType()	mscorlib
Object_MemberwiseClone_m1474068832	System.Object System.Object::MemberwiseClone()	mscorlib
Object_ToString_m1740002499	System.String System.Object::ToString()	mscorlib
Object_ReferenceEquals_m610702577	System.Boolean System.Object::ReferenceEquals(System.Object,System.Object)	mscorlib
Object_InternalGetHashCode_m4213713973	System.Int32 System.Object::InternalGetHashCode(System.Object)	mscorlib
ObjectDisposedException__ctor_m3603759869	System.Void System.ObjectDisposedException::.ctor(System.String)	mscorlib
ObjectDisposedException__ctor_m1034312941	System.Void System.ObjectDisposedException::.ctor(System.String,System.String)	mscorlib
ObjectDisposedException__ctor_m1894780688	System.Void System.ObjectDisposedException::.ctor(System.Runtime.Serialization.SerializationInfo,System.Runtime.Serialization.StreamingContext)	mscorlib
ObjectDisposedException_get_Message_m1666887471	System.String System.ObjectDisposedException::get_Message()	mscorlib
ObsoleteAttribute__ctor_m3594271519	System.Void System.ObsoleteAttribute::.ctor()	mscorlib
ObsoleteAttribute__ctor_m3834641885	System.Void System.ObsoleteAttribute::.ctor(System.String)	mscorlib
ObsoleteAttribute__ctor_m2274138402	System.Void System.ObsoleteAttribute::.ctor(System.String,System.Boolean)	mscorlib
OperatingSystem__ctor_m1545635730	System.Void System.OperatingSystem::.ctor(System.PlatformID,System.Version)	mscorlib
OperatingSystem_get_Platform_m2793423729	System.PlatformID System.OperatingSystem::get_Platform()	mscorlib
OperatingSystem_Clone_m1122165140	System.Object System.OperatingSystem::Clone()	mscorlib
OperatingSystem_ToString_m3445473725	System.String System.OperatingSystem::ToString()	mscorlib
OrdinalComparer__ctor_m1028789954	System.Void System.OrdinalComparer::.ctor(System.Boolean)	mscorlib
OrdinalComparer_Compare_m2819174916	System.Int32 System.OrdinalComparer::Compare(System.String,System.String)	mscorlib
OrdinalComparer_Equals_m1106612171	System.Boolean System.OrdinalComparer::Equals(System.String,System.String)	mscorlib
OrdinalComparer_GetHashCode_m3219897106	System.Int32 System.OrdinalComparer::GetHashCode(System.String)	mscorlib
OutOfMemoryException__ctor_m3893515912	System.Void System.OutOfMemoryException::.ctor()	mscorlib
OutOfMemoryException__ctor_m1518469064	System.Void System.OutOfMemoryException::.ctor(System.String)	mscorlib
OutOfMemoryException__ctor_m584364909	System.Void System.OutOfMemoryException::.ctor(System.Runtime.Serialization.SerializationInfo,System.Runtime.Serialization.StreamingContext)	mscorlib
OverflowException__ctor_m4029085969	System.Void System.OverflowException::.ctor()	mscorlib
OverflowException__ctor_m694321376	System.Void System.OverflowException::.ctor(System.String)	mscorlib
OverflowException__ctor_m2491207501	System.Void System.OverflowException::.ctor(System.Runtime.Serialization.SerializationInfo,System.Runtime.Serialization.StreamingContext)	mscorlib
ParamArrayAttribute__ctor_m2680615839	System.Void System.ParamArrayAttribute::.ctor()	mscorlib
PlatformNotSupportedException__ctor_m1787918017	System.Void System.PlatformNotSupportedException::.ctor()	mscorlib
PlatformNotSupportedException__ctor_m1693043795	System.Void System.PlatformNotSupportedException::.ctor(System.Runtime.Serialization.SerializationInfo,System.Runtime.Serialization.StreamingContext)	mscorlib
RankException__ctor_m4082747811	System.Void System.RankException::.ctor()	mscorlib
RankException__ctor_m2226473861	System.Void System.RankException::.ctor(System.String)	mscorlib
RankException__ctor_m3453633632	System.Void System.RankException::.ctor(System.Runtime.Serialization.SerializationInfo,System.Runtime.Serialization.StreamingContext)	mscorlib
AmbiguousMatchException__ctor_m15419215	System.Void System.Reflection.AmbiguousMatchException::.ctor()	mscorlib
AmbiguousMatchException__ctor_m2012725345	System.Void System.Reflection.AmbiguousMatchException::.ctor(System.String)	mscorlib
AmbiguousMatchException__ctor_m3222545265	System.Void System.Reflection.AmbiguousMatchException::.ctor(System.Runtime.Serialization.SerializationInfo,System.Runtime.Serialization.StreamingContext)	mscorlib
Assembly__ctor_m823291553	System.Void System.Reflection.Assembly::.ctor()	mscorlib
Assembly_get_code_base_m282368939	System.String System.Reflection.Assembly::get_code_base(System.Boolean)	mscorlib
Assembly_get_fullname_m3421330653	System.String System.Reflection.Assembly::get_fullname()	mscorlib
Assembly_get_location_m3128831763	System.String System.Reflection.Assembly::get_location()	mscorlib
Assembly_GetCodeBase_m2422053712	System.String System.Reflection.Assembly::GetCodeBase(System.Boolean)	mscorlib
Assembly_get_FullName_m293988418	System.String System.Reflection.Assembly::get_FullName()	mscorlib
Assembly_get_Location_m3857174850	System.String System.Reflection.Assembly::get_Location()	mscorlib
Assembly_IsDefined_m1652198537	System.Boolean System.Reflection.Assembly::IsDefined(System.Type,System.Boolean)	mscorlib
Assembly_GetCustomAttributes_m1347362332	System.Object[] System.Reflection.Assembly::GetCustomAttributes(System.Type,System.Boolean)	mscorlib
Assembly_GetManifestResourceInternal_m1224391897	System.IntPtr System.Reflection.Assembly::GetManifestResourceInternal(System.String,System.Int32&,System.Reflection.Module&)	mscorlib
Assembly_GetTypes_m1724781913	System.Type[] System.Reflection.Assembly::GetTypes(System.Boolean)	mscorlib
Assembly_GetTypes_m1237242249	System.Type[] System.Reflection.Assembly::GetTypes()	mscorlib
Assembly_GetType_m1855422232	System.Type System.Reflection.Assembly::GetType(System.String,System.Boolean)	mscorlib
Assembly_GetType_m2647029381	System.Type System.Reflection.Assembly::GetType(System.String)	mscorlib
Assembly_InternalGetType_m3065345470	System.Type System.Reflection.Assembly::InternalGetType(System.Reflection.Module,System.String,System.Boolean,System.Boolean)	mscorlib
Assembly_GetType_m3468564723	System.Type System.Reflection.Assembly::GetType(System.String,System.Boolean,System.Boolean)	mscorlib
Assembly_FillName_m1660001542	System.Void System.Reflection.Assembly::FillName(System.Reflection.Assembly,System.Reflection.AssemblyName)	mscorlib
Assembly_GetName_m981771927	System.Reflection.AssemblyName System.Reflection.Assembly::GetName(System.Boolean)	mscorlib
Assembly_GetName_m2439919985	System.Reflection.AssemblyName System.Reflection.Assembly::GetName()	mscorlib
Assembly_UnprotectedGetName_m600830855	System.Reflection.AssemblyName System.Reflection.Assembly::UnprotectedGetName()	mscorlib
Assembly_ToString_m2053237013	System.String System.Reflection.Assembly::ToString()	mscorlib
Assembly_Load_m3487507613	System.Reflection.Assembly System.Reflection.Assembly::Load(System.String)	mscorlib
Assembly_GetExecutingAssembly_m4021024968	System.Reflection.Assembly System.Reflection.Assembly::GetExecutingAssembly()	mscorlib
ResolveEventHolder__ctor_m1522332934	System.Void System.Reflection.Assembly/ResolveEventHolder::.ctor()	mscorlib
AssemblyCompanyAttribute__ctor_m1270469981	System.Void System.Reflection.AssemblyCompanyAttribute::.ctor(System.String)	mscorlib
AssemblyConfigurationAttribute__ctor_m3236176989	System.Void System.Reflection.AssemblyConfigurationAttribute::.ctor(System.String)	mscorlib
AssemblyCopyrightAttribute__ctor_m1842063359	System.Void System.Reflection.AssemblyCopyrightAttribute::.ctor(System.String)	mscorlib
AssemblyDefaultAliasAttribute__ctor_m1809631251	System.Void System.Reflection.AssemblyDefaultAliasAttribute::.ctor(System.String)	mscorlib
AssemblyDelaySignAttribute__ctor_m542336852	System.Void System.Reflection.AssemblyDelaySignAttribute::.ctor(System.Boolean)	mscorlib
AssemblyDescriptionAttribute__ctor_m3993445315	System.Void System.Reflection.AssemblyDescriptionAttribute::.ctor(System.String)	mscorlib
AssemblyFileVersionAttribute__ctor_m3720707642	System.Void System.Reflection.AssemblyFileVersionAttribute::.ctor(System.String)	mscorlib
AssemblyInformationalVersionAttribute__ctor_m4033947902	System.Void System.Reflection.AssemblyInformationalVersionAttribute::.ctor(System.String)	mscorlib
AssemblyKeyFileAttribute__ctor_m535332047	System.Void System.Reflection.AssemblyKeyFileAttribute::.ctor(System.String)	mscorlib
AssemblyName__ctor_m2786326352	System.Void System.Reflection.AssemblyName::.ctor()	mscorlib
AssemblyName__ctor_m1753467291	System.Void System.Reflection.AssemblyName::.ctor(System.Runtime.Serialization.SerializationInfo,System.Runtime.Serialization.StreamingContext)	mscorlib
AssemblyName_get_Name_m4072373679	System.String System.Reflection.AssemblyName::get_Name()	mscorlib
AssemblyName_get_Flags_m1616840602	System.Reflection.AssemblyNameFlags System.Reflection.AssemblyName::get_Flags()	mscorlib
AssemblyName_get_FullName_m3351492191	System.String System.Reflection.AssemblyName::get_FullName()	mscorlib
AssemblyName_get_Version_m538083430	System.Version System.Reflection.AssemblyName::get_Version()	mscorlib
AssemblyName_set_Version_m1802337156	System.Void System.Reflection.AssemblyName::set_Version(System.Version)	mscorlib
AssemblyName_ToString_m11651758	System.String System.Reflection.AssemblyName::ToString()	mscorlib
AssemblyName_get_IsPublicKeyValid_m1483495830	System.Boolean System.Reflection.AssemblyName::get_IsPublicKeyValid()	mscorlib
AssemblyName_InternalGetPublicKeyToken_m3407918444	System.Byte[] System.Reflection.AssemblyName::InternalGetPublicKeyToken()	mscorlib
AssemblyName_ComputePublicKeyToken_m824893834	System.Byte[] System.Reflection.AssemblyName::ComputePublicKeyToken()	mscorlib
AssemblyName_SetPublicKey_m1771377104	System.Void System.Reflection.AssemblyName::SetPublicKey(System.Byte[])	mscorlib
AssemblyName_SetPublicKeyToken_m582470133	System.Void System.Reflection.AssemblyName::SetPublicKeyToken(System.Byte[])	mscorlib
AssemblyName_Clone_m43657973	System.Object System.Reflection.AssemblyName::Clone()	mscorlib
AssemblyName_OnDeserialization_m3779987437	System.Void System.Reflection.AssemblyName::OnDeserialization(System.Object)	mscorlib
AssemblyProductAttribute__ctor_m1203636347	System.Void System.Reflection.AssemblyProductAttribute::.ctor(System.String)	mscorlib
AssemblyTitleAttribute__ctor_m3257920016	System.Void System.Reflection.AssemblyTitleAttribute::.ctor(System.String)	mscorlib
AssemblyTrademarkAttribute__ctor_m837842042	System.Void System.Reflection.AssemblyTrademarkAttribute::.ctor(System.String)	mscorlib
Binder__ctor_m2821133715	System.Void System.Reflection.Binder::.ctor()	mscorlib
Binder__cctor_m245494241	System.Void System.Reflection.Binder::.cctor()	mscorlib
Binder_get_DefaultBinder_m950908649	System.Reflection.Binder System.Reflection.Binder::get_DefaultBinder()	mscorlib
Binder_ConvertArgs_m2124461494	System.Boolean System.Reflection.Binder::ConvertArgs(System.Reflection.Binder,System.Object[],System.Reflection.ParameterInfo[],System.Globalization.CultureInfo)	mscorlib
Binder_GetDerivedLevel_m3216810447	System.Int32 System.Reflection.Binder::GetDerivedLevel(System.Type)	mscorlib
Binder_FindMostDerivedMatch_m239579024	System.Reflection.MethodBase System.Reflection.Binder::FindMostDerivedMatch(System.Reflection.MethodBase[])	mscorlib
Default__ctor_m325526679	System.Void System.Reflection.Binder/Default::.ctor()	mscorlib
Default_BindToMethod_m490530316	System.Reflection.MethodBase System.Reflection.Binder/Default::BindToMethod(System.Reflection.BindingFlags,System.Reflection.MethodBase[],System.Object[]&,System.Reflection.ParameterModifier[],System.Globalization.CultureInfo,System.String[],System.Object&)	mscorlib
Default_ReorderParameters_m2076271671	System.Void System.Reflection.Binder/Default::ReorderParameters(System.String[],System.Object[]&,System.Reflection.MethodBase)	mscorlib
Default_IsArrayAssignable_m953489228	System.Boolean System.Reflection.Binder/Default::IsArrayAssignable(System.Type,System.Type)	mscorlib
Default_ChangeType_m1399759417	System.Object System.Reflection.Binder/Default::ChangeType(System.Object,System.Type,System.Globalization.CultureInfo)	mscorlib
Default_ReorderArgumentArray_m476258478	System.Void System.Reflection.Binder/Default::ReorderArgumentArray(System.Object[]&,System.Object)	mscorlib
Default_check_type_m3691874551	System.Boolean System.Reflection.Binder/Default::check_type(System.Type,System.Type)	mscorlib
Default_check_arguments_m3882727959	System.Boolean System.Reflection.Binder/Default::check_arguments(System.Type[],System.Reflection.ParameterInfo[],System.Boolean)	mscorlib
Default_SelectMethod_m3090153711	System.Reflection.MethodBase System.Reflection.Binder/Default::SelectMethod(System.Reflection.BindingFlags,System.Reflection.MethodBase[],System.Type[],System.Reflection.ParameterModifier[])	mscorlib
Default_SelectMethod_m469311730	System.Reflection.MethodBase System.Reflection.Binder/Default::SelectMethod(System.Reflection.BindingFlags,System.Reflection.MethodBase[],System.Type[],System.Reflection.ParameterModifier[],System.Boolean)	mscorlib
Default_GetBetterMethod_m3232777160	System.Reflection.MethodBase System.Reflection.Binder/Default::GetBetterMethod(System.Reflection.MethodBase,System.Reflection.MethodBase,System.Type[])	mscorlib
Default_CompareCloserType_m2643961470	System.Int32 System.Reflection.Binder/Default::CompareCloserType(System.Type,System.Type)	mscorlib
Default_SelectProperty_m1220817815	System.Reflection.PropertyInfo System.Reflection.Binder/Default::SelectProperty(System.Reflection.BindingFlags,System.Reflection.PropertyInfo[],System.Type,System.Type[],System.Reflection.ParameterModifier[])	mscorlib
Default_check_arguments_with_score_m3467814020	System.Int32 System.Reflection.Binder/Default::check_arguments_with_score(System.Type[],System.Reflection.ParameterInfo[])	mscorlib
Default_check_type_with_score_m3022331006	System.Int32 System.Reflection.Binder/Default::check_type_with_score(System.Type,System.Type)	mscorlib
ConstructorInfo__ctor_m356047157	System.Void System.Reflection.ConstructorInfo::.ctor()	mscorlib
ConstructorInfo__cctor_m1016079270	System.Void System.Reflection.ConstructorInfo::.cctor()	mscorlib
ConstructorInfo_get_MemberType_m2297974335	System.Reflection.MemberTypes System.Reflection.ConstructorInfo::get_MemberType()	mscorlib
ConstructorInfo_Invoke_m4089836896	System.Object System.Reflection.ConstructorInfo::Invoke(System.Object[])	mscorlib
CustomAttributeData__ctor_m2966233049	System.Void System.Reflection.CustomAttributeData::.ctor(System.Reflection.ConstructorInfo,System.Object[],System.Object[])	mscorlib
CustomAttributeData_get_Constructor_m489601093	System.Reflection.ConstructorInfo System.Reflection.CustomAttributeData::get_Constructor()	mscorlib
CustomAttributeData_get_ConstructorArguments_m1602558961	System.Collections.Generic.IList`1<System.Reflection.CustomAttributeTypedArgument> System.Reflection.CustomAttributeData::get_ConstructorArguments()	mscorlib
CustomAttributeData_get_NamedArguments_m2950811181	System.Collections.Generic.IList`1<System.Reflection.CustomAttributeNamedArgument> System.Reflection.CustomAttributeData::get_NamedArguments()	mscorlib
CustomAttributeData_GetCustomAttributes_m2970182643	System.Collections.Generic.IList`1<System.Reflection.CustomAttributeData> System.Reflection.CustomAttributeData::GetCustomAttributes(System.Reflection.Assembly)	mscorlib
CustomAttributeData_GetCustomAttributes_m2141595938	System.Collections.Generic.IList`1<System.Reflection.CustomAttributeData> System.Reflection.CustomAttributeData::GetCustomAttributes(System.Reflection.MemberInfo)	mscorlib
CustomAttributeData_GetCustomAttributes_m1033457578	System.Collections.Generic.IList`1<System.Reflection.CustomAttributeData> System.Reflection.CustomAttributeData::GetCustomAttributes(System.Reflection.Module)	mscorlib
CustomAttributeData_GetCustomAttributes_m1863564558	System.Collections.Generic.IList`1<System.Reflection.CustomAttributeData> System.Reflection.CustomAttributeData::GetCustomAttributes(System.Reflection.ParameterInfo)	mscorlib
CustomAttributeData_ToString_m1995965208	System.String System.Reflection.CustomAttributeData::ToString()	mscorlib
CustomAttributeData_Equals_m4034962021	System.Boolean System.Reflection.CustomAttributeData::Equals(System.Object)	mscorlib
CustomAttributeData_GetHashCode_m3727773664	System.Int32 System.Reflection.CustomAttributeData::GetHashCode()	mscorlib
CustomAttributeNamedArgument_ToString_m1488801416_AdjustorThunk	System.String System.Reflection.CustomAttributeNamedArgument::ToString()	mscorlib
CustomAttributeNamedArgument_Equals_m1414002036_AdjustorThunk	System.Boolean System.Reflection.CustomAttributeNamedArgument::Equals(System.Object)	mscorlib
CustomAttributeNamedArgument_GetHashCode_m2317130892_AdjustorThunk	System.Int32 System.Reflection.CustomAttributeNamedArgument::GetHashCode()	mscorlib
CustomAttributeTypedArgument_ToString_m864948362_AdjustorThunk	System.String System.Reflection.CustomAttributeTypedArgument::ToString()	mscorlib
CustomAttributeTypedArgument_Equals_m2261980307_AdjustorThunk	System.Boolean System.Reflection.CustomAttributeTypedArgument::Equals(System.Object)	mscorlib
CustomAttributeTypedArgument_GetHashCode_m1121388927_AdjustorThunk	System.Int32 System.Reflection.CustomAttributeTypedArgument::GetHashCode()	mscorlib
DefaultMemberAttribute__ctor_m1410463653	System.Void System.Reflection.DefaultMemberAttribute::.ctor(System.String)	mscorlib
DefaultMemberAttribute_get_MemberName_m3384235354	System.String System.Reflection.DefaultMemberAttribute::get_MemberName()	mscorlib
AssemblyBuilder_get_Location_m384539722	System.String System.Reflection.Emit.AssemblyBuilder::get_Location()	mscorlib
AssemblyBuilder_GetTypes_m3415680380	System.Type[] System.Reflection.Emit.AssemblyBuilder::GetTypes(System.Boolean)	mscorlib
AssemblyBuilder_get_IsCompilerContext_m4201958597	System.Boolean System.Reflection.Emit.AssemblyBuilder::get_IsCompilerContext()	mscorlib
AssemblyBuilder_not_supported_m1735277432	System.Exception System.Reflection.Emit.AssemblyBuilder::not_supported()	mscorlib
AssemblyBuilder_UnprotectedGetName_m4080174862	System.Reflection.AssemblyName System.Reflection.Emit.AssemblyBuilder::UnprotectedGetName()	mscorlib
ByRefType__ctor_m194708390	System.Void System.Reflection.Emit.ByRefType::.ctor(System.Type)	mscorlib
ByRefType_IsByRefImpl_m3962519791	System.Boolean System.Reflection.Emit.ByRefType::IsByRefImpl()	mscorlib
ByRefType_get_BaseType_m3006686054	System.Type System.Reflection.Emit.ByRefType::get_BaseType()	mscorlib
ByRefType_FormatName_m4045363682	System.String System.Reflection.Emit.ByRefType::FormatName(System.String)	mscorlib
ByRefType_MakeByRefType_m272328919	System.Type System.Reflection.Emit.ByRefType::MakeByRefType()	mscorlib
ConstructorBuilder__ctor_m1580993362	System.Void System.Reflection.Emit.ConstructorBuilder::.ctor(System.Reflection.Emit.TypeBuilder,System.Reflection.MethodAttributes,System.Reflection.CallingConventions,System.Type[],System.Type[][],System.Type[][])	mscorlib
ConstructorBuilder_get_CallingConvention_m3019479360	System.Reflection.CallingConventions System.Reflection.Emit.ConstructorBuilder::get_CallingConvention()	mscorlib
ConstructorBuilder_get_TypeBuilder_m2755629087	System.Reflection.Emit.TypeBuilder System.Reflection.Emit.ConstructorBuilder::get_TypeBuilder()	mscorlib
ConstructorBuilder_GetParameters_m1348730871	System.Reflection.ParameterInfo[] System.Reflection.Emit.ConstructorBuilder::GetParameters()	mscorlib
ConstructorBuilder_GetParametersInternal_m2039842762	System.Reflection.ParameterInfo[] System.Reflection.Emit.ConstructorBuilder::GetParametersInternal()	mscorlib
ConstructorBuilder_GetParameterCount_m1122995462	System.Int32 System.Reflection.Emit.ConstructorBuilder::GetParameterCount()	mscorlib
ConstructorBuilder_Invoke_m3979373259	System.Object System.Reflection.Emit.ConstructorBuilder::Invoke(System.Object,System.Reflection.BindingFlags,System.Reflection.Binder,System.Object[],System.Globalization.CultureInfo)	mscorlib
ConstructorBuilder_Invoke_m3010446651	System.Object System.Reflection.Emit.ConstructorBuilder::Invoke(System.Reflection.BindingFlags,System.Reflection.Binder,System.Object[],System.Globalization.CultureInfo)	mscorlib
ConstructorBuilder_get_MethodHandle_m3934509563	System.RuntimeMethodHandle System.Reflection.Emit.ConstructorBuilder::get_MethodHandle()	mscorlib
ConstructorBuilder_get_Attributes_m1598011285	System.Reflection.MethodAttributes System.Reflection.Emit.ConstructorBuilder::get_Attributes()	mscorlib
ConstructorBuilder_get_ReflectedType_m2642670880	System.Type System.Reflection.Emit.ConstructorBuilder::get_ReflectedType()	mscorlib
ConstructorBuilder_get_DeclaringType_m2098046507	System.Type System.Reflection.Emit.ConstructorBuilder::get_DeclaringType()	mscorlib
ConstructorBuilder_get_Name_m2426555260	System.String System.Reflection.Emit.ConstructorBuilder::get_Name()	mscorlib
ConstructorBuilder_IsDefined_m3603803379	System.Boolean System.Reflection.Emit.ConstructorBuilder::IsDefined(System.Type,System.Boolean)	mscorlib
ConstructorBuilder_GetCustomAttributes_m2495332786	System.Object[] System.Reflection.Emit.ConstructorBuilder::GetCustomAttributes(System.Boolean)	mscorlib
ConstructorBuilder_GetCustomAttributes_m330373636	System.Object[] System.Reflection.Emit.ConstructorBuilder::GetCustomAttributes(System.Type,System.Boolean)	mscorlib
ConstructorBuilder_GetILGenerator_m1421260830	System.Reflection.Emit.ILGenerator System.Reflection.Emit.ConstructorBuilder::GetILGenerator()	mscorlib
ConstructorBuilder_GetILGenerator_m1750792206	System.Reflection.Emit.ILGenerator System.Reflection.Emit.ConstructorBuilder::GetILGenerator(System.Int32)	mscorlib
ConstructorBuilder_GetToken_m109400720	System.Reflection.Emit.MethodToken System.Reflection.Emit.ConstructorBuilder::GetToken()	mscorlib
ConstructorBuilder_get_Module_m1709295866	System.Reflection.Module System.Reflection.Emit.ConstructorBuilder::get_Module()	mscorlib
ConstructorBuilder_ToString_m1596813917	System.String System.Reflection.Emit.ConstructorBuilder::ToString()	mscorlib
ConstructorBuilder_fixup_m3699998230	System.Void System.Reflection.Emit.ConstructorBuilder::fixup()	mscorlib
ConstructorBuilder_get_next_table_index_m2681706538	System.Int32 System.Reflection.Emit.ConstructorBuilder::get_next_table_index(System.Object,System.Int32,System.Boolean)	mscorlib
ConstructorBuilder_get_IsCompilerContext_m3364441562	System.Boolean System.Reflection.Emit.ConstructorBuilder::get_IsCompilerContext()	mscorlib
ConstructorBuilder_not_supported_m1054126936	System.Exception System.Reflection.Emit.ConstructorBuilder::not_supported()	mscorlib
ConstructorBuilder_not_created_m1456215494	System.Exception System.Reflection.Emit.ConstructorBuilder::not_created()	mscorlib
DerivedType__ctor_m1853298054	System.Void System.Reflection.Emit.DerivedType::.ctor(System.Type)	mscorlib
DerivedType_create_unmanaged_type_m747846525	System.Void System.Reflection.Emit.DerivedType::create_unmanaged_type(System.Type)	mscorlib
DerivedType_GetInterfaces_m2159651138	System.Type[] System.Reflection.Emit.DerivedType::GetInterfaces()	mscorlib
DerivedType_GetElementType_m2584464668	System.Type System.Reflection.Emit.DerivedType::GetElementType()	mscorlib
DerivedType_GetEvent_m4157575360	System.Reflection.EventInfo System.Reflection.Emit.DerivedType::GetEvent(System.String,System.Reflection.BindingFlags)	mscorlib
DerivedType_GetField_m2027861924	System.Reflection.FieldInfo System.Reflection.Emit.DerivedType::GetField(System.String,System.Reflection.BindingFlags)	mscorlib
DerivedType_GetFields_m3190137327	System.Reflection.FieldInfo[] System.Reflection.Emit.DerivedType::GetFields(System.Reflection.BindingFlags)	mscorlib
DerivedType_GetMethodImpl_m1964451112	System.Reflection.MethodInfo System.Reflection.Emit.DerivedType::GetMethodImpl(System.String,System.Reflection.BindingFlags,System.Reflection.Binder,System.Reflection.CallingConventions,System.Type[],System.Reflection.ParameterModifier[])	mscorlib
DerivedType_GetMethods_m3787404845	System.Reflection.MethodInfo[] System.Reflection.Emit.DerivedType::GetMethods(System.Reflection.BindingFlags)	mscorlib
DerivedType_GetPropertyImpl_m1772478290	System.Reflection.PropertyInfo System.Reflection.Emit.DerivedType::GetPropertyImpl(System.String,System.Reflection.BindingFlags,System.Reflection.Binder,System.Type,System.Type[],System.Reflection.ParameterModifier[])	mscorlib
DerivedType_GetConstructorImpl_m3293273905	System.Reflection.ConstructorInfo System.Reflection.Emit.DerivedType::GetConstructorImpl(System.Reflection.BindingFlags,System.Reflection.Binder,System.Reflection.CallingConventions,System.Type[],System.Reflection.ParameterModifier[])	mscorlib
DerivedType_GetAttributeFlagsImpl_m1180718237	System.Reflection.TypeAttributes System.Reflection.Emit.DerivedType::GetAttributeFlagsImpl()	mscorlib
DerivedType_HasElementTypeImpl_m1097388608	System.Boolean System.Reflection.Emit.DerivedType::HasElementTypeImpl()	mscorlib
DerivedType_IsArrayImpl_m264758273	System.Boolean System.Reflection.Emit.DerivedType::IsArrayImpl()	mscorlib
DerivedType_IsByRefImpl_m2585680005	System.Boolean System.Reflection.Emit.DerivedType::IsByRefImpl()	mscorlib
DerivedType_IsPointerImpl_m1941000720	System.Boolean System.Reflection.Emit.DerivedType::IsPointerImpl()	mscorlib
DerivedType_IsPrimitiveImpl_m2340048382	System.Boolean System.Reflection.Emit.DerivedType::IsPrimitiveImpl()	mscorlib
DerivedType_GetConstructors_m483065502	System.Reflection.ConstructorInfo[] System.Reflection.Emit.DerivedType::GetConstructors(System.Reflection.BindingFlags)	mscorlib
DerivedType_InvokeMember_m2769515495	System.Object System.Reflection.Emit.DerivedType::InvokeMember(System.String,System.Reflection.BindingFlags,System.Reflection.Binder,System.Object,System.Object[],System.Reflection.ParameterModifier[],System.Globalization.CultureInfo,System.String[])	mscorlib
DerivedType_IsInstanceOfType_m1527022408	System.Boolean System.Reflection.Emit.DerivedType::IsInstanceOfType(System.Object)	mscorlib
DerivedType_IsAssignableFrom_m1623073368	System.Boolean System.Reflection.Emit.DerivedType::IsAssignableFrom(System.Type)	mscorlib
DerivedType_get_ContainsGenericParameters_m2816335630	System.Boolean System.Reflection.Emit.DerivedType::get_ContainsGenericParameters()	mscorlib
DerivedType_MakeGenericType_m100846339	System.Type System.Reflection.Emit.DerivedType::MakeGenericType(System.Type[])	mscorlib
DerivedType_MakeByRefType_m252999187	System.Type System.Reflection.Emit.DerivedType::MakeByRefType()	mscorlib
DerivedType_ToString_m2289563350	System.String System.Reflection.Emit.DerivedType::ToString()	mscorlib
DerivedType_get_Assembly_m2979298667	System.Reflection.Assembly System.Reflection.Emit.DerivedType::get_Assembly()	mscorlib
DerivedType_get_AssemblyQualifiedName_m1959142976	System.String System.Reflection.Emit.DerivedType::get_AssemblyQualifiedName()	mscorlib
DerivedType_get_FullName_m1025358827	System.String System.Reflection.Emit.DerivedType::get_FullName()	mscorlib
DerivedType_get_Name_m1552295539	System.String System.Reflection.Emit.DerivedType::get_Name()	mscorlib
DerivedType_get_Module_m3032466746	System.Reflection.Module System.Reflection.Emit.DerivedType::get_Module()	mscorlib
DerivedType_get_Namespace_m2649418450	System.String System.Reflection.Emit.DerivedType::get_Namespace()	mscorlib
DerivedType_get_TypeHandle_m2879235498	System.RuntimeTypeHandle System.Reflection.Emit.DerivedType::get_TypeHandle()	mscorlib
DerivedType_get_UnderlyingSystemType_m392724457	System.Type System.Reflection.Emit.DerivedType::get_UnderlyingSystemType()	mscorlib
DerivedType_IsDefined_m3906894566	System.Boolean System.Reflection.Emit.DerivedType::IsDefined(System.Type,System.Boolean)	mscorlib
DerivedType_GetCustomAttributes_m851300494	System.Object[] System.Reflection.Emit.DerivedType::GetCustomAttributes(System.Boolean)	mscorlib
DerivedType_GetCustomAttributes_m3536779709	System.Object[] System.Reflection.Emit.DerivedType::GetCustomAttributes(System.Type,System.Boolean)	mscorlib
EnumBuilder_get_Assembly_m1175292766	System.Reflection.Assembly System.Reflection.Emit.EnumBuilder::get_Assembly()	mscorlib
EnumBuilder_get_AssemblyQualifiedName_m3542375588	System.String System.Reflection.Emit.EnumBuilder::get_AssemblyQualifiedName()	mscorlib
EnumBuilder_get_BaseType_m1707640163	System.Type System.Reflection.Emit.EnumBuilder::get_BaseType()	mscorlib
EnumBuilder_get_DeclaringType_m4266754303	System.Type System.Reflection.Emit.EnumBuilder::get_DeclaringType()	mscorlib
EnumBuilder_get_FullName_m86524873	System.String System.Reflection.Emit.EnumBuilder::get_FullName()	mscorlib
EnumBuilder_get_Module_m3038920337	System.Reflection.Module System.Reflection.Emit.EnumBuilder::get_Module()	mscorlib
EnumBuilder_get_Name_m4016811629	System.String System.Reflection.Emit.EnumBuilder::get_Name()	mscorlib
EnumBuilder_get_Namespace_m931779410	System.String System.Reflection.Emit.EnumBuilder::get_Namespace()	mscorlib
EnumBuilder_get_ReflectedType_m3155130643	System.Type System.Reflection.Emit.EnumBuilder::get_ReflectedType()	mscorlib
EnumBuilder_get_TypeHandle_m825995360	System.RuntimeTypeHandle System.Reflection.Emit.EnumBuilder::get_TypeHandle()	mscorlib
EnumBuilder_get_UnderlyingSystemType_m1095282781	System.Type System.Reflection.Emit.EnumBuilder::get_UnderlyingSystemType()	mscorlib
EnumBuilder_GetAttributeFlagsImpl_m2708654755	System.Reflection.TypeAttributes System.Reflection.Emit.EnumBuilder::GetAttributeFlagsImpl()	mscorlib
EnumBuilder_GetConstructorImpl_m3068576149	System.Reflection.ConstructorInfo System.Reflection.Emit.EnumBuilder::GetConstructorImpl(System.Reflection.BindingFlags,System.Reflection.Binder,System.Reflection.CallingConventions,System.Type[],System.Reflection.ParameterModifier[])	mscorlib
EnumBuilder_GetConstructors_m3294436155	System.Reflection.ConstructorInfo[] System.Reflection.Emit.EnumBuilder::GetConstructors(System.Reflection.BindingFlags)	mscorlib
EnumBuilder_GetCustomAttributes_m3678770762	System.Object[] System.Reflection.Emit.EnumBuilder::GetCustomAttributes(System.Boolean)	mscorlib
EnumBuilder_GetCustomAttributes_m166600193	System.Object[] System.Reflection.Emit.EnumBuilder::GetCustomAttributes(System.Type,System.Boolean)	mscorlib
EnumBuilder_GetElementType_m2534333387	System.Type System.Reflection.Emit.EnumBuilder::GetElementType()	mscorlib
EnumBuilder_GetEvent_m4074915332	System.Reflection.EventInfo System.Reflection.Emit.EnumBuilder::GetEvent(System.String,System.Reflection.BindingFlags)	mscorlib
EnumBuilder_GetField_m3489745843	System.Reflection.FieldInfo System.Reflection.Emit.EnumBuilder::GetField(System.String,System.Reflection.BindingFlags)	mscorlib
EnumBuilder_GetFields_m151883523	System.Reflection.FieldInfo[] System.Reflection.Emit.EnumBuilder::GetFields(System.Reflection.BindingFlags)	mscorlib
EnumBuilder_GetInterfaces_m282127151	System.Type[] System.Reflection.Emit.EnumBuilder::GetInterfaces()	mscorlib
EnumBuilder_GetMethodImpl_m3968140917	System.Reflection.MethodInfo System.Reflection.Emit.EnumBuilder::GetMethodImpl(System.String,System.Reflection.BindingFlags,System.Reflection.Binder,System.Reflection.CallingConventions,System.Type[],System.Reflection.ParameterModifier[])	mscorlib
EnumBuilder_GetMethods_m415781370	System.Reflection.MethodInfo[] System.Reflection.Emit.EnumBuilder::GetMethods(System.Reflection.BindingFlags)	mscorlib
EnumBuilder_GetPropertyImpl_m569583507	System.Reflection.PropertyInfo System.Reflection.Emit.EnumBuilder::GetPropertyImpl(System.String,System.Reflection.BindingFlags,System.Reflection.Binder,System.Type,System.Type[],System.Reflection.ParameterModifier[])	mscorlib
EnumBuilder_HasElementTypeImpl_m3477408451	System.Boolean System.Reflection.Emit.EnumBuilder::HasElementTypeImpl()	mscorlib
EnumBuilder_InvokeMember_m2995510206	System.Object System.Reflection.Emit.EnumBuilder::InvokeMember(System.String,System.Reflection.BindingFlags,System.Reflection.Binder,System.Object,System.Object[],System.Reflection.ParameterModifier[],System.Globalization.CultureInfo,System.String[])	mscorlib
EnumBuilder_IsArrayImpl_m572123653	System.Boolean System.Reflection.Emit.EnumBuilder::IsArrayImpl()	mscorlib
EnumBuilder_IsByRefImpl_m210003629	System.Boolean System.Reflection.Emit.EnumBuilder::IsByRefImpl()	mscorlib
EnumBuilder_IsPointerImpl_m2644353933	System.Boolean System.Reflection.Emit.EnumBuilder::IsPointerImpl()	mscorlib
EnumBuilder_IsPrimitiveImpl_m3796774069	System.Boolean System.Reflection.Emit.EnumBuilder::IsPrimitiveImpl()	mscorlib
EnumBuilder_IsValueTypeImpl_m57969026	System.Boolean System.Reflection.Emit.EnumBuilder::IsValueTypeImpl()	mscorlib
EnumBuilder_IsDefined_m4222535176	System.Boolean System.Reflection.Emit.EnumBuilder::IsDefined(System.Type,System.Boolean)	mscorlib
EnumBuilder_MakeByRefType_m1814180319	System.Type System.Reflection.Emit.EnumBuilder::MakeByRefType()	mscorlib
EnumBuilder_CreateNotSupportedException_m3236297331	System.Exception System.Reflection.Emit.EnumBuilder::CreateNotSupportedException()	mscorlib
FieldBuilder_get_Attributes_m1473479383	System.Reflection.FieldAttributes System.Reflection.Emit.FieldBuilder::get_Attributes()	mscorlib
FieldBuilder_get_DeclaringType_m41087402	System.Type System.Reflection.Emit.FieldBuilder::get_DeclaringType()	mscorlib
FieldBuilder_get_FieldHandle_m535167546	System.RuntimeFieldHandle System.Reflection.Emit.FieldBuilder::get_FieldHandle()	mscorlib
FieldBuilder_get_FieldType_m1091288720	System.Type System.Reflection.Emit.FieldBuilder::get_FieldType()	mscorlib
FieldBuilder_get_Name_m510046506	System.String System.Reflection.Emit.FieldBuilder::get_Name()	mscorlib
FieldBuilder_get_ReflectedType_m4057589759	System.Type System.Reflection.Emit.FieldBuilder::get_ReflectedType()	mscorlib
FieldBuilder_GetCustomAttributes_m664752430	System.Object[] System.Reflection.Emit.FieldBuilder::GetCustomAttributes(System.Boolean)	mscorlib
FieldBuilder_GetCustomAttributes_m1915970159	System.Object[] System.Reflection.Emit.FieldBuilder::GetCustomAttributes(System.Type,System.Boolean)	mscorlib
FieldBuilder_GetValue_m1576493031	System.Object System.Reflection.Emit.FieldBuilder::GetValue(System.Object)	mscorlib
FieldBuilder_IsDefined_m838988679	System.Boolean System.Reflection.Emit.FieldBuilder::IsDefined(System.Type,System.Boolean)	mscorlib
FieldBuilder_GetFieldOffset_m725157755	System.Int32 System.Reflection.Emit.FieldBuilder::GetFieldOffset()	mscorlib
FieldBuilder_SetValue_m828035213	System.Void System.Reflection.Emit.FieldBuilder::SetValue(System.Object,System.Object,System.Reflection.BindingFlags,System.Reflection.Binder,System.Globalization.CultureInfo)	mscorlib
FieldBuilder_get_UMarshal_m1108254289	System.Reflection.Emit.UnmanagedMarshal System.Reflection.Emit.FieldBuilder::get_UMarshal()	mscorlib
FieldBuilder_CreateNotSupportedException_m2447945803	System.Exception System.Reflection.Emit.FieldBuilder::CreateNotSupportedException()	mscorlib
FieldBuilder_get_Module_m1102715255	System.Reflection.Module System.Reflection.Emit.FieldBuilder::get_Module()	mscorlib
GenericTypeParameterBuilder_IsSubclassOf_m2266644074	System.Boolean System.Reflection.Emit.GenericTypeParameterBuilder::IsSubclassOf(System.Type)	mscorlib
GenericTypeParameterBuilder_GetAttributeFlagsImpl_m2144850054	System.Reflection.TypeAttributes System.Reflection.Emit.GenericTypeParameterBuilder::GetAttributeFlagsImpl()	mscorlib
GenericTypeParameterBuilder_GetConstructorImpl_m863833310	System.Reflection.ConstructorInfo System.Reflection.Emit.GenericTypeParameterBuilder::GetConstructorImpl(System.Reflection.BindingFlags,System.Reflection.Binder,System.Reflection.CallingConventions,System.Type[],System.Reflection.ParameterModifier[])	mscorlib
GenericTypeParameterBuilder_GetConstructors_m1741403645	System.Reflection.ConstructorInfo[] System.Reflection.Emit.GenericTypeParameterBuilder::GetConstructors(System.Reflection.BindingFlags)	mscorlib
GenericTypeParameterBuilder_GetEvent_m1409082535	System.Reflection.EventInfo System.Reflection.Emit.GenericTypeParameterBuilder::GetEvent(System.String,System.Reflection.BindingFlags)	mscorlib
GenericTypeParameterBuilder_GetField_m2300277606	System.Reflection.FieldInfo System.Reflection.Emit.GenericTypeParameterBuilder::GetField(System.String,System.Reflection.BindingFlags)	mscorlib
GenericTypeParameterBuilder_GetFields_m292751540	System.Reflection.FieldInfo[] System.Reflection.Emit.GenericTypeParameterBuilder::GetFields(System.Reflection.BindingFlags)	mscorlib
GenericTypeParameterBuilder_GetInterfaces_m1692228685	System.Type[] System.Reflection.Emit.GenericTypeParameterBuilder::GetInterfaces()	mscorlib
GenericTypeParameterBuilder_GetMethods_m2360745671	System.Reflection.MethodInfo[] System.Reflection.Emit.GenericTypeParameterBuilder::GetMethods(System.Reflection.BindingFlags)	mscorlib
GenericTypeParameterBuilder_GetMethodImpl_m1665936690	System.Reflection.MethodInfo System.Reflection.Emit.GenericTypeParameterBuilder::GetMethodImpl(System.String,System.Reflection.BindingFlags,System.Reflection.Binder,System.Reflection.CallingConventions,System.Type[],System.Reflection.ParameterModifier[])	mscorlib
GenericTypeParameterBuilder_GetPropertyImpl_m2584778600	System.Reflection.PropertyInfo System.Reflection.Emit.GenericTypeParameterBuilder::GetPropertyImpl(System.String,System.Reflection.BindingFlags,System.Reflection.Binder,System.Type,System.Type[],System.Reflection.ParameterModifier[])	mscorlib
GenericTypeParameterBuilder_HasElementTypeImpl_m2509088011	System.Boolean System.Reflection.Emit.GenericTypeParameterBuilder::HasElementTypeImpl()	mscorlib
GenericTypeParameterBuilder_IsAssignableFrom_m67565415	System.Boolean System.Reflection.Emit.GenericTypeParameterBuilder::IsAssignableFrom(System.Type)	mscorlib
GenericTypeParameterBuilder_IsInstanceOfType_m1071939531	System.Boolean System.Reflection.Emit.GenericTypeParameterBuilder::IsInstanceOfType(System.Object)	mscorlib
GenericTypeParameterBuilder_IsArrayImpl_m67259334	System.Boolean System.Reflection.Emit.GenericTypeParameterBuilder::IsArrayImpl()	mscorlib
GenericTypeParameterBuilder_IsByRefImpl_m4112722356	System.Boolean System.Reflection.Emit.GenericTypeParameterBuilder::IsByRefImpl()	mscorlib
GenericTypeParameterBuilder_IsPointerImpl_m2257540205	System.Boolean System.Reflection.Emit.GenericTypeParameterBuilder::IsPointerImpl()	mscorlib
GenericTypeParameterBuilder_IsPrimitiveImpl_m1952010459	System.Boolean System.Reflection.Emit.GenericTypeParameterBuilder::IsPrimitiveImpl()	mscorlib
GenericTypeParameterBuilder_IsValueTypeImpl_m480678299	System.Boolean System.Reflection.Emit.GenericTypeParameterBuilder::IsValueTypeImpl()	mscorlib
GenericTypeParameterBuilder_InvokeMember_m1647304778	System.Object System.Reflection.Emit.GenericTypeParameterBuilder::InvokeMember(System.String,System.Reflection.BindingFlags,System.Reflection.Binder,System.Object,System.Object[],System.Reflection.ParameterModifier[],System.Globalization.CultureInfo,System.String[])	mscorlib
GenericTypeParameterBuilder_GetElementType_m871345408	System.Type System.Reflection.Emit.GenericTypeParameterBuilder::GetElementType()	mscorlib
GenericTypeParameterBuilder_get_UnderlyingSystemType_m3450067685	System.Type System.Reflection.Emit.GenericTypeParameterBuilder::get_UnderlyingSystemType()	mscorlib
GenericTypeParameterBuilder_get_Assembly_m2257222024	System.Reflection.Assembly System.Reflection.Emit.GenericTypeParameterBuilder::get_Assembly()	mscorlib
GenericTypeParameterBuilder_get_AssemblyQualifiedName_m2323022482	System.String System.Reflection.Emit.GenericTypeParameterBuilder::get_AssemblyQualifiedName()	mscorlib
GenericTypeParameterBuilder_get_BaseType_m3389926280	System.Type System.Reflection.Emit.GenericTypeParameterBuilder::get_BaseType()	mscorlib
GenericTypeParameterBuilder_get_FullName_m4098525591	System.String System.Reflection.Emit.GenericTypeParameterBuilder::get_FullName()	mscorlib
GenericTypeParameterBuilder_IsDefined_m98179866	System.Boolean System.Reflection.Emit.GenericTypeParameterBuilder::IsDefined(System.Type,System.Boolean)	mscorlib
GenericTypeParameterBuilder_GetCustomAttributes_m386082976	System.Object[] System.Reflection.Emit.GenericTypeParameterBuilder::GetCustomAttributes(System.Boolean)	mscorlib
GenericTypeParameterBuilder_GetCustomAttributes_m580748276	System.Object[] System.Reflection.Emit.GenericTypeParameterBuilder::GetCustomAttributes(System.Type,System.Boolean)	mscorlib
GenericTypeParameterBuilder_get_Name_m1181273062	System.String System.Reflection.Emit.GenericTypeParameterBuilder::get_Name()	mscorlib
GenericTypeParameterBuilder_get_Namespace_m2056767826	System.String System.Reflection.Emit.GenericTypeParameterBuilder::get_Namespace()	mscorlib
GenericTypeParameterBuilder_get_Module_m1433762073	System.Reflection.Module System.Reflection.Emit.GenericTypeParameterBuilder::get_Module()	mscorlib
GenericTypeParameterBuilder_get_DeclaringType_m1741243224	System.Type System.Reflection.Emit.GenericTypeParameterBuilder::get_DeclaringType()	mscorlib
GenericTypeParameterBuilder_get_ReflectedType_m2178572472	System.Type System.Reflection.Emit.GenericTypeParameterBuilder::get_ReflectedType()	mscorlib
GenericTypeParameterBuilder_get_TypeHandle_m366353680	System.RuntimeTypeHandle System.Reflection.Emit.GenericTypeParameterBuilder::get_TypeHandle()	mscorlib
GenericTypeParameterBuilder_GetGenericArguments_m2988765390	System.Type[] System.Reflection.Emit.GenericTypeParameterBuilder::GetGenericArguments()	mscorlib
GenericTypeParameterBuilder_GetGenericTypeDefinition_m1032780002	System.Type System.Reflection.Emit.GenericTypeParameterBuilder::GetGenericTypeDefinition()	mscorlib
GenericTypeParameterBuilder_get_ContainsGenericParameters_m786165540	System.Boolean System.Reflection.Emit.GenericTypeParameterBuilder::get_ContainsGenericParameters()	mscorlib
GenericTypeParameterBuilder_get_IsGenericParameter_m792248181	System.Boolean System.Reflection.Emit.GenericTypeParameterBuilder::get_IsGenericParameter()	mscorlib
GenericTypeParameterBuilder_get_IsGenericType_m2493787252	System.Boolean System.Reflection.Emit.GenericTypeParameterBuilder::get_IsGenericType()	mscorlib
GenericTypeParameterBuilder_get_IsGenericTypeDefinition_m3082475717	System.Boolean System.Reflection.Emit.GenericTypeParameterBuilder::get_IsGenericTypeDefinition()	mscorlib
GenericTypeParameterBuilder_not_supported_m3358960901	System.Exception System.Reflection.Emit.GenericTypeParameterBuilder::not_supported()	mscorlib
GenericTypeParameterBuilder_ToString_m2460043372	System.String System.Reflection.Emit.GenericTypeParameterBuilder::ToString()	mscorlib
GenericTypeParameterBuilder_Equals_m3260957994	System.Boolean System.Reflection.Emit.GenericTypeParameterBuilder::Equals(System.Object)	mscorlib
GenericTypeParameterBuilder_GetHashCode_m852224381	System.Int32 System.Reflection.Emit.GenericTypeParameterBuilder::GetHashCode()	mscorlib
GenericTypeParameterBuilder_MakeByRefType_m3833775061	System.Type System.Reflection.Emit.GenericTypeParameterBuilder::MakeByRefType()	mscorlib
GenericTypeParameterBuilder_MakeGenericType_m3048165991	System.Type System.Reflection.Emit.GenericTypeParameterBuilder::MakeGenericType(System.Type[])	mscorlib
ILGenerator__ctor_m1540961053	System.Void System.Reflection.Emit.ILGenerator::.ctor(System.Reflection.Module,System.Reflection.Emit.TokenGenerator,System.Int32)	mscorlib
ILGenerator__cctor_m2934917055	System.Void System.Reflection.Emit.ILGenerator::.cctor()	mscorlib
ILGenerator_add_token_fixup_m1816002840	System.Void System.Reflection.Emit.ILGenerator::add_token_fixup(System.Reflection.MemberInfo)	mscorlib
ILGenerator_make_room_m2688251824	System.Void System.Reflection.Emit.ILGenerator::make_room(System.Int32)	mscorlib
ILGenerator_emit_int_m2322014738	System.Void System.Reflection.Emit.ILGenerator::emit_int(System.Int32)	mscorlib
ILGenerator_ll_emit_m2218983546	System.Void System.Reflection.Emit.ILGenerator::ll_emit(System.Reflection.Emit.OpCode)	mscorlib
ILGenerator_Emit_m3982339419	System.Void System.Reflection.Emit.ILGenerator::Emit(System.Reflection.Emit.OpCode)	mscorlib
ILGenerator_Emit_m1785051522	System.Void System.Reflection.Emit.ILGenerator::Emit(System.Reflection.Emit.OpCode,System.Reflection.ConstructorInfo)	mscorlib
ILGenerator_label_fixup_m1749904972	System.Void System.Reflection.Emit.ILGenerator::label_fixup()	mscorlib
ILGenerator_Mono_GetCurrentOffset_m993338688	System.Int32 System.Reflection.Emit.ILGenerator::Mono_GetCurrentOffset(System.Reflection.Emit.ILGenerator)	mscorlib
MethodBuilder_get_ContainsGenericParameters_m1358274636	System.Boolean System.Reflection.Emit.MethodBuilder::get_ContainsGenericParameters()	mscorlib
MethodBuilder_get_MethodHandle_m565241742	System.RuntimeMethodHandle System.Reflection.Emit.MethodBuilder::get_MethodHandle()	mscorlib
MethodBuilder_get_ReturnType_m3514670820	System.Type System.Reflection.Emit.MethodBuilder::get_ReturnType()	mscorlib
MethodBuilder_get_ReflectedType_m3038768129	System.Type System.Reflection.Emit.MethodBuilder::get_ReflectedType()	mscorlib
MethodBuilder_get_DeclaringType_m2226312865	System.Type System.Reflection.Emit.MethodBuilder::get_DeclaringType()	mscorlib
MethodBuilder_get_Name_m610453823	System.String System.Reflection.Emit.MethodBuilder::get_Name()	mscorlib
MethodBuilder_get_Attributes_m2740229145	System.Reflection.MethodAttributes System.Reflection.Emit.MethodBuilder::get_Attributes()	mscorlib
MethodBuilder_get_CallingConvention_m4267439137	System.Reflection.CallingConventions System.Reflection.Emit.MethodBuilder::get_CallingConvention()	mscorlib
MethodBuilder_GetBaseDefinition_m3391685745	System.Reflection.MethodInfo System.Reflection.Emit.MethodBuilder::GetBaseDefinition()	mscorlib
MethodBuilder_GetParameters_m3527753207	System.Reflection.ParameterInfo[] System.Reflection.Emit.MethodBuilder::GetParameters()	mscorlib
MethodBuilder_GetParameterCount_m3108880742	System.Int32 System.Reflection.Emit.MethodBuilder::GetParameterCount()	mscorlib
MethodBuilder_Invoke_m3837446660	System.Object System.Reflection.Emit.MethodBuilder::Invoke(System.Object,System.Reflection.BindingFlags,System.Reflection.Binder,System.Object[],System.Globalization.CultureInfo)	mscorlib
MethodBuilder_IsDefined_m662196788	System.Boolean System.Reflection.Emit.MethodBuilder::IsDefined(System.Type,System.Boolean)	mscorlib
MethodBuilder_GetCustomAttributes_m587605549	System.Object[] System.Reflection.Emit.MethodBuilder::GetCustomAttributes(System.Boolean)	mscorlib
MethodBuilder_GetCustomAttributes_m731278908	System.Object[] System.Reflection.Emit.MethodBuilder::GetCustomAttributes(System.Type,System.Boolean)	mscorlib
MethodBuilder_check_override_m4226508046	System.Void System.Reflection.Emit.MethodBuilder::check_override()	mscorlib
MethodBuilder_fixup_m1765890582	System.Void System.Reflection.Emit.MethodBuilder::fixup()	mscorlib
MethodBuilder_ToString_m561658744	System.String System.Reflection.Emit.MethodBuilder::ToString()	mscorlib
MethodBuilder_Equals_m3329023947	System.Boolean System.Reflection.Emit.MethodBuilder::Equals(System.Object)	mscorlib
MethodBuilder_GetHashCode_m2905063929	System.Int32 System.Reflection.Emit.MethodBuilder::GetHashCode()	mscorlib
MethodBuilder_get_next_table_index_m2755473113	System.Int32 System.Reflection.Emit.MethodBuilder::get_next_table_index(System.Object,System.Int32,System.Boolean)	mscorlib
MethodBuilder_NotSupported_m1497589941	System.Exception System.Reflection.Emit.MethodBuilder::NotSupported()	mscorlib
MethodBuilder_MakeGenericMethod_m2175748754	System.Reflection.MethodInfo System.Reflection.Emit.MethodBuilder::MakeGenericMethod(System.Type[])	mscorlib
MethodBuilder_get_IsGenericMethodDefinition_m2943035191	System.Boolean System.Reflection.Emit.MethodBuilder::get_IsGenericMethodDefinition()	mscorlib
MethodBuilder_get_IsGenericMethod_m3216441561	System.Boolean System.Reflection.Emit.MethodBuilder::get_IsGenericMethod()	mscorlib
MethodBuilder_GetGenericArguments_m1765425737	System.Type[] System.Reflection.Emit.MethodBuilder::GetGenericArguments()	mscorlib
MethodBuilder_get_Module_m2693263127	System.Reflection.Module System.Reflection.Emit.MethodBuilder::get_Module()	mscorlib
MethodToken__ctor_m2100013302_AdjustorThunk	System.Void System.Reflection.Emit.MethodToken::.ctor(System.Int32)	mscorlib
MethodToken__cctor_m2263526478	System.Void System.Reflection.Emit.MethodToken::.cctor()	mscorlib
MethodToken_Equals_m460628456_AdjustorThunk	System.Boolean System.Reflection.Emit.MethodToken::Equals(System.Object)	mscorlib
MethodToken_GetHashCode_m673885300_AdjustorThunk	System.Int32 System.Reflection.Emit.MethodToken::GetHashCode()	mscorlib
MethodToken_get_Token_m966062910_AdjustorThunk	System.Int32 System.Reflection.Emit.MethodToken::get_Token()	mscorlib
ModuleBuilder__cctor_m2163728271	System.Void System.Reflection.Emit.ModuleBuilder::.cctor()	mscorlib
ModuleBuilder_get_next_table_index_m1158040331	System.Int32 System.Reflection.Emit.ModuleBuilder::get_next_table_index(System.Object,System.Int32,System.Boolean)	mscorlib
ModuleBuilder_GetTypes_m158355402	System.Type[] System.Reflection.Emit.ModuleBuilder::GetTypes()	mscorlib
ModuleBuilder_getToken_m4290400349	System.Int32 System.Reflection.Emit.ModuleBuilder::getToken(System.Reflection.Emit.ModuleBuilder,System.Object)	mscorlib
ModuleBuilder_GetToken_m4274310417	System.Int32 System.Reflection.Emit.ModuleBuilder::GetToken(System.Reflection.MemberInfo)	mscorlib
ModuleBuilder_RegisterToken_m4166846047	System.Void System.Reflection.Emit.ModuleBuilder::RegisterToken(System.Object,System.Int32)	mscorlib
ModuleBuilder_GetTokenGenerator_m4177350090	System.Reflection.Emit.TokenGenerator System.Reflection.Emit.ModuleBuilder::GetTokenGenerator()	mscorlib
ModuleBuilderTokenGenerator__ctor_m2360787210	System.Void System.Reflection.Emit.ModuleBuilderTokenGenerator::.ctor(System.Reflection.Emit.ModuleBuilder)	mscorlib
ModuleBuilderTokenGenerator_GetToken_m2588853565	System.Int32 System.Reflection.Emit.ModuleBuilderTokenGenerator::GetToken(System.Reflection.MemberInfo)	mscorlib
OpCode__ctor_m2823239373_AdjustorThunk	System.Void System.Reflection.Emit.OpCode::.ctor(System.Int32,System.Int32)	mscorlib
OpCode_GetHashCode_m1374201362_AdjustorThunk	System.Int32 System.Reflection.Emit.OpCode::GetHashCode()	mscorlib
OpCode_Equals_m1376200488_AdjustorThunk	System.Boolean System.Reflection.Emit.OpCode::Equals(System.Object)	mscorlib
OpCode_ToString_m4248967054_AdjustorThunk	System.String System.Reflection.Emit.OpCode::ToString()	mscorlib
OpCode_get_Name_m149707431_AdjustorThunk	System.String System.Reflection.Emit.OpCode::get_Name()	mscorlib
OpCode_get_Size_m3461506715_AdjustorThunk	System.Int32 System.Reflection.Emit.OpCode::get_Size()	mscorlib
OpCode_get_StackBehaviourPop_m4250794726_AdjustorThunk	System.Reflection.Emit.StackBehaviour System.Reflection.Emit.OpCode::get_StackBehaviourPop()	mscorlib
OpCode_get_StackBehaviourPush_m986094870_AdjustorThunk	System.Reflection.Emit.StackBehaviour System.Reflection.Emit.OpCode::get_StackBehaviourPush()	mscorlib
OpCodeNames__cctor_m4023020620	System.Void System.Reflection.Emit.OpCodeNames::.cctor()	mscorlib
OpCodes__cctor_m3821715395	System.Void System.Reflection.Emit.OpCodes::.cctor()	mscorlib
ParameterBuilder_get_Attributes_m2132969861	System.Int32 System.Reflection.Emit.ParameterBuilder::get_Attributes()	mscorlib
ParameterBuilder_get_Name_m4047684794	System.String System.Reflection.Emit.ParameterBuilder::get_Name()	mscorlib
ParameterBuilder_get_Position_m3885059176	System.Int32 System.Reflection.Emit.ParameterBuilder::get_Position()	mscorlib
PropertyBuilder_get_Attributes_m466033853	System.Reflection.PropertyAttributes System.Reflection.Emit.PropertyBuilder::get_Attributes()	mscorlib
PropertyBuilder_get_CanRead_m3783190070	System.Boolean System.Reflection.Emit.PropertyBuilder::get_CanRead()	mscorlib
PropertyBuilder_get_CanWrite_m2657562188	System.Boolean System.Reflection.Emit.PropertyBuilder::get_CanWrite()	mscorlib
PropertyBuilder_get_DeclaringType_m1411910527	System.Type System.Reflection.Emit.PropertyBuilder::get_DeclaringType()	mscorlib
PropertyBuilder_get_Name_m117186655	System.String System.Reflection.Emit.PropertyBuilder::get_Name()	mscorlib
PropertyBuilder_get_PropertyType_m682373713	System.Type System.Reflection.Emit.PropertyBuilder::get_PropertyType()	mscorlib
PropertyBuilder_get_ReflectedType_m1888835465	System.Type System.Reflection.Emit.PropertyBuilder::get_ReflectedType()	mscorlib
PropertyBuilder_GetAccessors_m3962192052	System.Reflection.MethodInfo[] System.Reflection.Emit.PropertyBuilder::GetAccessors(System.Boolean)	mscorlib
PropertyBuilder_GetCustomAttributes_m3798356764	System.Object[] System.Reflection.Emit.PropertyBuilder::GetCustomAttributes(System.Boolean)	mscorlib
PropertyBuilder_GetCustomAttributes_m2917594003	System.Object[] System.Reflection.Emit.PropertyBuilder::GetCustomAttributes(System.Type,System.Boolean)	mscorlib
PropertyBuilder_GetGetMethod_m1844574876	System.Reflection.MethodInfo System.Reflection.Emit.PropertyBuilder::GetGetMethod(System.Boolean)	mscorlib
PropertyBuilder_GetIndexParameters_m2501163646	System.Reflection.ParameterInfo[] System.Reflection.Emit.PropertyBuilder::GetIndexParameters()	mscorlib
PropertyBuilder_GetSetMethod_m128670376	System.Reflection.MethodInfo System.Reflection.Emit.PropertyBuilder::GetSetMethod(System.Boolean)	mscorlib
PropertyBuilder_GetValue_m1722444490	System.Object System.Reflection.Emit.PropertyBuilder::GetValue(System.Object,System.Object[])	mscorlib
PropertyBuilder_GetValue_m3592513194	System.Object System.Reflection.Emit.PropertyBuilder::GetValue(System.Object,System.Reflection.BindingFlags,System.Reflection.Binder,System.Object[],System.Globalization.CultureInfo)	mscorlib
PropertyBuilder_IsDefined_m406627924	System.Boolean System.Reflection.Emit.PropertyBuilder::IsDefined(System.Type,System.Boolean)	mscorlib
PropertyBuilder_SetValue_m3164486317	System.Void System.Reflection.Emit.PropertyBuilder::SetValue(System.Object,System.Object,System.Object[])	mscorlib
PropertyBuilder_SetValue_m830166741	System.Void System.Reflection.Emit.PropertyBuilder::SetValue(System.Object,System.Object,System.Reflection.BindingFlags,System.Reflection.Binder,System.Object[],System.Globalization.CultureInfo)	mscorlib
PropertyBuilder_get_Module_m4024354932	System.Reflection.Module System.Reflection.Emit.PropertyBuilder::get_Module()	mscorlib
PropertyBuilder_not_supported_m1290265515	System.Exception System.Reflection.Emit.PropertyBuilder::not_supported()	mscorlib
TypeBuilder_GetAttributeFlagsImpl_m2729077290	System.Reflection.TypeAttributes System.Reflection.Emit.TypeBuilder::GetAttributeFlagsImpl()	mscorlib
TypeBuilder_setup_internal_class_m4067683076	System.Void System.Reflection.Emit.TypeBuilder::setup_internal_class(System.Reflection.Emit.TypeBuilder)	mscorlib
TypeBuilder_create_generic_class_m3823884980	System.Void System.Reflection.Emit.TypeBuilder::create_generic_class()	mscorlib
TypeBuilder_get_Assembly_m4071790036	System.Reflection.Assembly System.Reflection.Emit.TypeBuilder::get_Assembly()	mscorlib
TypeBuilder_get_AssemblyQualifiedName_m4059714567	System.String System.Reflection.Emit.TypeBuilder::get_AssemblyQualifiedName()	mscorlib
TypeBuilder_get_BaseType_m3571781126	System.Type System.Reflection.Emit.TypeBuilder::get_BaseType()	mscorlib
TypeBuilder_get_DeclaringType_m4128305641	System.Type System.Reflection.Emit.TypeBuilder::get_DeclaringType()	mscorlib
TypeBuilder_get_UnderlyingSystemType_m4226811350	System.Type System.Reflection.Emit.TypeBuilder::get_UnderlyingSystemType()	mscorlib
TypeBuilder_get_FullName_m420272554	System.String System.Reflection.Emit.TypeBuilder::get_FullName()	mscorlib
TypeBuilder_get_Module_m4154269895	System.Reflection.Module System.Reflection.Emit.TypeBuilder::get_Module()	mscorlib
TypeBuilder_get_Name_m1525921477	System.String System.Reflection.Emit.TypeBuilder::get_Name()	mscorlib
TypeBuilder_get_Namespace_m4175323609	System.String System.Reflection.Emit.TypeBuilder::get_Namespace()	mscorlib
TypeBuilder_get_ReflectedType_m3266505878	System.Type System.Reflection.Emit.TypeBuilder::get_ReflectedType()	mscorlib
TypeBuilder_GetConstructorImpl_m3925526366	System.Reflection.ConstructorInfo System.Reflection.Emit.TypeBuilder::GetConstructorImpl(System.Reflection.BindingFlags,System.Reflection.Binder,System.Reflection.CallingConventions,System.Type[],System.Reflection.ParameterModifier[])	mscorlib
TypeBuilder_IsDefined_m1289323273	System.Boolean System.Reflection.Emit.TypeBuilder::IsDefined(System.Type,System.Boolean)	mscorlib
TypeBuilder_GetCustomAttributes_m2898560796	System.Object[] System.Reflection.Emit.TypeBuilder::GetCustomAttributes(System.Boolean)	mscorlib
TypeBuilder_GetCustomAttributes_m981725999	System.Object[] System.Reflection.Emit.TypeBuilder::GetCustomAttributes(System.Type,System.Boolean)	mscorlib
TypeBuilder_DefineConstructor_m2989882735	System.Reflection.Emit.ConstructorBuilder System.Reflection.Emit.TypeBuilder::DefineConstructor(System.Reflection.MethodAttributes,System.Reflection.CallingConventions,System.Type[])	mscorlib
TypeBuilder_DefineConstructor_m3514391445	System.Reflection.Emit.ConstructorBuilder System.Reflection.Emit.TypeBuilder::DefineConstructor(System.Reflection.MethodAttributes,System.Reflection.CallingConventions,System.Type[],System.Type[][],System.Type[][])	mscorlib
TypeBuilder_DefineDefaultConstructor_m2168449784	System.Reflection.Emit.ConstructorBuilder System.Reflection.Emit.TypeBuilder::DefineDefaultConstructor(System.Reflection.MethodAttributes)	mscorlib
TypeBuilder_create_runtime_class_m2581270900	System.Type System.Reflection.Emit.TypeBuilder::create_runtime_class(System.Reflection.Emit.TypeBuilder)	mscorlib
TypeBuilder_is_nested_in_m1146519762	System.Boolean System.Reflection.Emit.TypeBuilder::is_nested_in(System.Type)	mscorlib
TypeBuilder_has_ctor_method_m2987175843	System.Boolean System.Reflection.Emit.TypeBuilder::has_ctor_method()	mscorlib
TypeBuilder_CreateType_m3375483507	System.Type System.Reflection.Emit.TypeBuilder::CreateType()	mscorlib
TypeBuilder_GetConstructors_m26844333	System.Reflection.ConstructorInfo[] System.Reflection.Emit.TypeBuilder::GetConstructors(System.Reflection.BindingFlags)	mscorlib
TypeBuilder_GetConstructorsInternal_m3565722264	System.Reflection.ConstructorInfo[] System.Reflection.Emit.TypeBuilder::GetConstructorsInternal(System.Reflection.BindingFlags)	mscorlib
TypeBuilder_GetElementType_m1881206953	System.Type System.Reflection.Emit.TypeBuilder::GetElementType()	mscorlib
TypeBuilder_GetEvent_m2166527753	System.Reflection.EventInfo System.Reflection.Emit.TypeBuilder::GetEvent(System.String,System.Reflection.BindingFlags)	mscorlib
TypeBuilder_GetField_m2932767407	System.Reflection.FieldInfo System.Reflection.Emit.TypeBuilder::GetField(System.String,System.Reflection.BindingFlags)	mscorlib
TypeBuilder_GetFields_m2518194342	System.Reflection.FieldInfo[] System.Reflection.Emit.TypeBuilder::GetFields(System.Reflection.BindingFlags)	mscorlib
TypeBuilder_GetInterfaces_m4067367903	System.Type[] System.Reflection.Emit.TypeBuilder::GetInterfaces()	mscorlib
TypeBuilder_GetMethodsByName_m1441669940	System.Reflection.MethodInfo[] System.Reflection.Emit.TypeBuilder::GetMethodsByName(System.String,System.Reflection.BindingFlags,System.Boolean,System.Type)	mscorlib
TypeBuilder_GetMethods_m455544206	System.Reflection.MethodInfo[] System.Reflection.Emit.TypeBuilder::GetMethods(System.Reflection.BindingFlags)	mscorlib
TypeBuilder_GetMethodImpl_m3583143647	System.Reflection.MethodInfo System.Reflection.Emit.TypeBuilder::GetMethodImpl(System.String,System.Reflection.BindingFlags,System.Reflection.Binder,System.Reflection.CallingConventions,System.Type[],System.Reflection.ParameterModifier[])	mscorlib
TypeBuilder_GetPropertyImpl_m3104345782	System.Reflection.PropertyInfo System.Reflection.Emit.TypeBuilder::GetPropertyImpl(System.String,System.Reflection.BindingFlags,System.Reflection.Binder,System.Type,System.Type[],System.Reflection.ParameterModifier[])	mscorlib
TypeBuilder_HasElementTypeImpl_m1871001960	System.Boolean System.Reflection.Emit.TypeBuilder::HasElementTypeImpl()	mscorlib
TypeBuilder_InvokeMember_m713975721	System.Object System.Reflection.Emit.TypeBuilder::InvokeMember(System.String,System.Reflection.BindingFlags,System.Reflection.Binder,System.Object,System.Object[],System.Reflection.ParameterModifier[],System.Globalization.CultureInfo,System.String[])	mscorlib
TypeBuilder_IsArrayImpl_m2884820883	System.Boolean System.Reflection.Emit.TypeBuilder::IsArrayImpl()	mscorlib
TypeBuilder_IsByRefImpl_m3775334677	System.Boolean System.Reflection.Emit.TypeBuilder::IsByRefImpl()	mscorlib
TypeBuilder_IsPointerImpl_m2837168342	System.Boolean System.Reflection.Emit.TypeBuilder::IsPointerImpl()	mscorlib
TypeBuilder_IsPrimitiveImpl_m1753586266	System.Boolean System.Reflection.Emit.TypeBuilder::IsPrimitiveImpl()	mscorlib
TypeBuilder_IsValueTypeImpl_m3935440087	System.Boolean System.Reflection.Emit.TypeBuilder::IsValueTypeImpl()	mscorlib
TypeBuilder_MakeByRefType_m3332797276	System.Type System.Reflection.Emit.TypeBuilder::MakeByRefType()	mscorlib
TypeBuilder_MakeGenericType_m2799607032	System.Type System.Reflection.Emit.TypeBuilder::MakeGenericType(System.Type[])	mscorlib
TypeBuilder_get_TypeHandle_m3498565307	System.RuntimeTypeHandle System.Reflection.Emit.TypeBuilder::get_TypeHandle()	mscorlib
TypeBuilder_SetParent_m4101148229	System.Void System.Reflection.Emit.TypeBuilder::SetParent(System.Type)	mscorlib
TypeBuilder_get_next_table_index_m789974556	System.Int32 System.Reflection.Emit.TypeBuilder::get_next_table_index(System.Object,System.Int32,System.Boolean)	mscorlib
TypeBuilder_get_IsCompilerContext_m4056143290	System.Boolean System.Reflection.Emit.TypeBuilder::get_IsCompilerContext()	mscorlib
TypeBuilder_get_is_created_m1192848807	System.Boolean System.Reflection.Emit.TypeBuilder::get_is_created()	mscorlib
TypeBuilder_not_supported_m1239084737	System.Exception System.Reflection.Emit.TypeBuilder::not_supported()	mscorlib
TypeBuilder_check_not_created_m3652863637	System.Void System.Reflection.Emit.TypeBuilder::check_not_created()	mscorlib
TypeBuilder_check_created_m3513163610	System.Void System.Reflection.Emit.TypeBuilder::check_created()	mscorlib
TypeBuilder_ToString_m3497908325	System.String System.Reflection.Emit.TypeBuilder::ToString()	mscorlib
TypeBuilder_IsAssignableFrom_m3127348202	System.Boolean System.Reflection.Emit.TypeBuilder::IsAssignableFrom(System.Type)	mscorlib
TypeBuilder_IsSubclassOf_m3458909121	System.Boolean System.Reflection.Emit.TypeBuilder::IsSubclassOf(System.Type)	mscorlib
TypeBuilder_IsAssignableTo_m547961029	System.Boolean System.Reflection.Emit.TypeBuilder::IsAssignableTo(System.Type)	mscorlib
TypeBuilder_GetGenericArguments_m2872156836	System.Type[] System.Reflection.Emit.TypeBuilder::GetGenericArguments()	mscorlib
TypeBuilder_GetGenericTypeDefinition_m1632720438	System.Type System.Reflection.Emit.TypeBuilder::GetGenericTypeDefinition()	mscorlib
TypeBuilder_get_ContainsGenericParameters_m1769080325	System.Boolean System.Reflection.Emit.TypeBuilder::get_ContainsGenericParameters()	mscorlib
TypeBuilder_get_IsGenericParameter_m1751799710	System.Boolean System.Reflection.Emit.TypeBuilder::get_IsGenericParameter()	mscorlib
TypeBuilder_get_IsGenericTypeDefinition_m1477212742	System.Boolean System.Reflection.Emit.TypeBuilder::get_IsGenericTypeDefinition()	mscorlib
TypeBuilder_get_IsGenericType_m2295780578	System.Boolean System.Reflection.Emit.TypeBuilder::get_IsGenericType()	mscorlib
UnmanagedMarshal_ToMarshalAsAttribute_m3182194847	System.Runtime.InteropServices.MarshalAsAttribute System.Reflection.Emit.UnmanagedMarshal::ToMarshalAsAttribute()	mscorlib
EventInfo__ctor_m3033129999	System.Void System.Reflection.EventInfo::.ctor()	mscorlib
EventInfo_get_EventHandlerType_m420690865	System.Type System.Reflection.EventInfo::get_EventHandlerType()	mscorlib
EventInfo_get_MemberType_m2405145162	System.Reflection.MemberTypes System.Reflection.EventInfo::get_MemberType()	mscorlib
AddEventAdapter__ctor_m2428277574	System.Void System.Reflection.EventInfo/AddEventAdapter::.ctor(System.Object,System.IntPtr)	mscorlib
AddEventAdapter_Invoke_m3665771100	System.Void System.Reflection.EventInfo/AddEventAdapter::Invoke(System.Object,System.Delegate)	mscorlib
AddEventAdapter_BeginInvoke_m913431108	System.IAsyncResult System.Reflection.EventInfo/AddEventAdapter::BeginInvoke(System.Object,System.Delegate,System.AsyncCallback,System.Object)	mscorlib
AddEventAdapter_EndInvoke_m3898366634	System.Void System.Reflection.EventInfo/AddEventAdapter::EndInvoke(System.IAsyncResult)	mscorlib
FieldInfo__ctor_m3305575002	System.Void System.Reflection.FieldInfo::.ctor()	mscorlib
FieldInfo_get_MemberType_m143061680	System.Reflection.MemberTypes System.Reflection.FieldInfo::get_MemberType()	mscorlib
FieldInfo_get_IsLiteral_m534699794	System.Boolean System.Reflection.FieldInfo::get_IsLiteral()	mscorlib
FieldInfo_get_IsStatic_m3482711189	System.Boolean System.Reflection.FieldInfo::get_IsStatic()	mscorlib
FieldInfo_get_IsNotSerialized_m2684033086	System.Boolean System.Reflection.FieldInfo::get_IsNotSerialized()	mscorlib
FieldInfo_SetValue_m2460171138	System.Void System.Reflection.FieldInfo::SetValue(System.Object,System.Object)	mscorlib
FieldInfo_GetFieldOffset_m1356898082	System.Int32 System.Reflection.FieldInfo::GetFieldOffset()	mscorlib
FieldInfo_GetUnmanagedMarshal_m1813368915	System.Reflection.Emit.UnmanagedMarshal System.Reflection.FieldInfo::GetUnmanagedMarshal()	mscorlib
FieldInfo_get_UMarshal_m1217454798	System.Reflection.Emit.UnmanagedMarshal System.Reflection.FieldInfo::get_UMarshal()	mscorlib
FieldInfo_GetPseudoCustomAttributes_m3351706050	System.Object[] System.Reflection.FieldInfo::GetPseudoCustomAttributes()	mscorlib
MemberFilter__ctor_m1555764023	System.Void System.Reflection.MemberFilter::.ctor(System.Object,System.IntPtr)	mscorlib
MemberFilter_Invoke_m2890658112	System.Boolean System.Reflection.MemberFilter::Invoke(System.Reflection.MemberInfo,System.Object)	mscorlib
MemberFilter_BeginInvoke_m3549240552	System.IAsyncResult System.Reflection.MemberFilter::BeginInvoke(System.Reflection.MemberInfo,System.Object,System.AsyncCallback,System.Object)	mscorlib
MemberFilter_EndInvoke_m3130107476	System.Boolean System.Reflection.MemberFilter::EndInvoke(System.IAsyncResult)	mscorlib
MemberInfo__ctor_m3258770133	System.Void System.Reflection.MemberInfo::.ctor()	mscorlib
MemberInfo_get_Module_m4119009657	System.Reflection.Module System.Reflection.MemberInfo::get_Module()	mscorlib
MemberInfoSerializationHolder__ctor_m709149403	System.Void System.Reflection.MemberInfoSerializationHolder::.ctor(System.Runtime.Serialization.SerializationInfo,System.Runtime.Serialization.StreamingContext)	mscorlib
MemberInfoSerializationHolder_Serialize_m2002453739	System.Void System.Reflection.MemberInfoSerializationHolder::Serialize(System.Runtime.Serialization.SerializationInfo,System.String,System.Type,System.String,System.Reflection.MemberTypes)	mscorlib
MemberInfoSerializationHolder_Serialize_m2491586031	System.Void System.Reflection.MemberInfoSerializationHolder::Serialize(System.Runtime.Serialization.SerializationInfo,System.String,System.Type,System.String,System.Reflection.MemberTypes,System.Type[])	mscorlib
MemberInfoSerializationHolder_GetRealObject_m3590242972	System.Object System.Reflection.MemberInfoSerializationHolder::GetRealObject(System.Runtime.Serialization.StreamingContext)	mscorlib
MethodBase__ctor_m1907868998	System.Void System.Reflection.MethodBase::.ctor()	mscorlib
MethodBase_GetMethodFromHandleNoGenericCheck_m1262206995	System.Reflection.MethodBase System.Reflection.MethodBase::GetMethodFromHandleNoGenericCheck(System.RuntimeMethodHandle)	mscorlib
MethodBase_GetMethodFromIntPtr_m3014201362	System.Reflection.MethodBase System.Reflection.MethodBase::GetMethodFromIntPtr(System.IntPtr,System.IntPtr)	mscorlib
MethodBase_GetMethodFromHandleInternalType_m2695073734	System.Reflection.MethodBase System.Reflection.MethodBase::GetMethodFromHandleInternalType(System.IntPtr,System.IntPtr)	mscorlib
MethodBase_GetParameterCount_m2917849922	System.Int32 System.Reflection.MethodBase::GetParameterCount()	mscorlib
MethodBase_Invoke_m1776411915	System.Object System.Reflection.MethodBase::Invoke(System.Object,System.Object[])	mscorlib
MethodBase_get_CallingConvention_m2371784139	System.Reflection.CallingConventions System.Reflection.MethodBase::get_CallingConvention()	mscorlib
MethodBase_get_IsPublic_m2180846589	System.Boolean System.Reflection.MethodBase::get_IsPublic()	mscorlib
MethodBase_get_IsStatic_m2399864271	System.Boolean System.Reflection.MethodBase::get_IsStatic()	mscorlib
MethodBase_get_IsVirtual_m2008546636	System.Boolean System.Reflection.MethodBase::get_IsVirtual()	mscorlib
MethodBase_get_IsAbstract_m428833029	System.Boolean System.Reflection.MethodBase::get_IsAbstract()	mscorlib
MethodBase_get_next_table_index_m3259310018	System.Int32 System.Reflection.MethodBase::get_next_table_index(System.Object,System.Int32,System.Boolean)	mscorlib
MethodBase_GetGenericArguments_m1292856952	System.Type[] System.Reflection.MethodBase::GetGenericArguments()	mscorlib
MethodBase_get_ContainsGenericParameters_m2144492325	System.Boolean System.Reflection.MethodBase::get_ContainsGenericParameters()	mscorlib
MethodBase_get_IsGenericMethodDefinition_m3619640237	System.Boolean System.Reflection.MethodBase::get_IsGenericMethodDefinition()	mscorlib
MethodBase_get_IsGenericMethod_m3017096435	System.Boolean System.Reflection.MethodBase::get_IsGenericMethod()	mscorlib
MethodInfo__ctor_m2805780217	System.Void System.Reflection.MethodInfo::.ctor()	mscorlib
MethodInfo_get_MemberType_m3442377339	System.Reflection.MemberTypes System.Reflection.MethodInfo::get_MemberType()	mscorlib
MethodInfo_get_ReturnType_m3163894070	System.Type System.Reflection.MethodInfo::get_ReturnType()	mscorlib
MethodInfo_MakeGenericMethod_m1996785325	System.Reflection.MethodInfo System.Reflection.MethodInfo::MakeGenericMethod(System.Type[])	mscorlib
MethodInfo_GetGenericArguments_m98948877	System.Type[] System.Reflection.MethodInfo::GetGenericArguments()	mscorlib
MethodInfo_get_IsGenericMethod_m1711950591	System.Boolean System.Reflection.MethodInfo::get_IsGenericMethod()	mscorlib
MethodInfo_get_IsGenericMethodDefinition_m3304621588	System.Boolean System.Reflection.MethodInfo::get_IsGenericMethodDefinition()	mscorlib
MethodInfo_get_ContainsGenericParameters_m3008250450	System.Boolean System.Reflection.MethodInfo::get_ContainsGenericParameters()	mscorlib
Missing__ctor_m1587294558	System.Void System.Reflection.Missing::.ctor()	mscorlib
Missing__cctor_m1154503959	System.Void System.Reflection.Missing::.cctor()	mscorlib
Module__ctor_m2380079016	System.Void System.Reflection.Module::.ctor()	mscorlib
Module__cctor_m3457500417	System.Void System.Reflection.Module::.cctor()	mscorlib
Module_get_Assembly_m2485063752	System.Reflection.Assembly System.Reflection.Module::get_Assembly()	mscorlib
Module_GetCustomAttributes_m76573271	System.Object[] System.Reflection.Module::GetCustomAttributes(System.Type,System.Boolean)	mscorlib
Module_InternalGetTypes_m4031912254	System.Type[] System.Reflection.Module::InternalGetTypes()	mscorlib
Module_GetTypes_m3756259854	System.Type[] System.Reflection.Module::GetTypes()	mscorlib
Module_IsDefined_m2423524910	System.Boolean System.Reflection.Module::IsDefined(System.Type,System.Boolean)	mscorlib
Module_ToString_m2471617896	System.String System.Reflection.Module::ToString()	mscorlib
Module_filter_by_type_name_m1840126910	System.Boolean System.Reflection.Module::filter_by_type_name(System.Type,System.Object)	mscorlib
Module_filter_by_type_name_ignore_case_m711265203	System.Boolean System.Reflection.Module::filter_by_type_name_ignore_case(System.Type,System.Object)	mscorlib
MonoCMethod__ctor_m1867900682	System.Void System.Reflection.MonoCMethod::.ctor()	mscorlib
MonoCMethod_GetParameters_m3596508252	System.Reflection.ParameterInfo[] System.Reflection.MonoCMethod::GetParameters()	mscorlib
MonoCMethod_InternalInvoke_m131287437	System.Object System.Reflection.MonoCMethod::InternalInvoke(System.Object,System.Object[],System.Exception&)	mscorlib
MonoCMethod_Invoke_m1340636245	System.Object System.Reflection.MonoCMethod::Invoke(System.Object,System.Reflection.BindingFlags,System.Reflection.Binder,System.Object[],System.Globalization.CultureInfo)	mscorlib
MonoCMethod_Invoke_m2700167622	System.Object System.Reflection.MonoCMethod::Invoke(System.Reflection.BindingFlags,System.Reflection.Binder,System.Object[],System.Globalization.CultureInfo)	mscorlib
MonoCMethod_get_MethodHandle_m3757890674	System.RuntimeMethodHandle System.Reflection.MonoCMethod::get_MethodHandle()	mscorlib
MonoCMethod_get_Attributes_m757768605	System.Reflection.MethodAttributes System.Reflection.MonoCMethod::get_Attributes()	mscorlib
MonoCMethod_get_CallingConvention_m1104433355	System.Reflection.CallingConventions System.Reflection.MonoCMethod::get_CallingConvention()	mscorlib
MonoCMethod_get_ReflectedType_m3914411905	System.Type System.Reflection.MonoCMethod::get_ReflectedType()	mscorlib
MonoCMethod_get_DeclaringType_m3406114400	System.Type System.Reflection.MonoCMethod::get_DeclaringType()	mscorlib
MonoCMethod_get_Name_m3090866252	System.String System.Reflection.MonoCMethod::get_Name()	mscorlib
MonoCMethod_IsDefined_m3900688634	System.Boolean System.Reflection.MonoCMethod::IsDefined(System.Type,System.Boolean)	mscorlib
MonoCMethod_GetCustomAttributes_m3823059477	System.Object[] System.Reflection.MonoCMethod::GetCustomAttributes(System.Boolean)	mscorlib
MonoCMethod_GetCustomAttributes_m3068196335	System.Object[] System.Reflection.MonoCMethod::GetCustomAttributes(System.Type,System.Boolean)	mscorlib
MonoCMethod_ToString_m3992577062	System.String System.Reflection.MonoCMethod::ToString()	mscorlib
MonoEvent__ctor_m1690536578	System.Void System.Reflection.MonoEvent::.ctor()	mscorlib
MonoEvent_get_Attributes_m3048829315	System.Reflection.EventAttributes System.Reflection.MonoEvent::get_Attributes()	mscorlib
MonoEvent_GetAddMethod_m210217252	System.Reflection.MethodInfo System.Reflection.MonoEvent::GetAddMethod(System.Boolean)	mscorlib
MonoEvent_get_DeclaringType_m862221512	System.Type System.Reflection.MonoEvent::get_DeclaringType()	mscorlib
MonoEvent_get_ReflectedType_m3664183825	System.Type System.Reflection.MonoEvent::get_ReflectedType()	mscorlib
MonoEvent_get_Name_m3774595291	System.String System.Reflection.MonoEvent::get_Name()	mscorlib
MonoEvent_ToString_m2145104522	System.String System.Reflection.MonoEvent::ToString()	mscorlib
MonoEvent_IsDefined_m10931749	System.Boolean System.Reflection.MonoEvent::IsDefined(System.Type,System.Boolean)	mscorlib
MonoEvent_GetCustomAttributes_m1729688056	System.Object[] System.Reflection.MonoEvent::GetCustomAttributes(System.Boolean)	mscorlib
MonoEvent_GetCustomAttributes_m2369459044	System.Object[] System.Reflection.MonoEvent::GetCustomAttributes(System.Type,System.Boolean)	mscorlib
MonoEventInfo_get_event_info_m583997560	System.Void System.Reflection.MonoEventInfo::get_event_info(System.Reflection.MonoEvent,System.Reflection.MonoEventInfo&)	mscorlib
MonoEventInfo_GetEventInfo_m873645389	System.Reflection.MonoEventInfo System.Reflection.MonoEventInfo::GetEventInfo(System.Reflection.MonoEvent)	mscorlib
MonoField__ctor_m5376011	System.Void System.Reflection.MonoField::.ctor()	mscorlib
MonoField_get_Attributes_m1814015643	System.Reflection.FieldAttributes System.Reflection.MonoField::get_Attributes()	mscorlib
MonoField_get_FieldHandle_m3729647377	System.RuntimeFieldHandle System.Reflection.MonoField::get_FieldHandle()	mscorlib
MonoField_get_FieldType_m1670137202	System.Type System.Reflection.MonoField::get_FieldType()	mscorlib
MonoField_GetParentType_m2478933781	System.Type System.Reflection.MonoField::GetParentType(System.Boolean)	mscorlib
MonoField_get_ReflectedType_m471710812	System.Type System.Reflection.MonoField::get_ReflectedType()	mscorlib
MonoField_get_DeclaringType_m2066594735	System.Type System.Reflection.MonoField::get_DeclaringType()	mscorlib
MonoField_get_Name_m2861402224	System.String System.Reflection.MonoField::get_Name()	mscorlib
MonoField_IsDefined_m2274038045	System.Boolean System.Reflection.MonoField::IsDefined(System.Type,System.Boolean)	mscorlib
MonoField_GetCustomAttributes_m2142838032	System.Object[] System.Reflection.MonoField::GetCustomAttributes(System.Boolean)	mscorlib
MonoField_GetCustomAttributes_m3687140927	System.Object[] System.Reflection.MonoField::GetCustomAttributes(System.Type,System.Boolean)	mscorlib
MonoField_GetFieldOffset_m3808764875	System.Int32 System.Reflection.MonoField::GetFieldOffset()	mscorlib
MonoField_GetValueInternal_m532651562	System.Object System.Reflection.MonoField::GetValueInternal(System.Object)	mscorlib
MonoField_GetValue_m3124733531	System.Object System.Reflection.MonoField::GetValue(System.Object)	mscorlib
MonoField_ToString_m2518484388	System.String System.Reflection.MonoField::ToString()	mscorlib
MonoField_SetValueInternal_m2352116743	System.Void System.Reflection.MonoField::SetValueInternal(System.Reflection.FieldInfo,System.Object,System.Object)	mscorlib
MonoField_SetValue_m2338106905	System.Void System.Reflection.MonoField::SetValue(System.Object,System.Object,System.Reflection.BindingFlags,System.Reflection.Binder,System.Globalization.CultureInfo)	mscorlib
MonoField_CheckGeneric_m453069507	System.Void System.Reflection.MonoField::CheckGeneric()	mscorlib
MonoGenericCMethod__ctor_m1374831274	System.Void System.Reflection.MonoGenericCMethod::.ctor()	mscorlib
MonoGenericCMethod_get_ReflectedType_m1440479536	System.Type System.Reflection.MonoGenericCMethod::get_ReflectedType()	mscorlib
MonoGenericMethod__ctor_m2795356912	System.Void System.Reflection.MonoGenericMethod::.ctor()	mscorlib
MonoGenericMethod_get_ReflectedType_m3748461472	System.Type System.Reflection.MonoGenericMethod::get_ReflectedType()	mscorlib
MonoMethod__ctor_m2104049215	System.Void System.Reflection.MonoMethod::.ctor()	mscorlib
MonoMethod_get_name_m2690633670	System.String System.Reflection.MonoMethod::get_name(System.Reflection.MethodBase)	mscorlib
MonoMethod_get_base_definition_m282872694	System.Reflection.MonoMethod System.Reflection.MonoMethod::get_base_definition(System.Reflection.MonoMethod)	mscorlib
MonoMethod_GetBaseDefinition_m2844667474	System.Reflection.MethodInfo System.Reflection.MonoMethod::GetBaseDefinition()	mscorlib
MonoMethod_get_ReturnType_m3656785830	System.Type System.Reflection.MonoMethod::get_ReturnType()	mscorlib
MonoMethod_GetParameters_m2077150731	System.Reflection.ParameterInfo[] System.Reflection.MonoMethod::GetParameters()	mscorlib
MonoMethod_InternalInvoke_m1266143136	System.Object System.Reflection.MonoMethod::InternalInvoke(System.Object,System.Object[],System.Exception&)	mscorlib
MonoMethod_Invoke_m2898011027	System.Object System.Reflection.MonoMethod::Invoke(System.Object,System.Reflection.BindingFlags,System.Reflection.Binder,System.Object[],System.Globalization.CultureInfo)	mscorlib
MonoMethod_get_MethodHandle_m4198555269	System.RuntimeMethodHandle System.Reflection.MonoMethod::get_MethodHandle()	mscorlib
MonoMethod_get_Attributes_m1519794451	System.Reflection.MethodAttributes System.Reflection.MonoMethod::get_Attributes()	mscorlib
MonoMethod_get_CallingConvention_m4088809856	System.Reflection.CallingConventions System.Reflection.MonoMethod::get_CallingConvention()	mscorlib
MonoMethod_get_ReflectedType_m18334703	System.Type System.Reflection.MonoMethod::get_ReflectedType()	mscorlib
MonoMethod_get_DeclaringType_m3539501442	System.Type System.Reflection.MonoMethod::get_DeclaringType()	mscorlib
MonoMethod_get_Name_m3372146751	System.String System.Reflection.MonoMethod::get_Name()	mscorlib
MonoMethod_IsDefined_m2906130478	System.Boolean System.Reflection.MonoMethod::IsDefined(System.Type,System.Boolean)	mscorlib
MonoMethod_GetCustomAttributes_m3677182122	System.Object[] System.Reflection.MonoMethod::GetCustomAttributes(System.Boolean)	mscorlib
MonoMethod_GetCustomAttributes_m4130180212	System.Object[] System.Reflection.MonoMethod::GetCustomAttributes(System.Type,System.Boolean)	mscorlib
MonoMethod_GetDllImportAttribute_m853324018	System.Runtime.InteropServices.DllImportAttribute System.Reflection.MonoMethod::GetDllImportAttribute(System.IntPtr)	mscorlib
MonoMethod_GetPseudoCustomAttributes_m3959384572	System.Object[] System.Reflection.MonoMethod::GetPseudoCustomAttributes()	mscorlib
MonoMethod_ShouldPrintFullName_m1607666412	System.Boolean System.Reflection.MonoMethod::ShouldPrintFullName(System.Type)	mscorlib
MonoMethod_ToString_m3550677523	System.String System.Reflection.MonoMethod::ToString()	mscorlib
MonoMethod_MakeGenericMethod_m1386790968	System.Reflection.MethodInfo System.Reflection.MonoMethod::MakeGenericMethod(System.Type[])	mscorlib
MonoMethod_MakeGenericMethod_impl_m1719465708	System.Reflection.MethodInfo System.Reflection.MonoMethod::MakeGenericMethod_impl(System.Type[])	mscorlib
MonoMethod_GetGenericArguments_m4278548385	System.Type[] System.Reflection.MonoMethod::GetGenericArguments()	mscorlib
MonoMethod_get_IsGenericMethodDefinition_m3024870835	System.Boolean System.Reflection.MonoMethod::get_IsGenericMethodDefinition()	mscorlib
MonoMethod_get_IsGenericMethod_m1665512545	System.Boolean System.Reflection.MonoMethod::get_IsGenericMethod()	mscorlib
MonoMethod_get_ContainsGenericParameters_m3860345224	System.Boolean System.Reflection.MonoMethod::get_ContainsGenericParameters()	mscorlib
MonoMethodInfo_get_method_info_m88651774	System.Void System.Reflection.MonoMethodInfo::get_method_info(System.IntPtr,System.Reflection.MonoMethodInfo&)	mscorlib
MonoMethodInfo_GetMethodInfo_m2481349296	System.Reflection.MonoMethodInfo System.Reflection.MonoMethodInfo::GetMethodInfo(System.IntPtr)	mscorlib
MonoMethodInfo_GetDeclaringType_m2924452727	System.Type System.Reflection.MonoMethodInfo::GetDeclaringType(System.IntPtr)	mscorlib
MonoMethodInfo_GetReturnType_m914391169	System.Type System.Reflection.MonoMethodInfo::GetReturnType(System.IntPtr)	mscorlib
MonoMethodInfo_GetAttributes_m2458894713	System.Reflection.MethodAttributes System.Reflection.MonoMethodInfo::GetAttributes(System.IntPtr)	mscorlib
MonoMethodInfo_GetCallingConvention_m3156036493	System.Reflection.CallingConventions System.Reflection.MonoMethodInfo::GetCallingConvention(System.IntPtr)	mscorlib
MonoMethodInfo_get_parameter_info_m1729015241	System.Reflection.ParameterInfo[] System.Reflection.MonoMethodInfo::get_parameter_info(System.IntPtr,System.Reflection.MemberInfo)	mscorlib
MonoMethodInfo_GetParametersInfo_m2209427166	System.Reflection.ParameterInfo[] System.Reflection.MonoMethodInfo::GetParametersInfo(System.IntPtr,System.Reflection.MemberInfo)	mscorlib
MonoProperty__ctor_m588439900	System.Void System.Reflection.MonoProperty::.ctor()	mscorlib
MonoProperty_CachePropertyInfo_m2968057423	System.Void System.Reflection.MonoProperty::CachePropertyInfo(System.Reflection.PInfo)	mscorlib
MonoProperty_get_Attributes_m1632795078	System.Reflection.PropertyAttributes System.Reflection.MonoProperty::get_Attributes()	mscorlib
MonoProperty_get_CanRead_m2001748608	System.Boolean System.Reflection.MonoProperty::get_CanRead()	mscorlib
MonoProperty_get_CanWrite_m3409349928	System.Boolean System.Reflection.MonoProperty::get_CanWrite()	mscorlib
MonoProperty_get_PropertyType_m4138957578	System.Type System.Reflection.MonoProperty::get_PropertyType()	mscorlib
MonoProperty_get_ReflectedType_m4009479510	System.Type System.Reflection.MonoProperty::get_ReflectedType()	mscorlib
MonoProperty_get_DeclaringType_m966464220	System.Type System.Reflection.MonoProperty::get_DeclaringType()	mscorlib
MonoProperty_get_Name_m3049728465	System.String System.Reflection.MonoProperty::get_Name()	mscorlib
MonoProperty_GetAccessors_m412928203	System.Reflection.MethodInfo[] System.Reflection.MonoProperty::GetAccessors(System.Boolean)	mscorlib
MonoProperty_GetGetMethod_m2489912362	System.Reflection.MethodInfo System.Reflection.MonoProperty::GetGetMethod(System.Boolean)	mscorlib
MonoProperty_GetIndexParameters_m440199833	System.Reflection.ParameterInfo[] System.Reflection.MonoProperty::GetIndexParameters()	mscorlib
MonoProperty_GetSetMethod_m527596913	System.Reflection.MethodInfo System.Reflection.MonoProperty::GetSetMethod(System.Boolean)	mscorlib
MonoProperty_IsDefined_m2173657168	System.Boolean System.Reflection.MonoProperty::IsDefined(System.Type,System.Boolean)	mscorlib
MonoProperty_GetCustomAttributes_m2723308902	System.Object[] System.Reflection.MonoProperty::GetCustomAttributes(System.Boolean)	mscorlib
MonoProperty_GetCustomAttributes_m3619796755	System.Object[] System.Reflection.MonoProperty::GetCustomAttributes(System.Type,System.Boolean)	mscorlib
MonoProperty_CreateGetterDelegate_m2478402519	System.Reflection.MonoProperty/GetterAdapter System.Reflection.MonoProperty::CreateGetterDelegate(System.Reflection.MethodInfo)	mscorlib
MonoProperty_GetValue_m995140552	System.Object System.Reflection.MonoProperty::GetValue(System.Object,System.Object[])	mscorlib
MonoProperty_GetValue_m2828248678	System.Object System.Reflection.MonoProperty::GetValue(System.Object,System.Reflection.BindingFlags,System.Reflection.Binder,System.Object[],System.Globalization.CultureInfo)	mscorlib
MonoProperty_SetValue_m342801444	System.Void System.Reflection.MonoProperty::SetValue(System.Object,System.Object,System.Reflection.BindingFlags,System.Reflection.Binder,System.Object[],System.Globalization.CultureInfo)	mscorlib
MonoProperty_ToString_m3100929865	System.String System.Reflection.MonoProperty::ToString()	mscorlib
MonoProperty_GetOptionalCustomModifiers_m62958967	System.Type[] System.Reflection.MonoProperty::GetOptionalCustomModifiers()	mscorlib
MonoProperty_GetRequiredCustomModifiers_m306465896	System.Type[] System.Reflection.MonoProperty::GetRequiredCustomModifiers()	mscorlib
MonoProperty_GetObjectData_m4077457866	System.Void System.Reflection.MonoProperty::GetObjectData(System.Runtime.Serialization.SerializationInfo,System.Runtime.Serialization.StreamingContext)	mscorlib
GetterAdapter__ctor_m2389296347	System.Void System.Reflection.MonoProperty/GetterAdapter::.ctor(System.Object,System.IntPtr)	mscorlib
GetterAdapter_Invoke_m3767885970	System.Object System.Reflection.MonoProperty/GetterAdapter::Invoke(System.Object)	mscorlib
GetterAdapter_BeginInvoke_m3429316396	System.IAsyncResult System.Reflection.MonoProperty/GetterAdapter::BeginInvoke(System.Object,System.AsyncCallback,System.Object)	mscorlib
GetterAdapter_EndInvoke_m164602429	System.Object System.Reflection.MonoProperty/GetterAdapter::EndInvoke(System.IAsyncResult)	mscorlib
MonoPropertyInfo_get_property_info_m1599555644	System.Void System.Reflection.MonoPropertyInfo::get_property_info(System.Reflection.MonoProperty,System.Reflection.MonoPropertyInfo&,System.Reflection.PInfo)	mscorlib
MonoPropertyInfo_GetTypeModifiers_m3090493443	System.Type[] System.Reflection.MonoPropertyInfo::GetTypeModifiers(System.Reflection.MonoProperty,System.Boolean)	mscorlib
ParameterInfo__ctor_m2869882516	System.Void System.Reflection.ParameterInfo::.ctor()	mscorlib
ParameterInfo__ctor_m2779026345	System.Void System.Reflection.ParameterInfo::.ctor(System.Reflection.Emit.ParameterBuilder,System.Type,System.Reflection.MemberInfo,System.Int32)	mscorlib
ParameterInfo__ctor_m3269320476	System.Void System.Reflection.ParameterInfo::.ctor(System.Reflection.ParameterInfo,System.Reflection.MemberInfo)	mscorlib
ParameterInfo_ToString_m2002405990	System.String System.Reflection.ParameterInfo::ToString()	mscorlib
ParameterInfo_get_ParameterType_m4197803362	System.Type System.Reflection.ParameterInfo::get_ParameterType()	mscorlib
ParameterInfo_get_Attributes_m1582734594	System.Reflection.ParameterAttributes System.Reflection.ParameterInfo::get_Attributes()	mscorlib
ParameterInfo_get_IsIn_m1278224586	System.Boolean System.Reflection.ParameterInfo::get_IsIn()	mscorlib
ParameterInfo_get_IsOptional_m2957997858	System.Boolean System.Reflection.ParameterInfo::get_IsOptional()	mscorlib
ParameterInfo_get_IsOut_m867677222	System.Boolean System.Reflection.ParameterInfo::get_IsOut()	mscorlib
ParameterInfo_get_IsRetval_m86270398	System.Boolean System.Reflection.ParameterInfo::get_IsRetval()	mscorlib
ParameterInfo_get_Member_m3284376465	System.Reflection.MemberInfo System.Reflection.ParameterInfo::get_Member()	mscorlib
ParameterInfo_get_Name_m3739685559	System.String System.Reflection.ParameterInfo::get_Name()	mscorlib
ParameterInfo_get_Position_m2927189904	System.Int32 System.Reflection.ParameterInfo::get_Position()	mscorlib
ParameterInfo_GetCustomAttributes_m2376494592	System.Object[] System.Reflection.ParameterInfo::GetCustomAttributes(System.Type,System.Boolean)	mscorlib
ParameterInfo_IsDefined_m1890759429	System.Boolean System.Reflection.ParameterInfo::IsDefined(System.Type,System.Boolean)	mscorlib
ParameterInfo_GetPseudoCustomAttributes_m2207478763	System.Object[] System.Reflection.ParameterInfo::GetPseudoCustomAttributes()	mscorlib
Pointer__ctor_m2714841439	System.Void System.Reflection.Pointer::.ctor()	mscorlib
Pointer_Box_m389276611	System.Object System.Reflection.Pointer::Box(System.Void*,System.Type)	mscorlib
PropertyInfo__ctor_m4235916625	System.Void System.Reflection.PropertyInfo::.ctor()	mscorlib
PropertyInfo_get_MemberType_m2794839864	System.Reflection.MemberTypes System.Reflection.PropertyInfo::get_MemberType()	mscorlib
PropertyInfo_GetValue_m403181050	System.Object System.Reflection.PropertyInfo::GetValue(System.Object,System.Object[])	mscorlib
PropertyInfo_SetValue_m2777755129	System.Void System.Reflection.PropertyInfo::SetValue(System.Object,System.Object,System.Object[])	mscorlib
PropertyInfo_GetOptionalCustomModifiers_m2883850568	System.Type[] System.Reflection.PropertyInfo::GetOptionalCustomModifiers()	mscorlib
PropertyInfo_GetRequiredCustomModifiers_m3241367329	System.Type[] System.Reflection.PropertyInfo::GetRequiredCustomModifiers()	mscorlib
StrongNameKeyPair__ctor_m2394160001	System.Void System.Reflection.StrongNameKeyPair::.ctor(System.Runtime.Serialization.SerializationInfo,System.Runtime.Serialization.StreamingContext)	mscorlib
StrongNameKeyPair_System_Runtime_Serialization_IDeserializationCallback_OnDeserialization_m1665239530	System.Void System.Reflection.StrongNameKeyPair::System.Runtime.Serialization.IDeserializationCallback.OnDeserialization(System.Object)	mscorlib
TargetException__ctor_m4172127019	System.Void System.Reflection.TargetException::.ctor()	mscorlib
TargetException__ctor_m1440702323	System.Void System.Reflection.TargetException::.ctor(System.String)	mscorlib
TargetException__ctor_m3701535709	System.Void System.Reflection.TargetException::.ctor(System.Runtime.Serialization.SerializationInfo,System.Runtime.Serialization.StreamingContext)	mscorlib
TargetInvocationException__ctor_m3011316584	System.Void System.Reflection.TargetInvocationException::.ctor(System.Exception)	mscorlib
TargetInvocationException__ctor_m2859292946	System.Void System.Reflection.TargetInvocationException::.ctor(System.Runtime.Serialization.SerializationInfo,System.Runtime.Serialization.StreamingContext)	mscorlib
TargetParameterCountException__ctor_m2135390327	System.Void System.Reflection.TargetParameterCountException::.ctor()	mscorlib
TargetParameterCountException__ctor_m4113674829	System.Void System.Reflection.TargetParameterCountException::.ctor(System.String)	mscorlib
TargetParameterCountException__ctor_m400549751	System.Void System.Reflection.TargetParameterCountException::.ctor(System.Runtime.Serialization.SerializationInfo,System.Runtime.Serialization.StreamingContext)	mscorlib
TypeFilter__ctor_m3644914440	System.Void System.Reflection.TypeFilter::.ctor(System.Object,System.IntPtr)	mscorlib
TypeFilter_Invoke_m3862132457	System.Boolean System.Reflection.TypeFilter::Invoke(System.Type,System.Object)	mscorlib
TypeFilter_BeginInvoke_m1623271879	System.IAsyncResult System.Reflection.TypeFilter::BeginInvoke(System.Type,System.Object,System.AsyncCallback,System.Object)	mscorlib
TypeFilter_EndInvoke_m998903841	System.Boolean System.Reflection.TypeFilter::EndInvoke(System.IAsyncResult)	mscorlib
ResolveEventArgs__ctor_m1455935166	System.Void System.ResolveEventArgs::.ctor(System.String)	mscorlib
ResolveEventHandler__ctor_m1911137231	System.Void System.ResolveEventHandler::.ctor(System.Object,System.IntPtr)	mscorlib
ResolveEventHandler_Invoke_m1337322179	System.Reflection.Assembly System.ResolveEventHandler::Invoke(System.Object,System.ResolveEventArgs)	mscorlib
ResolveEventHandler_BeginInvoke_m762369743	System.IAsyncResult System.ResolveEventHandler::BeginInvoke(System.Object,System.ResolveEventArgs,System.AsyncCallback,System.Object)	mscorlib
ResolveEventHandler_EndInvoke_m1085261130	System.Reflection.Assembly System.ResolveEventHandler::EndInvoke(System.IAsyncResult)	mscorlib
NeutralResourcesLanguageAttribute__ctor_m868478272	System.Void System.Resources.NeutralResourcesLanguageAttribute::.ctor(System.String)	mscorlib
ResourceManager__ctor_m4162875493	System.Void System.Resources.ResourceManager::.ctor()	mscorlib
ResourceManager__cctor_m3647223129	System.Void System.Resources.ResourceManager::.cctor()	mscorlib
ResourceReader__ctor_m204352998	System.Void System.Resources.ResourceReader::.ctor(System.IO.Stream)	mscorlib
ResourceReader__ctor_m3853106506	System.Void System.Resources.ResourceReader::.ctor(System.String)	mscorlib
ResourceReader_System_Collections_IEnumerable_GetEnumerator_m577123352	System.Collections.IEnumerator System.Resources.ResourceReader::System.Collections.IEnumerable.GetEnumerator()	mscorlib
ResourceReader_System_IDisposable_Dispose_m3207991025	System.Void System.Resources.ResourceReader::System.IDisposable.Dispose()	mscorlib
ResourceReader_ReadHeaders_m1190430799	System.Void System.Resources.ResourceReader::ReadHeaders()	mscorlib
ResourceReader_CreateResourceInfo_m1818330740	System.Void System.Resources.ResourceReader::CreateResourceInfo(System.Int64,System.Resources.ResourceReader/ResourceInfo&)	mscorlib
ResourceReader_Read7BitEncodedInt_m3568166465	System.Int32 System.Resources.ResourceReader::Read7BitEncodedInt()	mscorlib
ResourceReader_ReadValueVer2_m2797880867	System.Object System.Resources.ResourceReader::ReadValueVer2(System.Int32)	mscorlib
ResourceReader_ReadValueVer1_m183253382	System.Object System.Resources.ResourceReader::ReadValueVer1(System.Type)	mscorlib
ResourceReader_ReadNonPredefinedValue_m2638853518	System.Object System.Resources.ResourceReader::ReadNonPredefinedValue(System.Type)	mscorlib
ResourceReader_LoadResourceValues_m104914612	System.Void System.Resources.ResourceReader::LoadResourceValues(System.Resources.ResourceReader/ResourceCacheItem[])	mscorlib
ResourceReader_Close_m3765232219	System.Void System.Resources.ResourceReader::Close()	mscorlib
ResourceReader_GetEnumerator_m3404589731	System.Collections.IDictionaryEnumerator System.Resources.ResourceReader::GetEnumerator()	mscorlib
ResourceReader_Dispose_m3597121875	System.Void System.Resources.ResourceReader::Dispose(System.Boolean)	mscorlib
ResourceCacheItem__ctor_m3279356314_AdjustorThunk	System.Void System.Resources.ResourceReader/ResourceCacheItem::.ctor(System.String,System.Object)	mscorlib
ResourceEnumerator__ctor_m3428592283	System.Void System.Resources.ResourceReader/ResourceEnumerator::.ctor(System.Resources.ResourceReader)	mscorlib
ResourceEnumerator_get_Entry_m1508537883	System.Collections.DictionaryEntry System.Resources.ResourceReader/ResourceEnumerator::get_Entry()	mscorlib
ResourceEnumerator_get_Key_m3323042710	System.Object System.Resources.ResourceReader/ResourceEnumerator::get_Key()	mscorlib
ResourceEnumerator_get_Value_m3946340682	System.Object System.Resources.ResourceReader/ResourceEnumerator::get_Value()	mscorlib
ResourceEnumerator_get_Current_m3987005752	System.Object System.Resources.ResourceReader/ResourceEnumerator::get_Current()	mscorlib
ResourceEnumerator_MoveNext_m422576100	System.Boolean System.Resources.ResourceReader/ResourceEnumerator::MoveNext()	mscorlib
ResourceEnumerator_Reset_m3754276504	System.Void System.Resources.ResourceReader/ResourceEnumerator::Reset()	mscorlib
ResourceEnumerator_FillCache_m1661715061	System.Void System.Resources.ResourceReader/ResourceEnumerator::FillCache()	mscorlib
ResourceInfo__ctor_m1985704952_AdjustorThunk	System.Void System.Resources.ResourceReader/ResourceInfo::.ctor(System.String,System.Int64,System.Int32)	mscorlib
ResourceSet__ctor_m3356376607	System.Void System.Resources.ResourceSet::.ctor()	mscorlib
ResourceSet__ctor_m153254307	System.Void System.Resources.ResourceSet::.ctor(System.IO.Stream)	mscorlib
ResourceSet__ctor_m2006909906	System.Void System.Resources.ResourceSet::.ctor(System.IO.UnmanagedMemoryStream)	mscorlib
ResourceSet__ctor_m3618395942	System.Void System.Resources.ResourceSet::.ctor(System.String)	mscorlib
ResourceSet_System_Collections_IEnumerable_GetEnumerator_m2807499934	System.Collections.IEnumerator System.Resources.ResourceSet::System.Collections.IEnumerable.GetEnumerator()	mscorlib
ResourceSet_Dispose_m2881303269	System.Void System.Resources.ResourceSet::Dispose()	mscorlib
ResourceSet_Dispose_m1823973062	System.Void System.Resources.ResourceSet::Dispose(System.Boolean)	mscorlib
ResourceSet_GetEnumerator_m3459697719	System.Collections.IDictionaryEnumerator System.Resources.ResourceSet::GetEnumerator()	mscorlib
ResourceSet_GetObjectInternal_m162983637	System.Object System.Resources.ResourceSet::GetObjectInternal(System.String,System.Boolean)	mscorlib
ResourceSet_GetObject_m1383205650	System.Object System.Resources.ResourceSet::GetObject(System.String)	mscorlib
ResourceSet_GetObject_m3744937321	System.Object System.Resources.ResourceSet::GetObject(System.String,System.Boolean)	mscorlib
ResourceSet_ReadResources_m3663669011	System.Void System.Resources.ResourceSet::ReadResources()	mscorlib
RuntimeResourceSet__ctor_m1178110395	System.Void System.Resources.RuntimeResourceSet::.ctor(System.IO.UnmanagedMemoryStream)	mscorlib
RuntimeResourceSet__ctor_m915567562	System.Void System.Resources.RuntimeResourceSet::.ctor(System.IO.Stream)	mscorlib
RuntimeResourceSet__ctor_m2765575100	System.Void System.Resources.RuntimeResourceSet::.ctor(System.String)	mscorlib
RuntimeResourceSet_GetObject_m1236819169	System.Object System.Resources.RuntimeResourceSet::GetObject(System.String)	mscorlib
RuntimeResourceSet_GetObject_m2665759398	System.Object System.Resources.RuntimeResourceSet::GetObject(System.String,System.Boolean)	mscorlib
RuntimeResourceSet_CloneDisposableObjectIfPossible_m2725520898	System.Object System.Resources.RuntimeResourceSet::CloneDisposableObjectIfPossible(System.Object)	mscorlib
SatelliteContractVersionAttribute__ctor_m3630863995	System.Void System.Resources.SatelliteContractVersionAttribute::.ctor(System.String)	mscorlib
CompilationRelaxationsAttribute__ctor_m2313138045	System.Void System.Runtime.CompilerServices.CompilationRelaxationsAttribute::.ctor(System.Runtime.CompilerServices.CompilationRelaxations)	mscorlib
CompilerGeneratedAttribute__ctor_m3151881902	System.Void System.Runtime.CompilerServices.CompilerGeneratedAttribute::.ctor()	mscorlib
DecimalConstantAttribute__ctor_m3583301917	System.Void System.Runtime.CompilerServices.DecimalConstantAttribute::.ctor(System.Byte,System.Byte,System.UInt32,System.UInt32,System.UInt32)	mscorlib
DefaultDependencyAttribute__ctor_m502524668	System.Void System.Runtime.CompilerServices.DefaultDependencyAttribute::.ctor(System.Runtime.CompilerServices.LoadHint)	mscorlib
FixedBufferAttribute__ctor_m2453309552	System.Void System.Runtime.CompilerServices.FixedBufferAttribute::.ctor(System.Type,System.Int32)	mscorlib
FixedBufferAttribute_get_ElementType_m539172858	System.Type System.Runtime.CompilerServices.FixedBufferAttribute::get_ElementType()	mscorlib
FixedBufferAttribute_get_Length_m1478886548	System.Int32 System.Runtime.CompilerServices.FixedBufferAttribute::get_Length()	mscorlib
InternalsVisibleToAttribute__ctor_m2564612584	System.Void System.Runtime.CompilerServices.InternalsVisibleToAttribute::.ctor(System.String)	mscorlib
RuntimeCompatibilityAttribute__ctor_m1311107907	System.Void System.Runtime.CompilerServices.RuntimeCompatibilityAttribute::.ctor()	mscorlib
RuntimeCompatibilityAttribute_set_WrapNonExceptionThrows_m2506646892	System.Void System.Runtime.CompilerServices.RuntimeCompatibilityAttribute::set_WrapNonExceptionThrows(System.Boolean)	mscorlib
RuntimeHelpers_InitializeArray_m4077124945	System.Void System.Runtime.CompilerServices.RuntimeHelpers::InitializeArray(System.Array,System.IntPtr)	mscorlib
RuntimeHelpers_InitializeArray_m3117905507	System.Void System.Runtime.CompilerServices.RuntimeHelpers::InitializeArray(System.Array,System.RuntimeFieldHandle)	mscorlib
RuntimeHelpers_get_OffsetToStringData_m2192601476	System.Int32 System.Runtime.CompilerServices.RuntimeHelpers::get_OffsetToStringData()	mscorlib
StringFreezingAttribute__ctor_m2350592359	System.Void System.Runtime.CompilerServices.StringFreezingAttribute::.ctor()	mscorlib
CriticalFinalizerObject__ctor_m3245424448	System.Void System.Runtime.ConstrainedExecution.CriticalFinalizerObject::.ctor()	mscorlib
CriticalFinalizerObject_Finalize_m2010384847	System.Void System.Runtime.ConstrainedExecution.CriticalFinalizerObject::Finalize()	mscorlib
ReliabilityContractAttribute__ctor_m2124570898	System.Void System.Runtime.ConstrainedExecution.ReliabilityContractAttribute::.ctor(System.Runtime.ConstrainedExecution.Consistency,System.Runtime.ConstrainedExecution.Cer)	mscorlib
ClassInterfaceAttribute__ctor_m637338123	System.Void System.Runtime.InteropServices.ClassInterfaceAttribute::.ctor(System.Runtime.InteropServices.ClassInterfaceType)	mscorlib
ComDefaultInterfaceAttribute__ctor_m332930853	System.Void System.Runtime.InteropServices.ComDefaultInterfaceAttribute::.ctor(System.Type)	mscorlib
COMException__ctor_m3707984232	System.Void System.Runtime.InteropServices.COMException::.ctor()	mscorlib
COMException__ctor_m1066143105	System.Void System.Runtime.InteropServices.COMException::.ctor(System.Runtime.Serialization.SerializationInfo,System.Runtime.Serialization.StreamingContext)	mscorlib
COMException_ToString_m2192592964	System.String System.Runtime.InteropServices.COMException::ToString()	mscorlib
ComImportAttribute__ctor_m3468592294	System.Void System.Runtime.InteropServices.ComImportAttribute::.ctor()	mscorlib
ComVisibleAttribute__ctor_m1596017997	System.Void System.Runtime.InteropServices.ComVisibleAttribute::.ctor(System.Boolean)	mscorlib
DispIdAttribute__ctor_m223675039	System.Void System.Runtime.InteropServices.DispIdAttribute::.ctor(System.Int32)	mscorlib
DllImportAttribute__ctor_m1397784140	System.Void System.Runtime.InteropServices.DllImportAttribute::.ctor(System.String)	mscorlib
DllImportAttribute_get_Value_m621189650	System.String System.Runtime.InteropServices.DllImportAttribute::get_Value()	mscorlib
ExternalException__ctor_m2877839282	System.Void System.Runtime.InteropServices.ExternalException::.ctor()	mscorlib
ExternalException__ctor_m4224477539	System.Void System.Runtime.InteropServices.ExternalException::.ctor(System.Runtime.Serialization.SerializationInfo,System.Runtime.Serialization.StreamingContext)	mscorlib
FieldOffsetAttribute__ctor_m591213967	System.Void System.Runtime.InteropServices.FieldOffsetAttribute::.ctor(System.Int32)	mscorlib
GCHandle__ctor_m2690474163_AdjustorThunk	System.Void System.Runtime.InteropServices.GCHandle::.ctor(System.Object,System.Runtime.InteropServices.GCHandleType)	mscorlib
GCHandle_get_IsAllocated_m1058226959_AdjustorThunk	System.Boolean System.Runtime.InteropServices.GCHandle::get_IsAllocated()	mscorlib
GCHandle_get_Target_m1824973883_AdjustorThunk	System.Object System.Runtime.InteropServices.GCHandle::get_Target()	mscorlib
GCHandle_Alloc_m3823409740	System.Runtime.InteropServices.GCHandle System.Runtime.InteropServices.GCHandle::Alloc(System.Object,System.Runtime.InteropServices.GCHandleType)	mscorlib
GCHandle_Free_m1457699368_AdjustorThunk	System.Void System.Runtime.InteropServices.GCHandle::Free()	mscorlib
GCHandle_GetTarget_m1711976502	System.Object System.Runtime.InteropServices.GCHandle::GetTarget(System.Int32)	mscorlib
GCHandle_GetTargetHandle_m423901123	System.Int32 System.Runtime.InteropServices.GCHandle::GetTargetHandle(System.Object,System.Int32,System.Runtime.InteropServices.GCHandleType)	mscorlib
GCHandle_FreeHandle_m2765220421	System.Void System.Runtime.InteropServices.GCHandle::FreeHandle(System.Int32)	mscorlib
GCHandle_Equals_m146069735_AdjustorThunk	System.Boolean System.Runtime.InteropServices.GCHandle::Equals(System.Object)	mscorlib
GCHandle_GetHashCode_m2446251778_AdjustorThunk	System.Int32 System.Runtime.InteropServices.GCHandle::GetHashCode()	mscorlib
GuidAttribute__ctor_m3183273657	System.Void System.Runtime.InteropServices.GuidAttribute::.ctor(System.String)	mscorlib
InAttribute__ctor_m3499482504	System.Void System.Runtime.InteropServices.InAttribute::.ctor()	mscorlib
InterfaceTypeAttribute__ctor_m3307583035	System.Void System.Runtime.InteropServices.InterfaceTypeAttribute::.ctor(System.Runtime.InteropServices.ComInterfaceType)	mscorlib
Marshal__cctor_m4007734770	System.Void System.Runtime.InteropServices.Marshal::.cctor()	mscorlib
Marshal_copy_from_unmanaged_m2834266824	System.Void System.Runtime.InteropServices.Marshal::copy_from_unmanaged(System.IntPtr,System.Int32,System.Array,System.Int32)	mscorlib
Marshal_Copy_m1222846562	System.Void System.Runtime.InteropServices.Marshal::Copy(System.IntPtr,System.Byte[],System.Int32,System.Int32)	mscorlib
Marshal_Copy_m1714210296	System.Void System.Runtime.InteropServices.Marshal::Copy(System.IntPtr,System.Char[],System.Int32,System.Int32)	mscorlib
Marshal_ReadByte_m1960935664	System.Byte System.Runtime.InteropServices.Marshal::ReadByte(System.IntPtr,System.Int32)	mscorlib
Marshal_SizeOf_m3069307747	System.Int32 System.Runtime.InteropServices.Marshal::SizeOf(System.Type)	mscorlib
Marshal_WriteByte_m951096718	System.Void System.Runtime.InteropServices.Marshal::WriteByte(System.IntPtr,System.Int32,System.Byte)	mscorlib
MarshalAsAttribute__ctor_m1885514494	System.Void System.Runtime.InteropServices.MarshalAsAttribute::.ctor(System.Runtime.InteropServices.UnmanagedType)	mscorlib
MarshalDirectiveException__ctor_m629358357	System.Void System.Runtime.InteropServices.MarshalDirectiveException::.ctor()	mscorlib
MarshalDirectiveException__ctor_m636944700	System.Void System.Runtime.InteropServices.MarshalDirectiveException::.ctor(System.Runtime.Serialization.SerializationInfo,System.Runtime.Serialization.StreamingContext)	mscorlib
OptionalAttribute__ctor_m1218709376	System.Void System.Runtime.InteropServices.OptionalAttribute::.ctor()	mscorlib
OutAttribute__ctor_m1231442694	System.Void System.Runtime.InteropServices.OutAttribute::.ctor()	mscorlib
PreserveSigAttribute__ctor_m332009382	System.Void System.Runtime.InteropServices.PreserveSigAttribute::.ctor()	mscorlib
SafeHandle__ctor_m124356559	System.Void System.Runtime.InteropServices.SafeHandle::.ctor(System.IntPtr,System.Boolean)	mscorlib
SafeHandle_Close_m1630741059	System.Void System.Runtime.InteropServices.SafeHandle::Close()	mscorlib
SafeHandle_DangerousAddRef_m614714386	System.Void System.Runtime.InteropServices.SafeHandle::DangerousAddRef(System.Boolean&)	mscorlib
SafeHandle_DangerousGetHandle_m3697436134	System.IntPtr System.Runtime.InteropServices.SafeHandle::DangerousGetHandle()	mscorlib
SafeHandle_DangerousRelease_m190326290	System.Void System.Runtime.InteropServices.SafeHandle::DangerousRelease()	mscorlib
SafeHandle_Dispose_m817995135	System.Void System.Runtime.InteropServices.SafeHandle::Dispose()	mscorlib
SafeHandle_Dispose_m4229010569	System.Void System.Runtime.InteropServices.SafeHandle::Dispose(System.Boolean)	mscorlib
SafeHandle_SetHandle_m2809947802	System.Void System.Runtime.InteropServices.SafeHandle::SetHandle(System.IntPtr)	mscorlib
SafeHandle_Finalize_m3866180675	System.Void System.Runtime.InteropServices.SafeHandle::Finalize()	mscorlib
TypeLibImportClassAttribute__ctor_m2302178978	System.Void System.Runtime.InteropServices.TypeLibImportClassAttribute::.ctor(System.Type)	mscorlib
TypeLibVersionAttribute__ctor_m2033697886	System.Void System.Runtime.InteropServices.TypeLibVersionAttribute::.ctor(System.Int32,System.Int32)	mscorlib
UnmanagedFunctionPointerAttribute__ctor_m2291887142	System.Void System.Runtime.InteropServices.UnmanagedFunctionPointerAttribute::.ctor(System.Runtime.InteropServices.CallingConvention)	mscorlib
ActivatedClientTypeEntry__ctor_m1905793997	System.Void System.Runtime.Remoting.ActivatedClientTypeEntry::.ctor(System.String,System.String,System.String)	mscorlib
ActivatedClientTypeEntry_get_ApplicationUrl_m2894992111	System.String System.Runtime.Remoting.ActivatedClientTypeEntry::get_ApplicationUrl()	mscorlib
ActivatedClientTypeEntry_get_ContextAttributes_m4017563407	System.Runtime.Remoting.Contexts.IContextAttribute[] System.Runtime.Remoting.ActivatedClientTypeEntry::get_ContextAttributes()	mscorlib
ActivatedClientTypeEntry_get_ObjectType_m1969125393	System.Type System.Runtime.Remoting.ActivatedClientTypeEntry::get_ObjectType()	mscorlib
ActivatedClientTypeEntry_ToString_m2494181680	System.String System.Runtime.Remoting.ActivatedClientTypeEntry::ToString()	mscorlib
ActivatedServiceTypeEntry__ctor_m3973743857	System.Void System.Runtime.Remoting.ActivatedServiceTypeEntry::.ctor(System.String,System.String)	mscorlib
ActivatedServiceTypeEntry_get_ObjectType_m537376111	System.Type System.Runtime.Remoting.ActivatedServiceTypeEntry::get_ObjectType()	mscorlib
ActivatedServiceTypeEntry_ToString_m1591455874	System.String System.Runtime.Remoting.ActivatedServiceTypeEntry::ToString()	mscorlib
ActivationServices_get_ConstructionActivator_m1239151545	System.Runtime.Remoting.Activation.IActivator System.Runtime.Remoting.Activation.ActivationServices::get_ConstructionActivator()	mscorlib
ActivationServices_CreateProxyFromAttributes_m3864561181	System.Object System.Runtime.Remoting.Activation.ActivationServices::CreateProxyFromAttributes(System.Type,System.Object[])	mscorlib
ActivationServices_CreateConstructionCall_m2894682304	System.Runtime.Remoting.Messaging.ConstructionCall System.Runtime.Remoting.Activation.ActivationServices::CreateConstructionCall(System.Type,System.String,System.Object[])	mscorlib
ActivationServices_AllocateUninitializedClassInstance_m1640049132	System.Object System.Runtime.Remoting.Activation.ActivationServices::AllocateUninitializedClassInstance(System.Type)	mscorlib
ActivationServices_EnableProxyActivation_m1823951881	System.Void System.Runtime.Remoting.Activation.ActivationServices::EnableProxyActivation(System.Type,System.Boolean)	mscorlib
AppDomainLevelActivator__ctor_m3990740325	System.Void System.Runtime.Remoting.Activation.AppDomainLevelActivator::.ctor(System.String,System.Runtime.Remoting.Activation.IActivator)	mscorlib
ConstructionLevelActivator__ctor_m3779412964	System.Void System.Runtime.Remoting.Activation.ConstructionLevelActivator::.ctor()	mscorlib
ContextLevelActivator__ctor_m100091473	System.Void System.Runtime.Remoting.Activation.ContextLevelActivator::.ctor(System.Runtime.Remoting.Activation.IActivator)	mscorlib
UrlAttribute_get_UrlValue_m381261874	System.String System.Runtime.Remoting.Activation.UrlAttribute::get_UrlValue()	mscorlib
UrlAttribute_Equals_m758046158	System.Boolean System.Runtime.Remoting.Activation.UrlAttribute::Equals(System.Object)	mscorlib
UrlAttribute_GetHashCode_m3894447089	System.Int32 System.Runtime.Remoting.Activation.UrlAttribute::GetHashCode()	mscorlib
UrlAttribute_GetPropertiesForNewContext_m2281450996	System.Void System.Runtime.Remoting.Activation.UrlAttribute::GetPropertiesForNewContext(System.Runtime.Remoting.Activation.IConstructionCallMessage)	mscorlib
UrlAttribute_IsContextOK_m1228378186	System.Boolean System.Runtime.Remoting.Activation.UrlAttribute::IsContextOK(System.Runtime.Remoting.Contexts.Context,System.Runtime.Remoting.Activation.IConstructionCallMessage)	mscorlib
ChannelData__ctor_m3415426655	System.Void System.Runtime.Remoting.ChannelData::.ctor()	mscorlib
ChannelData_get_ServerProviders_m632481016	System.Collections.ArrayList System.Runtime.Remoting.ChannelData::get_ServerProviders()	mscorlib
ChannelData_get_ClientProviders_m594662942	System.Collections.ArrayList System.Runtime.Remoting.ChannelData::get_ClientProviders()	mscorlib
ChannelData_get_CustomProperties_m1852130080	System.Collections.Hashtable System.Runtime.Remoting.ChannelData::get_CustomProperties()	mscorlib
ChannelData_CopyFrom_m727830216	System.Void System.Runtime.Remoting.ChannelData::CopyFrom(System.Runtime.Remoting.ChannelData)	mscorlib
ChannelInfo__ctor_m1094732233	System.Void System.Runtime.Remoting.ChannelInfo::.ctor()	mscorlib
ChannelInfo_get_ChannelData_m1060390506	System.Object[] System.Runtime.Remoting.ChannelInfo::get_ChannelData()	mscorlib
ChannelServices__cctor_m2475086854	System.Void System.Runtime.Remoting.Channels.ChannelServices::.cctor()	mscorlib
ChannelServices_CreateClientChannelSinkChain_m3117081582	System.Runtime.Remoting.Messaging.IMessageSink System.Runtime.Remoting.Channels.ChannelServices::CreateClientChannelSinkChain(System.String,System.Object,System.String&)	mscorlib
ChannelServices_CreateClientChannelSinkChain_m1795214139	System.Runtime.Remoting.Messaging.IMessageSink System.Runtime.Remoting.Channels.ChannelServices::CreateClientChannelSinkChain(System.Runtime.Remoting.Channels.IChannelSender,System.String,System.Object[],System.String&)	mscorlib
ChannelServices_RegisterChannel_m292045697	System.Void System.Runtime.Remoting.Channels.ChannelServices::RegisterChannel(System.Runtime.Remoting.Channels.IChannel)	mscorlib
ChannelServices_RegisterChannel_m2211869627	System.Void System.Runtime.Remoting.Channels.ChannelServices::RegisterChannel(System.Runtime.Remoting.Channels.IChannel,System.Boolean)	mscorlib
ChannelServices_RegisterChannelConfig_m3525848799	System.Void System.Runtime.Remoting.Channels.ChannelServices::RegisterChannelConfig(System.Runtime.Remoting.ChannelData)	mscorlib
ChannelServices_CreateProvider_m2537021726	System.Object System.Runtime.Remoting.Channels.ChannelServices::CreateProvider(System.Runtime.Remoting.ProviderData)	mscorlib
ChannelServices_GetCurrentChannelInfo_m3041604116	System.Object[] System.Runtime.Remoting.Channels.ChannelServices::GetCurrentChannelInfo()	mscorlib
CrossAppDomainChannel__ctor_m834919757	System.Void System.Runtime.Remoting.Channels.CrossAppDomainChannel::.ctor()	mscorlib
CrossAppDomainChannel__cctor_m2481165765	System.Void System.Runtime.Remoting.Channels.CrossAppDomainChannel::.cctor()	mscorlib
CrossAppDomainChannel_RegisterCrossAppDomainChannel_m1413768602	System.Void System.Runtime.Remoting.Channels.CrossAppDomainChannel::RegisterCrossAppDomainChannel()	mscorlib
CrossAppDomainChannel_get_ChannelName_m2549253909	System.String System.Runtime.Remoting.Channels.CrossAppDomainChannel::get_ChannelName()	mscorlib
CrossAppDomainChannel_get_ChannelPriority_m3418073750	System.Int32 System.Runtime.Remoting.Channels.CrossAppDomainChannel::get_ChannelPriority()	mscorlib
CrossAppDomainChannel_get_ChannelData_m2094862616	System.Object System.Runtime.Remoting.Channels.CrossAppDomainChannel::get_ChannelData()	mscorlib
CrossAppDomainChannel_StartListening_m3738943719	System.Void System.Runtime.Remoting.Channels.CrossAppDomainChannel::StartListening(System.Object)	mscorlib
CrossAppDomainChannel_CreateMessageSink_m3655964231	System.Runtime.Remoting.Messaging.IMessageSink System.Runtime.Remoting.Channels.CrossAppDomainChannel::CreateMessageSink(System.String,System.Object,System.String&)	mscorlib
CrossAppDomainData__ctor_m1598366643	System.Void System.Runtime.Remoting.Channels.CrossAppDomainData::.ctor(System.Int32)	mscorlib
CrossAppDomainData_get_DomainID_m3516796532	System.Int32 System.Runtime.Remoting.Channels.CrossAppDomainData::get_DomainID()	mscorlib
CrossAppDomainData_get_ProcessID_m2166337712	System.String System.Runtime.Remoting.Channels.CrossAppDomainData::get_ProcessID()	mscorlib
CrossAppDomainSink__ctor_m1449849319	System.Void System.Runtime.Remoting.Channels.CrossAppDomainSink::.ctor(System.Int32)	mscorlib
CrossAppDomainSink__cctor_m1839450486	System.Void System.Runtime.Remoting.Channels.CrossAppDomainSink::.cctor()	mscorlib
CrossAppDomainSink_GetSink_m1351608552	System.Runtime.Remoting.Channels.CrossAppDomainSink System.Runtime.Remoting.Channels.CrossAppDomainSink::GetSink(System.Int32)	mscorlib
CrossAppDomainSink_get_TargetDomainId_m1510098893	System.Int32 System.Runtime.Remoting.Channels.CrossAppDomainSink::get_TargetDomainId()	mscorlib
SinkProviderData__ctor_m1624738837	System.Void System.Runtime.Remoting.Channels.SinkProviderData::.ctor(System.String)	mscorlib
SinkProviderData_get_Children_m4009299018	System.Collections.IList System.Runtime.Remoting.Channels.SinkProviderData::get_Children()	mscorlib
SinkProviderData_get_Properties_m3454573235	System.Collections.IDictionary System.Runtime.Remoting.Channels.SinkProviderData::get_Properties()	mscorlib
ClientActivatedIdentity_GetServerObject_m446547394	System.MarshalByRefObject System.Runtime.Remoting.ClientActivatedIdentity::GetServerObject()	mscorlib
ClientIdentity__ctor_m3042435594	System.Void System.Runtime.Remoting.ClientIdentity::.ctor(System.String,System.Runtime.Remoting.ObjRef)	mscorlib
ClientIdentity_get_ClientProxy_m1281632708	System.MarshalByRefObject System.Runtime.Remoting.ClientIdentity::get_ClientProxy()	mscorlib
ClientIdentity_set_ClientProxy_m3470388302	System.Void System.Runtime.Remoting.ClientIdentity::set_ClientProxy(System.MarshalByRefObject)	mscorlib
ClientIdentity_CreateObjRef_m3373052626	System.Runtime.Remoting.ObjRef System.Runtime.Remoting.ClientIdentity::CreateObjRef(System.Type)	mscorlib
ClientIdentity_get_TargetUri_m648770569	System.String System.Runtime.Remoting.ClientIdentity::get_TargetUri()	mscorlib
ConfigHandler__ctor_m1707380160	System.Void System.Runtime.Remoting.ConfigHandler::.ctor(System.Boolean)	mscorlib
ConfigHandler_ValidatePath_m3895556516	System.Void System.Runtime.Remoting.ConfigHandler::ValidatePath(System.String,System.String[])	mscorlib
ConfigHandler_CheckPath_m3079311646	System.Boolean System.Runtime.Remoting.ConfigHandler::CheckPath(System.String)	mscorlib
ConfigHandler_OnStartParsing_m3490329046	System.Void System.Runtime.Remoting.ConfigHandler::OnStartParsing(Mono.Xml.SmallXmlParser)	mscorlib
ConfigHandler_OnProcessingInstruction_m4212209262	System.Void System.Runtime.Remoting.ConfigHandler::OnProcessingInstruction(System.String,System.String)	mscorlib
ConfigHandler_OnIgnorableWhitespace_m278399491	System.Void System.Runtime.Remoting.ConfigHandler::OnIgnorableWhitespace(System.String)	mscorlib
ConfigHandler_OnStartElement_m1487743489	System.Void System.Runtime.Remoting.ConfigHandler::OnStartElement(System.String,Mono.Xml.SmallXmlParser/IAttrList)	mscorlib
ConfigHandler_ParseElement_m3124222564	System.Void System.Runtime.Remoting.ConfigHandler::ParseElement(System.String,Mono.Xml.SmallXmlParser/IAttrList)	mscorlib
ConfigHandler_OnEndElement_m2712669221	System.Void System.Runtime.Remoting.ConfigHandler::OnEndElement(System.String)	mscorlib
ConfigHandler_ReadCustomProviderData_m3199409838	System.Void System.Runtime.Remoting.ConfigHandler::ReadCustomProviderData(System.String,Mono.Xml.SmallXmlParser/IAttrList)	mscorlib
ConfigHandler_ReadLifetine_m208994800	System.Void System.Runtime.Remoting.ConfigHandler::ReadLifetine(Mono.Xml.SmallXmlParser/IAttrList)	mscorlib
ConfigHandler_ParseTime_m1787834288	System.TimeSpan System.Runtime.Remoting.ConfigHandler::ParseTime(System.String)	mscorlib
ConfigHandler_ReadChannel_m781299361	System.Void System.Runtime.Remoting.ConfigHandler::ReadChannel(Mono.Xml.SmallXmlParser/IAttrList,System.Boolean)	mscorlib
ConfigHandler_ReadProvider_m3620509535	System.Runtime.Remoting.ProviderData System.Runtime.Remoting.ConfigHandler::ReadProvider(System.String,Mono.Xml.SmallXmlParser/IAttrList,System.Boolean)	mscorlib
ConfigHandler_ReadClientActivated_m2004035168	System.Void System.Runtime.Remoting.ConfigHandler::ReadClientActivated(Mono.Xml.SmallXmlParser/IAttrList)	mscorlib
ConfigHandler_ReadServiceActivated_m3103044384	System.Void System.Runtime.Remoting.ConfigHandler::ReadServiceActivated(Mono.Xml.SmallXmlParser/IAttrList)	mscorlib
ConfigHandler_ReadClientWellKnown_m2020621905	System.Void System.Runtime.Remoting.ConfigHandler::ReadClientWellKnown(Mono.Xml.SmallXmlParser/IAttrList)	mscorlib
ConfigHandler_ReadServiceWellKnown_m3267506269	System.Void System.Runtime.Remoting.ConfigHandler::ReadServiceWellKnown(Mono.Xml.SmallXmlParser/IAttrList)	mscorlib
ConfigHandler_ReadInteropXml_m2362675760	System.Void System.Runtime.Remoting.ConfigHandler::ReadInteropXml(Mono.Xml.SmallXmlParser/IAttrList,System.Boolean)	mscorlib
ConfigHandler_ReadPreload_m1590193711	System.Void System.Runtime.Remoting.ConfigHandler::ReadPreload(Mono.Xml.SmallXmlParser/IAttrList)	mscorlib
ConfigHandler_GetNotNull_m2259274773	System.String System.Runtime.Remoting.ConfigHandler::GetNotNull(Mono.Xml.SmallXmlParser/IAttrList,System.String)	mscorlib
ConfigHandler_ExtractAssembly_m2143791058	System.String System.Runtime.Remoting.ConfigHandler::ExtractAssembly(System.String&)	mscorlib
ConfigHandler_OnChars_m2375115779	System.Void System.Runtime.Remoting.ConfigHandler::OnChars(System.String)	mscorlib
ConfigHandler_OnEndParsing_m3764034673	System.Void System.Runtime.Remoting.ConfigHandler::OnEndParsing(Mono.Xml.SmallXmlParser)	mscorlib
Context__ctor_m254302079	System.Void System.Runtime.Remoting.Contexts.Context::.ctor()	mscorlib
Context__cctor_m416731170	System.Void System.Runtime.Remoting.Contexts.Context::.cctor()	mscorlib
Context_Finalize_m968260866	System.Void System.Runtime.Remoting.Contexts.Context::Finalize()	mscorlib
Context_get_DefaultContext_m2041247543	System.Runtime.Remoting.Contexts.Context System.Runtime.Remoting.Contexts.Context::get_DefaultContext()	mscorlib
Context_get_ContextID_m438722087	System.Int32 System.Runtime.Remoting.Contexts.Context::get_ContextID()	mscorlib
Context_get_ContextProperties_m3283598326	System.Runtime.Remoting.Contexts.IContextProperty[] System.Runtime.Remoting.Contexts.Context::get_ContextProperties()	mscorlib
Context_get_IsDefaultContext_m588840058	System.Boolean System.Runtime.Remoting.Contexts.Context::get_IsDefaultContext()	mscorlib
Context_get_NeedsContextSink_m2822465981	System.Boolean System.Runtime.Remoting.Contexts.Context::get_NeedsContextSink()	mscorlib
Context_RegisterDynamicProperty_m2307208816	System.Boolean System.Runtime.Remoting.Contexts.Context::RegisterDynamicProperty(System.Runtime.Remoting.Contexts.IDynamicProperty,System.ContextBoundObject,System.Runtime.Remoting.Contexts.Context)	mscorlib
Context_UnregisterDynamicProperty_m1191983692	System.Boolean System.Runtime.Remoting.Contexts.Context::UnregisterDynamicProperty(System.String,System.ContextBoundObject,System.Runtime.Remoting.Contexts.Context)	mscorlib
Context_GetDynamicPropertyCollection_m3657471357	System.Runtime.Remoting.Contexts.DynamicPropertyCollection System.Runtime.Remoting.Contexts.Context::GetDynamicPropertyCollection(System.ContextBoundObject,System.Runtime.Remoting.Contexts.Context)	mscorlib
Context_NotifyGlobalDynamicSinks_m695341235	System.Void System.Runtime.Remoting.Contexts.Context::NotifyGlobalDynamicSinks(System.Boolean,System.Runtime.Remoting.Messaging.IMessage,System.Boolean,System.Boolean)	mscorlib
Context_get_HasGlobalDynamicSinks_m3672814609	System.Boolean System.Runtime.Remoting.Contexts.Context::get_HasGlobalDynamicSinks()	mscorlib
Context_NotifyDynamicSinks_m1841702879	System.Void System.Runtime.Remoting.Contexts.Context::NotifyDynamicSinks(System.Boolean,System.Runtime.Remoting.Messaging.IMessage,System.Boolean,System.Boolean)	mscorlib
Context_get_HasDynamicSinks_m3952434387	System.Boolean System.Runtime.Remoting.Contexts.Context::get_HasDynamicSinks()	mscorlib
Context_get_HasExitSinks_m408916482	System.Boolean System.Runtime.Remoting.Contexts.Context::get_HasExitSinks()	mscorlib
Context_GetProperty_m3204855576	System.Runtime.Remoting.Contexts.IContextProperty System.Runtime.Remoting.Contexts.Context::GetProperty(System.String)	mscorlib
Context_SetProperty_m3238063729	System.Void System.Runtime.Remoting.Contexts.Context::SetProperty(System.Runtime.Remoting.Contexts.IContextProperty)	mscorlib
Context_Freeze_m2594571993	System.Void System.Runtime.Remoting.Contexts.Context::Freeze()	mscorlib
Context_ToString_m1073616138	System.String System.Runtime.Remoting.Contexts.Context::ToString()	mscorlib
Context_GetServerContextSinkChain_m3154465897	System.Runtime.Remoting.Messaging.IMessageSink System.Runtime.Remoting.Contexts.Context::GetServerContextSinkChain()	mscorlib
Context_GetClientContextSinkChain_m2136947545	System.Runtime.Remoting.Messaging.IMessageSink System.Runtime.Remoting.Contexts.Context::GetClientContextSinkChain()	mscorlib
Context_CreateServerObjectSinkChain_m1209471584	System.Runtime.Remoting.Messaging.IMessageSink System.Runtime.Remoting.Contexts.Context::CreateServerObjectSinkChain(System.MarshalByRefObject,System.Boolean)	mscorlib
Context_CreateEnvoySink_m3365634710	System.Runtime.Remoting.Messaging.IMessageSink System.Runtime.Remoting.Contexts.Context::CreateEnvoySink(System.MarshalByRefObject)	mscorlib
Context_SwitchToContext_m1475712852	System.Runtime.Remoting.Contexts.Context System.Runtime.Remoting.Contexts.Context::SwitchToContext(System.Runtime.Remoting.Contexts.Context)	mscorlib
Context_CreateNewContext_m3053563976	System.Runtime.Remoting.Contexts.Context System.Runtime.Remoting.Contexts.Context::CreateNewContext(System.Runtime.Remoting.Activation.IConstructionCallMessage)	mscorlib
Context_DoCallBack_m749197451	System.Void System.Runtime.Remoting.Contexts.Context::DoCallBack(System.Runtime.Remoting.Contexts.CrossContextDelegate)	mscorlib
Context_AllocateDataSlot_m2078817162	System.LocalDataStoreSlot System.Runtime.Remoting.Contexts.Context::AllocateDataSlot()	mscorlib
Context_AllocateNamedDataSlot_m103537862	System.LocalDataStoreSlot System.Runtime.Remoting.Contexts.Context::AllocateNamedDataSlot(System.String)	mscorlib
Context_FreeNamedDataSlot_m2664298100	System.Void System.Runtime.Remoting.Contexts.Context::FreeNamedDataSlot(System.String)	mscorlib
Context_GetData_m2148900675	System.Object System.Runtime.Remoting.Contexts.Context::GetData(System.LocalDataStoreSlot)	mscorlib
Context_GetNamedDataSlot_m2010711813	System.LocalDataStoreSlot System.Runtime.Remoting.Contexts.Context::GetNamedDataSlot(System.String)	mscorlib
Context_SetData_m3538804592	System.Void System.Runtime.Remoting.Contexts.Context::SetData(System.LocalDataStoreSlot,System.Object)	mscorlib
ContextAttribute__ctor_m3271528688	System.Void System.Runtime.Remoting.Contexts.ContextAttribute::.ctor(System.String)	mscorlib
ContextAttribute_get_Name_m1376922427	System.String System.Runtime.Remoting.Contexts.ContextAttribute::get_Name()	mscorlib
ContextAttribute_Equals_m614768756	System.Boolean System.Runtime.Remoting.Contexts.ContextAttribute::Equals(System.Object)	mscorlib
ContextAttribute_Freeze_m3288175579	System.Void System.Runtime.Remoting.Contexts.ContextAttribute::Freeze(System.Runtime.Remoting.Contexts.Context)	mscorlib
ContextAttribute_GetHashCode_m3530575001	System.Int32 System.Runtime.Remoting.Contexts.ContextAttribute::GetHashCode()	mscorlib
ContextAttribute_GetPropertiesForNewContext_m1632930262	System.Void System.Runtime.Remoting.Contexts.ContextAttribute::GetPropertiesForNewContext(System.Runtime.Remoting.Activation.IConstructionCallMessage)	mscorlib
ContextAttribute_IsContextOK_m1726359618	System.Boolean System.Runtime.Remoting.Contexts.ContextAttribute::IsContextOK(System.Runtime.Remoting.Contexts.Context,System.Runtime.Remoting.Activation.IConstructionCallMessage)	mscorlib
ContextAttribute_IsNewContextOK_m2778900898	System.Boolean System.Runtime.Remoting.Contexts.ContextAttribute::IsNewContextOK(System.Runtime.Remoting.Contexts.Context)	mscorlib
ContextCallbackObject__ctor_m3499682402	System.Void System.Runtime.Remoting.Contexts.ContextCallbackObject::.ctor()	mscorlib
ContextCallbackObject_DoCallBack_m3942380501	System.Void System.Runtime.Remoting.Contexts.ContextCallbackObject::DoCallBack(System.Runtime.Remoting.Contexts.CrossContextDelegate)	mscorlib
CrossContextChannel__ctor_m3755842292	System.Void System.Runtime.Remoting.Contexts.CrossContextChannel::.ctor()	mscorlib
CrossContextDelegate__ctor_m2846080406	System.Void System.Runtime.Remoting.Contexts.CrossContextDelegate::.ctor(System.Object,System.IntPtr)	mscorlib
CrossContextDelegate_Invoke_m3121381558	System.Void System.Runtime.Remoting.Contexts.CrossContextDelegate::Invoke()	mscorlib
CrossContextDelegate_BeginInvoke_m3781308708	System.IAsyncResult System.Runtime.Remoting.Contexts.CrossContextDelegate::BeginInvoke(System.AsyncCallback,System.Object)	mscorlib
CrossContextDelegate_EndInvoke_m3186232431	System.Void System.Runtime.Remoting.Contexts.CrossContextDelegate::EndInvoke(System.IAsyncResult)	mscorlib
DynamicPropertyCollection__ctor_m3168670804	System.Void System.Runtime.Remoting.Contexts.DynamicPropertyCollection::.ctor()	mscorlib
DynamicPropertyCollection_get_HasProperties_m4067429750	System.Boolean System.Runtime.Remoting.Contexts.DynamicPropertyCollection::get_HasProperties()	mscorlib
DynamicPropertyCollection_RegisterDynamicProperty_m3950689041	System.Boolean System.Runtime.Remoting.Contexts.DynamicPropertyCollection::RegisterDynamicProperty(System.Runtime.Remoting.Contexts.IDynamicProperty)	mscorlib
DynamicPropertyCollection_UnregisterDynamicProperty_m3435802631	System.Boolean System.Runtime.Remoting.Contexts.DynamicPropertyCollection::UnregisterDynamicProperty(System.String)	mscorlib
DynamicPropertyCollection_NotifyMessage_m1895207271	System.Void System.Runtime.Remoting.Contexts.DynamicPropertyCollection::NotifyMessage(System.Boolean,System.Runtime.Remoting.Messaging.IMessage,System.Boolean,System.Boolean)	mscorlib
DynamicPropertyCollection_FindProperty_m2338552444	System.Int32 System.Runtime.Remoting.Contexts.DynamicPropertyCollection::FindProperty(System.String)	mscorlib
DynamicPropertyReg__ctor_m2316273312	System.Void System.Runtime.Remoting.Contexts.DynamicPropertyCollection/DynamicPropertyReg::.ctor()	mscorlib
SynchronizationAttribute__ctor_m1613804100	System.Void System.Runtime.Remoting.Contexts.SynchronizationAttribute::.ctor()	mscorlib
SynchronizationAttribute__ctor_m399162031	System.Void System.Runtime.Remoting.Contexts.SynchronizationAttribute::.ctor(System.Int32,System.Boolean)	mscorlib
SynchronizationAttribute_set_Locked_m2760363037	System.Void System.Runtime.Remoting.Contexts.SynchronizationAttribute::set_Locked(System.Boolean)	mscorlib
SynchronizationAttribute_ReleaseLock_m1030353464	System.Void System.Runtime.Remoting.Contexts.SynchronizationAttribute::ReleaseLock()	mscorlib
SynchronizationAttribute_GetPropertiesForNewContext_m3620327520	System.Void System.Runtime.Remoting.Contexts.SynchronizationAttribute::GetPropertiesForNewContext(System.Runtime.Remoting.Activation.IConstructionCallMessage)	mscorlib
SynchronizationAttribute_GetClientContextSink_m2797862094	System.Runtime.Remoting.Messaging.IMessageSink System.Runtime.Remoting.Contexts.SynchronizationAttribute::GetClientContextSink(System.Runtime.Remoting.Messaging.IMessageSink)	mscorlib
SynchronizationAttribute_GetServerContextSink_m2864017660	System.Runtime.Remoting.Messaging.IMessageSink System.Runtime.Remoting.Contexts.SynchronizationAttribute::GetServerContextSink(System.Runtime.Remoting.Messaging.IMessageSink)	mscorlib
SynchronizationAttribute_IsContextOK_m324067792	System.Boolean System.Runtime.Remoting.Contexts.SynchronizationAttribute::IsContextOK(System.Runtime.Remoting.Contexts.Context,System.Runtime.Remoting.Activation.IConstructionCallMessage)	mscorlib
SynchronizationAttribute_ExitContext_m1981564947	System.Void System.Runtime.Remoting.Contexts.SynchronizationAttribute::ExitContext()	mscorlib
SynchronizationAttribute_EnterContext_m1660729920	System.Void System.Runtime.Remoting.Contexts.SynchronizationAttribute::EnterContext()	mscorlib
SynchronizedClientContextSink__ctor_m4129963630	System.Void System.Runtime.Remoting.Contexts.SynchronizedClientContextSink::.ctor(System.Runtime.Remoting.Messaging.IMessageSink,System.Runtime.Remoting.Contexts.SynchronizationAttribute)	mscorlib
SynchronizedServerContextSink__ctor_m3996826342	System.Void System.Runtime.Remoting.Contexts.SynchronizedServerContextSink::.ctor(System.Runtime.Remoting.Messaging.IMessageSink,System.Runtime.Remoting.Contexts.SynchronizationAttribute)	mscorlib
EnvoyInfo__ctor_m276600651	System.Void System.Runtime.Remoting.EnvoyInfo::.ctor(System.Runtime.Remoting.Messaging.IMessageSink)	mscorlib
EnvoyInfo_get_EnvoySinks_m1211050346	System.Runtime.Remoting.Messaging.IMessageSink System.Runtime.Remoting.EnvoyInfo::get_EnvoySinks()	mscorlib
FormatterData__ctor_m3990517908	System.Void System.Runtime.Remoting.FormatterData::.ctor()	mscorlib
Identity__ctor_m2221672896	System.Void System.Runtime.Remoting.Identity::.ctor(System.String)	mscorlib
Identity_get_ChannelSink_m3905420913	System.Runtime.Remoting.Messaging.IMessageSink System.Runtime.Remoting.Identity::get_ChannelSink()	mscorlib
Identity_set_ChannelSink_m3085217742	System.Void System.Runtime.Remoting.Identity::set_ChannelSink(System.Runtime.Remoting.Messaging.IMessageSink)	mscorlib
Identity_get_ObjectUri_m3138646444	System.String System.Runtime.Remoting.Identity::get_ObjectUri()	mscorlib
Identity_get_Disposed_m2663903683	System.Boolean System.Runtime.Remoting.Identity::get_Disposed()	mscorlib
Identity_set_Disposed_m1049871465	System.Void System.Runtime.Remoting.Identity::set_Disposed(System.Boolean)	mscorlib
Identity_get_ClientDynamicProperties_m60531821	System.Runtime.Remoting.Contexts.DynamicPropertyCollection System.Runtime.Remoting.Identity::get_ClientDynamicProperties()	mscorlib
Identity_get_ServerDynamicProperties_m1517273532	System.Runtime.Remoting.Contexts.DynamicPropertyCollection System.Runtime.Remoting.Identity::get_ServerDynamicProperties()	mscorlib
InternalRemotingServices__cctor_m1652165283	System.Void System.Runtime.Remoting.InternalRemotingServices::.cctor()	mscorlib
InternalRemotingServices_GetCachedSoapAttribute_m1042302982	System.Runtime.Remoting.Metadata.SoapAttribute System.Runtime.Remoting.InternalRemotingServices::GetCachedSoapAttribute(System.Object)	mscorlib
LeaseManager__ctor_m4015084757	System.Void System.Runtime.Remoting.Lifetime.LeaseManager::.ctor()	mscorlib
LeaseManager_SetPollTime_m3584231103	System.Void System.Runtime.Remoting.Lifetime.LeaseManager::SetPollTime(System.TimeSpan)	mscorlib
LeaseSink__ctor_m2235463210	System.Void System.Runtime.Remoting.Lifetime.LeaseSink::.ctor(System.Runtime.Remoting.Messaging.IMessageSink)	mscorlib
LifetimeServices__cctor_m2128864873	System.Void System.Runtime.Remoting.Lifetime.LifetimeServices::.cctor()	mscorlib
LifetimeServices_set_LeaseManagerPollTime_m3035471458	System.Void System.Runtime.Remoting.Lifetime.LifetimeServices::set_LeaseManagerPollTime(System.TimeSpan)	mscorlib
LifetimeServices_set_LeaseTime_m4128883058	System.Void System.Runtime.Remoting.Lifetime.LifetimeServices::set_LeaseTime(System.TimeSpan)	mscorlib
LifetimeServices_set_RenewOnCallTime_m3218163665	System.Void System.Runtime.Remoting.Lifetime.LifetimeServices::set_RenewOnCallTime(System.TimeSpan)	mscorlib
LifetimeServices_set_SponsorshipTimeout_m2538334028	System.Void System.Runtime.Remoting.Lifetime.LifetimeServices::set_SponsorshipTimeout(System.TimeSpan)	mscorlib
ArgInfo__ctor_m1950205784	System.Void System.Runtime.Remoting.Messaging.ArgInfo::.ctor(System.Reflection.MethodBase,System.Runtime.Remoting.Messaging.ArgInfoType)	mscorlib
ArgInfo_GetInOutArgs_m3837333346	System.Object[] System.Runtime.Remoting.Messaging.ArgInfo::GetInOutArgs(System.Object[])	mscorlib
AsyncResult__ctor_m911358409	System.Void System.Runtime.Remoting.Messaging.AsyncResult::.ctor()	mscorlib
AsyncResult_get_AsyncState_m2322299153	System.Object System.Runtime.Remoting.Messaging.AsyncResult::get_AsyncState()	mscorlib
AsyncResult_get_AsyncWaitHandle_m1971359513	System.Threading.WaitHandle System.Runtime.Remoting.Messaging.AsyncResult::get_AsyncWaitHandle()	mscorlib
AsyncResult_get_CompletedSynchronously_m3353049627	System.Boolean System.Runtime.Remoting.Messaging.AsyncResult::get_CompletedSynchronously()	mscorlib
AsyncResult_get_IsCompleted_m2089788488	System.Boolean System.Runtime.Remoting.Messaging.AsyncResult::get_IsCompleted()	mscorlib
AsyncResult_get_EndInvokeCalled_m3770405353	System.Boolean System.Runtime.Remoting.Messaging.AsyncResult::get_EndInvokeCalled()	mscorlib
AsyncResult_set_EndInvokeCalled_m130520183	System.Void System.Runtime.Remoting.Messaging.AsyncResult::set_EndInvokeCalled(System.Boolean)	mscorlib
AsyncResult_get_AsyncDelegate_m3808237550	System.Object System.Runtime.Remoting.Messaging.AsyncResult::get_AsyncDelegate()	mscorlib
AsyncResult_get_NextSink_m1844209137	System.Runtime.Remoting.Messaging.IMessageSink System.Runtime.Remoting.Messaging.AsyncResult::get_NextSink()	mscorlib
AsyncResult_AsyncProcessMessage_m2076471000	System.Runtime.Remoting.Messaging.IMessageCtrl System.Runtime.Remoting.Messaging.AsyncResult::AsyncProcessMessage(System.Runtime.Remoting.Messaging.IMessage,System.Runtime.Remoting.Messaging.IMessageSink)	mscorlib
AsyncResult_GetReplyMessage_m2321330725	System.Runtime.Remoting.Messaging.IMessage System.Runtime.Remoting.Messaging.AsyncResult::GetReplyMessage()	mscorlib
AsyncResult_SetMessageCtrl_m2891069413	System.Void System.Runtime.Remoting.Messaging.AsyncResult::SetMessageCtrl(System.Runtime.Remoting.Messaging.IMessageCtrl)	mscorlib
AsyncResult_SetCompletedSynchronously_m3406063945	System.Void System.Runtime.Remoting.Messaging.AsyncResult::SetCompletedSynchronously(System.Boolean)	mscorlib
AsyncResult_EndInvoke_m2943900386	System.Runtime.Remoting.Messaging.IMessage System.Runtime.Remoting.Messaging.AsyncResult::EndInvoke()	mscorlib
AsyncResult_SyncProcessMessage_m2334986884	System.Runtime.Remoting.Messaging.IMessage System.Runtime.Remoting.Messaging.AsyncResult::SyncProcessMessage(System.Runtime.Remoting.Messaging.IMessage)	mscorlib
AsyncResult_get_CallMessage_m1679778649	System.Runtime.Remoting.Messaging.MonoMethodMessage System.Runtime.Remoting.Messaging.AsyncResult::get_CallMessage()	mscorlib
AsyncResult_set_CallMessage_m2298693197	System.Void System.Runtime.Remoting.Messaging.AsyncResult::set_CallMessage(System.Runtime.Remoting.Messaging.MonoMethodMessage)	mscorlib
CallContextRemotingData__ctor_m1780036207	System.Void System.Runtime.Remoting.Messaging.CallContextRemotingData::.ctor()	mscorlib
CallContextRemotingData_Clone_m14303327	System.Object System.Runtime.Remoting.Messaging.CallContextRemotingData::Clone()	mscorlib
ClientContextTerminatorSink__ctor_m3775290972	System.Void System.Runtime.Remoting.Messaging.ClientContextTerminatorSink::.ctor(System.Runtime.Remoting.Contexts.Context)	mscorlib
ConstructionCall__ctor_m3123819328	System.Void System.Runtime.Remoting.Messaging.ConstructionCall::.ctor(System.Type)	mscorlib
ConstructionCall__ctor_m4256641225	System.Void System.Runtime.Remoting.Messaging.ConstructionCall::.ctor(System.Runtime.Serialization.SerializationInfo,System.Runtime.Serialization.StreamingContext)	mscorlib
ConstructionCall_InitDictionary_m2824447813	System.Void System.Runtime.Remoting.Messaging.ConstructionCall::InitDictionary()	mscorlib
ConstructionCall_set_IsContextOk_m2994486781	System.Void System.Runtime.Remoting.Messaging.ConstructionCall::set_IsContextOk(System.Boolean)	mscorlib
ConstructionCall_get_ActivationType_m402163916	System.Type System.Runtime.Remoting.Messaging.ConstructionCall::get_ActivationType()	mscorlib
ConstructionCall_get_ActivationTypeName_m3152330302	System.String System.Runtime.Remoting.Messaging.ConstructionCall::get_ActivationTypeName()	mscorlib
ConstructionCall_get_Activator_m2234315252	System.Runtime.Remoting.Activation.IActivator System.Runtime.Remoting.Messaging.ConstructionCall::get_Activator()	mscorlib
ConstructionCall_set_Activator_m1916046285	System.Void System.Runtime.Remoting.Messaging.ConstructionCall::set_Activator(System.Runtime.Remoting.Activation.IActivator)	mscorlib
ConstructionCall_get_CallSiteActivationAttributes_m3498917408	System.Object[] System.Runtime.Remoting.Messaging.ConstructionCall::get_CallSiteActivationAttributes()	mscorlib
ConstructionCall_SetActivationAttributes_m2210519374	System.Void System.Runtime.Remoting.Messaging.ConstructionCall::SetActivationAttributes(System.Object[])	mscorlib
ConstructionCall_get_ContextProperties_m4226046805	System.Collections.IList System.Runtime.Remoting.Messaging.ConstructionCall::get_ContextProperties()	mscorlib
ConstructionCall_InitMethodProperty_m2021094586	System.Void System.Runtime.Remoting.Messaging.ConstructionCall::InitMethodProperty(System.String,System.Object)	mscorlib
ConstructionCall_get_Properties_m3011379795	System.Collections.IDictionary System.Runtime.Remoting.Messaging.ConstructionCall::get_Properties()	mscorlib
ConstructionCallDictionary__ctor_m2541174073	System.Void System.Runtime.Remoting.Messaging.ConstructionCallDictionary::.ctor(System.Runtime.Remoting.Activation.IConstructionCallMessage)	mscorlib
ConstructionCallDictionary__cctor_m3953897917	System.Void System.Runtime.Remoting.Messaging.ConstructionCallDictionary::.cctor()	mscorlib
ConstructionCallDictionary_GetMethodProperty_m868507224	System.Object System.Runtime.Remoting.Messaging.ConstructionCallDictionary::GetMethodProperty(System.String)	mscorlib
ConstructionCallDictionary_SetMethodProperty_m3145285304	System.Void System.Runtime.Remoting.Messaging.ConstructionCallDictionary::SetMethodProperty(System.String,System.Object)	mscorlib
EnvoyTerminatorSink__ctor_m2835977419	System.Void System.Runtime.Remoting.Messaging.EnvoyTerminatorSink::.ctor()	mscorlib
EnvoyTerminatorSink__cctor_m2182802076	System.Void System.Runtime.Remoting.Messaging.EnvoyTerminatorSink::.cctor()	mscorlib
Header__ctor_m1921907550	System.Void System.Runtime.Remoting.Messaging.Header::.ctor(System.String,System.Object)	mscorlib
Header__ctor_m3451012432	System.Void System.Runtime.Remoting.Messaging.Header::.ctor(System.String,System.Object,System.Boolean)	mscorlib
Header__ctor_m2140843914	System.Void System.Runtime.Remoting.Messaging.Header::.ctor(System.String,System.Object,System.Boolean,System.String)	mscorlib
HeaderHandler__ctor_m2052730798	System.Void System.Runtime.Remoting.Messaging.HeaderHandler::.ctor(System.Object,System.IntPtr)	mscorlib
HeaderHandler_Invoke_m3513051789	System.Object System.Runtime.Remoting.Messaging.HeaderHandler::Invoke(System.Runtime.Remoting.Messaging.Header[])	mscorlib
HeaderHandler_BeginInvoke_m3867166640	System.IAsyncResult System.Runtime.Remoting.Messaging.HeaderHandler::BeginInvoke(System.Runtime.Remoting.Messaging.Header[],System.AsyncCallback,System.Object)	mscorlib
HeaderHandler_EndInvoke_m1991538959	System.Object System.Runtime.Remoting.Messaging.HeaderHandler::EndInvoke(System.IAsyncResult)	mscorlib
LogicalCallContext__ctor_m1263247987	System.Void System.Runtime.Remoting.Messaging.LogicalCallContext::.ctor()	mscorlib
LogicalCallContext__ctor_m2167632604	System.Void System.Runtime.Remoting.Messaging.LogicalCallContext::.ctor(System.Runtime.Serialization.SerializationInfo,System.Runtime.Serialization.StreamingContext)	mscorlib
LogicalCallContext_SetData_m1808598347	System.Void System.Runtime.Remoting.Messaging.LogicalCallContext::SetData(System.String,System.Object)	mscorlib
LogicalCallContext_Clone_m1816384810	System.Object System.Runtime.Remoting.Messaging.LogicalCallContext::Clone()	mscorlib
MethodCall__ctor_m2176599175	System.Void System.Runtime.Remoting.Messaging.MethodCall::.ctor(System.Runtime.Remoting.Messaging.Header[])	mscorlib
MethodCall__ctor_m3517356389	System.Void System.Runtime.Remoting.Messaging.MethodCall::.ctor(System.Runtime.Serialization.SerializationInfo,System.Runtime.Serialization.StreamingContext)	mscorlib
MethodCall__ctor_m3669645	System.Void System.Runtime.Remoting.Messaging.MethodCall::.ctor()	mscorlib
MethodCall_System_Runtime_Remoting_Messaging_IInternalMessage_set_Uri_m1919576807	System.Void System.Runtime.Remoting.Messaging.MethodCall::System.Runtime.Remoting.Messaging.IInternalMessage.set_Uri(System.String)	mscorlib
MethodCall_InitMethodProperty_m1333573177	System.Void System.Runtime.Remoting.Messaging.MethodCall::InitMethodProperty(System.String,System.Object)	mscorlib
MethodCall_get_Args_m148309537	System.Object[] System.Runtime.Remoting.Messaging.MethodCall::get_Args()	mscorlib
MethodCall_get_LogicalCallContext_m555393702	System.Runtime.Remoting.Messaging.LogicalCallContext System.Runtime.Remoting.Messaging.MethodCall::get_LogicalCallContext()	mscorlib
MethodCall_get_MethodBase_m550047245	System.Reflection.MethodBase System.Runtime.Remoting.Messaging.MethodCall::get_MethodBase()	mscorlib
MethodCall_get_MethodName_m264867159	System.String System.Runtime.Remoting.Messaging.MethodCall::get_MethodName()	mscorlib
MethodCall_get_MethodSignature_m2407904958	System.Object System.Runtime.Remoting.Messaging.MethodCall::get_MethodSignature()	mscorlib
MethodCall_get_Properties_m3740161820	System.Collections.IDictionary System.Runtime.Remoting.Messaging.MethodCall::get_Properties()	mscorlib
MethodCall_InitDictionary_m865799153	System.Void System.Runtime.Remoting.Messaging.MethodCall::InitDictionary()	mscorlib
MethodCall_get_TypeName_m3873929301	System.String System.Runtime.Remoting.Messaging.MethodCall::get_TypeName()	mscorlib
MethodCall_get_Uri_m1720935531	System.String System.Runtime.Remoting.Messaging.MethodCall::get_Uri()	mscorlib
MethodCall_set_Uri_m3442466207	System.Void System.Runtime.Remoting.Messaging.MethodCall::set_Uri(System.String)	mscorlib
MethodCall_Init_m86192062	System.Void System.Runtime.Remoting.Messaging.MethodCall::Init()	mscorlib
MethodCall_ResolveMethod_m326183261	System.Void System.Runtime.Remoting.Messaging.MethodCall::ResolveMethod()	mscorlib
MethodCall_CastTo_m1915249774	System.Type System.Runtime.Remoting.Messaging.MethodCall::CastTo(System.String,System.Type)	mscorlib
MethodCall_GetTypeNameFromAssemblyQualifiedName_m1018622420	System.String System.Runtime.Remoting.Messaging.MethodCall::GetTypeNameFromAssemblyQualifiedName(System.String)	mscorlib
MethodCall_get_GenericArguments_m1010093584	System.Type[] System.Runtime.Remoting.Messaging.MethodCall::get_GenericArguments()	mscorlib
MethodCallDictionary__ctor_m2167303393	System.Void System.Runtime.Remoting.Messaging.MethodCallDictionary::.ctor(System.Runtime.Remoting.Messaging.IMethodMessage)	mscorlib
MethodCallDictionary__cctor_m2213329406	System.Void System.Runtime.Remoting.Messaging.MethodCallDictionary::.cctor()	mscorlib
MethodDictionary__ctor_m4235342752	System.Void System.Runtime.Remoting.Messaging.MethodDictionary::.ctor(System.Runtime.Remoting.Messaging.IMethodMessage)	mscorlib
MethodDictionary_System_Collections_IEnumerable_GetEnumerator_m4169036899	System.Collections.IEnumerator System.Runtime.Remoting.Messaging.MethodDictionary::System.Collections.IEnumerable.GetEnumerator()	mscorlib
MethodDictionary_set_MethodKeys_m1451825752	System.Void System.Runtime.Remoting.Messaging.MethodDictionary::set_MethodKeys(System.String[])	mscorlib
MethodDictionary_AllocInternalProperties_m1683153261	System.Collections.IDictionary System.Runtime.Remoting.Messaging.MethodDictionary::AllocInternalProperties()	mscorlib
MethodDictionary_GetInternalProperties_m2215984424	System.Collections.IDictionary System.Runtime.Remoting.Messaging.MethodDictionary::GetInternalProperties()	mscorlib
MethodDictionary_IsOverridenKey_m946843558	System.Boolean System.Runtime.Remoting.Messaging.MethodDictionary::IsOverridenKey(System.String)	mscorlib
MethodDictionary_get_Item_m1201458851	System.Object System.Runtime.Remoting.Messaging.MethodDictionary::get_Item(System.Object)	mscorlib
MethodDictionary_set_Item_m489343035	System.Void System.Runtime.Remoting.Messaging.MethodDictionary::set_Item(System.Object,System.Object)	mscorlib
MethodDictionary_GetMethodProperty_m3206728418	System.Object System.Runtime.Remoting.Messaging.MethodDictionary::GetMethodProperty(System.String)	mscorlib
MethodDictionary_SetMethodProperty_m3032369066	System.Void System.Runtime.Remoting.Messaging.MethodDictionary::SetMethodProperty(System.String,System.Object)	mscorlib
MethodDictionary_get_Values_m957801003	System.Collections.ICollection System.Runtime.Remoting.Messaging.MethodDictionary::get_Values()	mscorlib
MethodDictionary_Add_m1460237891	System.Void System.Runtime.Remoting.Messaging.MethodDictionary::Add(System.Object,System.Object)	mscorlib
MethodDictionary_Remove_m2649551615	System.Void System.Runtime.Remoting.Messaging.MethodDictionary::Remove(System.Object)	mscorlib
MethodDictionary_get_Count_m4037025569	System.Int32 System.Runtime.Remoting.Messaging.MethodDictionary::get_Count()	mscorlib
MethodDictionary_get_IsSynchronized_m1982724966	System.Boolean System.Runtime.Remoting.Messaging.MethodDictionary::get_IsSynchronized()	mscorlib
MethodDictionary_get_SyncRoot_m518515391	System.Object System.Runtime.Remoting.Messaging.MethodDictionary::get_SyncRoot()	mscorlib
MethodDictionary_CopyTo_m2912468790	System.Void System.Runtime.Remoting.Messaging.MethodDictionary::CopyTo(System.Array,System.Int32)	mscorlib
MethodDictionary_GetEnumerator_m1619497063	System.Collections.IDictionaryEnumerator System.Runtime.Remoting.Messaging.MethodDictionary::GetEnumerator()	mscorlib
DictionaryEnumerator__ctor_m713073424	System.Void System.Runtime.Remoting.Messaging.MethodDictionary/DictionaryEnumerator::.ctor(System.Runtime.Remoting.Messaging.MethodDictionary)	mscorlib
DictionaryEnumerator_get_Current_m2769714278	System.Object System.Runtime.Remoting.Messaging.MethodDictionary/DictionaryEnumerator::get_Current()	mscorlib
DictionaryEnumerator_MoveNext_m1462973125	System.Boolean System.Runtime.Remoting.Messaging.MethodDictionary/DictionaryEnumerator::MoveNext()	mscorlib
DictionaryEnumerator_Reset_m2916117190	System.Void System.Runtime.Remoting.Messaging.MethodDictionary/DictionaryEnumerator::Reset()	mscorlib
DictionaryEnumerator_get_Entry_m1635969600	System.Collections.DictionaryEntry System.Runtime.Remoting.Messaging.MethodDictionary/DictionaryEnumerator::get_Entry()	mscorlib
DictionaryEnumerator_get_Key_m2423649820	System.Object System.Runtime.Remoting.Messaging.MethodDictionary/DictionaryEnumerator::get_Key()	mscorlib
DictionaryEnumerator_get_Value_m2166220004	System.Object System.Runtime.Remoting.Messaging.MethodDictionary/DictionaryEnumerator::get_Value()	mscorlib
MethodReturnDictionary__ctor_m3850821940	System.Void System.Runtime.Remoting.Messaging.MethodReturnDictionary::.ctor(System.Runtime.Remoting.Messaging.IMethodReturnMessage)	mscorlib
MethodReturnDictionary__cctor_m278392388	System.Void System.Runtime.Remoting.Messaging.MethodReturnDictionary::.cctor()	mscorlib
MonoMethodMessage_get_Args_m2110710723	System.Object[] System.Runtime.Remoting.Messaging.MonoMethodMessage::get_Args()	mscorlib
MonoMethodMessage_get_LogicalCallContext_m2835676725	System.Runtime.Remoting.Messaging.LogicalCallContext System.Runtime.Remoting.Messaging.MonoMethodMessage::get_LogicalCallContext()	mscorlib
MonoMethodMessage_get_MethodBase_m2884727594	System.Reflection.MethodBase System.Runtime.Remoting.Messaging.MonoMethodMessage::get_MethodBase()	mscorlib
MonoMethodMessage_get_MethodName_m3805361957	System.String System.Runtime.Remoting.Messaging.MonoMethodMessage::get_MethodName()	mscorlib
MonoMethodMessage_get_MethodSignature_m580784519	System.Object System.Runtime.Remoting.Messaging.MonoMethodMessage::get_MethodSignature()	mscorlib
MonoMethodMessage_get_TypeName_m3758247133	System.String System.Runtime.Remoting.Messaging.MonoMethodMessage::get_TypeName()	mscorlib
MonoMethodMessage_get_Uri_m2484777536	System.String System.Runtime.Remoting.Messaging.MonoMethodMessage::get_Uri()	mscorlib
MonoMethodMessage_set_Uri_m958867306	System.Void System.Runtime.Remoting.Messaging.MonoMethodMessage::set_Uri(System.String)	mscorlib
MonoMethodMessage_get_Exception_m1271355240	System.Exception System.Runtime.Remoting.Messaging.MonoMethodMessage::get_Exception()	mscorlib
MonoMethodMessage_get_OutArgCount_m3123660340	System.Int32 System.Runtime.Remoting.Messaging.MonoMethodMessage::get_OutArgCount()	mscorlib
MonoMethodMessage_get_OutArgs_m1742115111	System.Object[] System.Runtime.Remoting.Messaging.MonoMethodMessage::get_OutArgs()	mscorlib
MonoMethodMessage_get_ReturnValue_m1500706237	System.Object System.Runtime.Remoting.Messaging.MonoMethodMessage::get_ReturnValue()	mscorlib
ObjRefSurrogate__ctor_m455472707	System.Void System.Runtime.Remoting.Messaging.ObjRefSurrogate::.ctor()	mscorlib
ObjRefSurrogate_SetObjectData_m2217650033	System.Object System.Runtime.Remoting.Messaging.ObjRefSurrogate::SetObjectData(System.Object,System.Runtime.Serialization.SerializationInfo,System.Runtime.Serialization.StreamingContext,System.Runtime.Serialization.ISurrogateSelector)	mscorlib
RemotingSurrogate__ctor_m1062105321	System.Void System.Runtime.Remoting.Messaging.RemotingSurrogate::.ctor()	mscorlib
RemotingSurrogate_SetObjectData_m2713731796	System.Object System.Runtime.Remoting.Messaging.RemotingSurrogate::SetObjectData(System.Object,System.Runtime.Serialization.SerializationInfo,System.Runtime.Serialization.StreamingContext,System.Runtime.Serialization.ISurrogateSelector)	mscorlib
RemotingSurrogateSelector__ctor_m1846610173	System.Void System.Runtime.Remoting.Messaging.RemotingSurrogateSelector::.ctor()	mscorlib
RemotingSurrogateSelector__cctor_m332560138	System.Void System.Runtime.Remoting.Messaging.RemotingSurrogateSelector::.cctor()	mscorlib
RemotingSurrogateSelector_GetSurrogate_m3900875713	System.Runtime.Serialization.ISerializationSurrogate System.Runtime.Remoting.Messaging.RemotingSurrogateSelector::GetSurrogate(System.Type,System.Runtime.Serialization.StreamingContext,System.Runtime.Serialization.ISurrogateSelector&)	mscorlib
ReturnMessage__ctor_m2352989078	System.Void System.Runtime.Remoting.Messaging.ReturnMessage::.ctor(System.Object,System.Object[],System.Int32,System.Runtime.Remoting.Messaging.LogicalCallContext,System.Runtime.Remoting.Messaging.IMethodCallMessage)	mscorlib
ReturnMessage__ctor_m1555286069	System.Void System.Runtime.Remoting.Messaging.ReturnMessage::.ctor(System.Exception,System.Runtime.Remoting.Messaging.IMethodCallMessage)	mscorlib
ReturnMessage_System_Runtime_Remoting_Messaging_IInternalMessage_set_Uri_m2462079058	System.Void System.Runtime.Remoting.Messaging.ReturnMessage::System.Runtime.Remoting.Messaging.IInternalMessage.set_Uri(System.String)	mscorlib
ReturnMessage_get_Args_m398905527	System.Object[] System.Runtime.Remoting.Messaging.ReturnMessage::get_Args()	mscorlib
ReturnMessage_get_LogicalCallContext_m2352570297	System.Runtime.Remoting.Messaging.LogicalCallContext System.Runtime.Remoting.Messaging.ReturnMessage::get_LogicalCallContext()	mscorlib
ReturnMessage_get_MethodBase_m2391555884	System.Reflection.MethodBase System.Runtime.Remoting.Messaging.ReturnMessage::get_MethodBase()	mscorlib
ReturnMessage_get_MethodName_m1311605024	System.String System.Runtime.Remoting.Messaging.ReturnMessage::get_MethodName()	mscorlib
ReturnMessage_get_MethodSignature_m399735125	System.Object System.Runtime.Remoting.Messaging.ReturnMessage::get_MethodSignature()	mscorlib
ReturnMessage_get_Properties_m3665464616	System.Collections.IDictionary System.Runtime.Remoting.Messaging.ReturnMessage::get_Properties()	mscorlib
ReturnMessage_get_TypeName_m3469766621	System.String System.Runtime.Remoting.Messaging.ReturnMessage::get_TypeName()	mscorlib
ReturnMessage_get_Uri_m2690508903	System.String System.Runtime.Remoting.Messaging.ReturnMessage::get_Uri()	mscorlib
ReturnMessage_set_Uri_m3134200303	System.Void System.Runtime.Remoting.Messaging.ReturnMessage::set_Uri(System.String)	mscorlib
ReturnMessage_get_Exception_m3375728265	System.Exception System.Runtime.Remoting.Messaging.ReturnMessage::get_Exception()	mscorlib
ReturnMessage_get_OutArgs_m1641976511	System.Object[] System.Runtime.Remoting.Messaging.ReturnMessage::get_OutArgs()	mscorlib
ReturnMessage_get_ReturnValue_m3976996692	System.Object System.Runtime.Remoting.Messaging.ReturnMessage::get_ReturnValue()	mscorlib
ServerContextTerminatorSink__ctor_m2519287841	System.Void System.Runtime.Remoting.Messaging.ServerContextTerminatorSink::.ctor()	mscorlib
ServerObjectTerminatorSink__ctor_m3974426286	System.Void System.Runtime.Remoting.Messaging.ServerObjectTerminatorSink::.ctor(System.Runtime.Remoting.Messaging.IMessageSink)	mscorlib
StackBuilderSink__ctor_m2065448592	System.Void System.Runtime.Remoting.Messaging.StackBuilderSink::.ctor(System.MarshalByRefObject,System.Boolean)	mscorlib
SoapAttribute__ctor_m1857608874	System.Void System.Runtime.Remoting.Metadata.SoapAttribute::.ctor()	mscorlib
SoapAttribute_get_UseAttribute_m3866369531	System.Boolean System.Runtime.Remoting.Metadata.SoapAttribute::get_UseAttribute()	mscorlib
SoapAttribute_get_XmlNamespace_m859394681	System.String System.Runtime.Remoting.Metadata.SoapAttribute::get_XmlNamespace()	mscorlib
SoapAttribute_SetReflectionObject_m4109300849	System.Void System.Runtime.Remoting.Metadata.SoapAttribute::SetReflectionObject(System.Object)	mscorlib
SoapFieldAttribute__ctor_m790943423	System.Void System.Runtime.Remoting.Metadata.SoapFieldAttribute::.ctor()	mscorlib
SoapFieldAttribute_get_XmlElementName_m2203304026	System.String System.Runtime.Remoting.Metadata.SoapFieldAttribute::get_XmlElementName()	mscorlib
SoapFieldAttribute_IsInteropXmlElement_m2819415462	System.Boolean System.Runtime.Remoting.Metadata.SoapFieldAttribute::IsInteropXmlElement()	mscorlib
SoapFieldAttribute_SetReflectionObject_m1576380366	System.Void System.Runtime.Remoting.Metadata.SoapFieldAttribute::SetReflectionObject(System.Object)	mscorlib
SoapMethodAttribute__ctor_m1788265923	System.Void System.Runtime.Remoting.Metadata.SoapMethodAttribute::.ctor()	mscorlib
SoapMethodAttribute_get_UseAttribute_m1147780171	System.Boolean System.Runtime.Remoting.Metadata.SoapMethodAttribute::get_UseAttribute()	mscorlib
SoapMethodAttribute_get_XmlNamespace_m4029617514	System.String System.Runtime.Remoting.Metadata.SoapMethodAttribute::get_XmlNamespace()	mscorlib
SoapMethodAttribute_SetReflectionObject_m503748123	System.Void System.Runtime.Remoting.Metadata.SoapMethodAttribute::SetReflectionObject(System.Object)	mscorlib
SoapParameterAttribute__ctor_m2146835121	System.Void System.Runtime.Remoting.Metadata.SoapParameterAttribute::.ctor()	mscorlib
SoapTypeAttribute__ctor_m4090878544	System.Void System.Runtime.Remoting.Metadata.SoapTypeAttribute::.ctor()	mscorlib
SoapTypeAttribute_get_UseAttribute_m3046604208	System.Boolean System.Runtime.Remoting.Metadata.SoapTypeAttribute::get_UseAttribute()	mscorlib
SoapTypeAttribute_get_XmlElementName_m2920861364	System.String System.Runtime.Remoting.Metadata.SoapTypeAttribute::get_XmlElementName()	mscorlib
SoapTypeAttribute_get_XmlNamespace_m1959618787	System.String System.Runtime.Remoting.Metadata.SoapTypeAttribute::get_XmlNamespace()	mscorlib
SoapTypeAttribute_get_XmlTypeName_m3319890470	System.String System.Runtime.Remoting.Metadata.SoapTypeAttribute::get_XmlTypeName()	mscorlib
SoapTypeAttribute_get_XmlTypeNamespace_m4211398148	System.String System.Runtime.Remoting.Metadata.SoapTypeAttribute::get_XmlTypeNamespace()	mscorlib
SoapTypeAttribute_get_IsInteropXmlElement_m3413949955	System.Boolean System.Runtime.Remoting.Metadata.SoapTypeAttribute::get_IsInteropXmlElement()	mscorlib
SoapTypeAttribute_get_IsInteropXmlType_m629667929	System.Boolean System.Runtime.Remoting.Metadata.SoapTypeAttribute::get_IsInteropXmlType()	mscorlib
SoapTypeAttribute_SetReflectionObject_m1691526413	System.Void System.Runtime.Remoting.Metadata.SoapTypeAttribute::SetReflectionObject(System.Object)	mscorlib
ObjRef__ctor_m823137228	System.Void System.Runtime.Remoting.ObjRef::.ctor()	mscorlib
ObjRef__ctor_m1843524090	System.Void System.Runtime.Remoting.ObjRef::.ctor(System.Runtime.Serialization.SerializationInfo,System.Runtime.Serialization.StreamingContext)	mscorlib
ObjRef__cctor_m1958474437	System.Void System.Runtime.Remoting.ObjRef::.cctor()	mscorlib
ObjRef_get_IsReferenceToWellKnow_m3951611746	System.Boolean System.Runtime.Remoting.ObjRef::get_IsReferenceToWellKnow()	mscorlib
ObjRef_get_ChannelInfo_m434196038	System.Runtime.Remoting.IChannelInfo System.Runtime.Remoting.ObjRef::get_ChannelInfo()	mscorlib
ObjRef_get_EnvoyInfo_m1782007847	System.Runtime.Remoting.IEnvoyInfo System.Runtime.Remoting.ObjRef::get_EnvoyInfo()	mscorlib
ObjRef_set_EnvoyInfo_m3653812956	System.Void System.Runtime.Remoting.ObjRef::set_EnvoyInfo(System.Runtime.Remoting.IEnvoyInfo)	mscorlib
ObjRef_get_TypeInfo_m1614059810	System.Runtime.Remoting.IRemotingTypeInfo System.Runtime.Remoting.ObjRef::get_TypeInfo()	mscorlib
ObjRef_set_TypeInfo_m2180735217	System.Void System.Runtime.Remoting.ObjRef::set_TypeInfo(System.Runtime.Remoting.IRemotingTypeInfo)	mscorlib
ObjRef_get_URI_m3017576950	System.String System.Runtime.Remoting.ObjRef::get_URI()	mscorlib
ObjRef_set_URI_m2491129464	System.Void System.Runtime.Remoting.ObjRef::set_URI(System.String)	mscorlib
ObjRef_GetRealObject_m2243479605	System.Object System.Runtime.Remoting.ObjRef::GetRealObject(System.Runtime.Serialization.StreamingContext)	mscorlib
ObjRef_UpdateChannelInfo_m871421559	System.Void System.Runtime.Remoting.ObjRef::UpdateChannelInfo()	mscorlib
ObjRef_get_ServerType_m4102914975	System.Type System.Runtime.Remoting.ObjRef::get_ServerType()	mscorlib
ProviderData__ctor_m2835711616	System.Void System.Runtime.Remoting.ProviderData::.ctor()	mscorlib
ProviderData_CopyFrom_m3402276734	System.Void System.Runtime.Remoting.ProviderData::CopyFrom(System.Runtime.Remoting.ProviderData)	mscorlib
ProxyAttribute_CreateInstance_m1531306115	System.MarshalByRefObject System.Runtime.Remoting.Proxies.ProxyAttribute::CreateInstance(System.Type)	mscorlib
ProxyAttribute_CreateProxy_m2826946776	System.Runtime.Remoting.Proxies.RealProxy System.Runtime.Remoting.Proxies.ProxyAttribute::CreateProxy(System.Runtime.Remoting.ObjRef,System.Type,System.Object,System.Runtime.Remoting.Contexts.Context)	mscorlib
ProxyAttribute_GetPropertiesForNewContext_m3751460645	System.Void System.Runtime.Remoting.Proxies.ProxyAttribute::GetPropertiesForNewContext(System.Runtime.Remoting.Activation.IConstructionCallMessage)	mscorlib
ProxyAttribute_IsContextOK_m1572386839	System.Boolean System.Runtime.Remoting.Proxies.ProxyAttribute::IsContextOK(System.Runtime.Remoting.Contexts.Context,System.Runtime.Remoting.Activation.IConstructionCallMessage)	mscorlib
RealProxy__ctor_m1860285982	System.Void System.Runtime.Remoting.Proxies.RealProxy::.ctor(System.Type)	mscorlib
RealProxy__ctor_m192459610	System.Void System.Runtime.Remoting.Proxies.RealProxy::.ctor(System.Type,System.Runtime.Remoting.ClientIdentity)	mscorlib
RealProxy__ctor_m192642440	System.Void System.Runtime.Remoting.Proxies.RealProxy::.ctor(System.Type,System.IntPtr,System.Object)	mscorlib
RealProxy_InternalGetProxyType_m2154819545	System.Type System.Runtime.Remoting.Proxies.RealProxy::InternalGetProxyType(System.Object)	mscorlib
RealProxy_GetProxiedType_m130698758	System.Type System.Runtime.Remoting.Proxies.RealProxy::GetProxiedType()	mscorlib
RealProxy_get_ObjectIdentity_m2790771985	System.Runtime.Remoting.Identity System.Runtime.Remoting.Proxies.RealProxy::get_ObjectIdentity()	mscorlib
RealProxy_InternalGetTransparentProxy_m1765012608	System.Object System.Runtime.Remoting.Proxies.RealProxy::InternalGetTransparentProxy(System.String)	mscorlib
RealProxy_GetTransparentProxy_m3318846301	System.Object System.Runtime.Remoting.Proxies.RealProxy::GetTransparentProxy()	mscorlib
RealProxy_SetTargetDomain_m1886392211	System.Void System.Runtime.Remoting.Proxies.RealProxy::SetTargetDomain(System.Int32)	mscorlib
RemotingProxy__ctor_m1504681762	System.Void System.Runtime.Remoting.Proxies.RemotingProxy::.ctor(System.Type,System.Runtime.Remoting.ClientIdentity)	mscorlib
RemotingProxy__ctor_m2714995444	System.Void System.Runtime.Remoting.Proxies.RemotingProxy::.ctor(System.Type,System.String,System.Object[])	mscorlib
RemotingProxy__cctor_m4096951805	System.Void System.Runtime.Remoting.Proxies.RemotingProxy::.cctor()	mscorlib
RemotingProxy_get_TypeName_m4085898624	System.String System.Runtime.Remoting.Proxies.RemotingProxy::get_TypeName()	mscorlib
RemotingProxy_Finalize_m2695236116	System.Void System.Runtime.Remoting.Proxies.RemotingProxy::Finalize()	mscorlib
RemotingConfiguration__cctor_m2997734064	System.Void System.Runtime.Remoting.RemotingConfiguration::.cctor()	mscorlib
RemotingConfiguration_get_ApplicationName_m593755586	System.String System.Runtime.Remoting.RemotingConfiguration::get_ApplicationName()	mscorlib
RemotingConfiguration_set_ApplicationName_m2517000516	System.Void System.Runtime.Remoting.RemotingConfiguration::set_ApplicationName(System.String)	mscorlib
RemotingConfiguration_get_ProcessId_m2180277012	System.String System.Runtime.Remoting.RemotingConfiguration::get_ProcessId()	mscorlib
RemotingConfiguration_LoadDefaultDelayedChannels_m1289761552	System.Void System.Runtime.Remoting.RemotingConfiguration::LoadDefaultDelayedChannels()	mscorlib
RemotingConfiguration_IsRemotelyActivatedClientType_m4117048589	System.Runtime.Remoting.ActivatedClientTypeEntry System.Runtime.Remoting.RemotingConfiguration::IsRemotelyActivatedClientType(System.Type)	mscorlib
RemotingConfiguration_RegisterActivatedClientType_m4212089575	System.Void System.Runtime.Remoting.RemotingConfiguration::RegisterActivatedClientType(System.Runtime.Remoting.ActivatedClientTypeEntry)	mscorlib
RemotingConfiguration_RegisterActivatedServiceType_m526187030	System.Void System.Runtime.Remoting.RemotingConfiguration::RegisterActivatedServiceType(System.Runtime.Remoting.ActivatedServiceTypeEntry)	mscorlib
RemotingConfiguration_RegisterWellKnownClientType_m1237674062	System.Void System.Runtime.Remoting.RemotingConfiguration::RegisterWellKnownClientType(System.Runtime.Remoting.WellKnownClientTypeEntry)	mscorlib
RemotingConfiguration_RegisterWellKnownServiceType_m4099334725	System.Void System.Runtime.Remoting.RemotingConfiguration::RegisterWellKnownServiceType(System.Runtime.Remoting.WellKnownServiceTypeEntry)	mscorlib
RemotingConfiguration_RegisterChannelTemplate_m3105688054	System.Void System.Runtime.Remoting.RemotingConfiguration::RegisterChannelTemplate(System.Runtime.Remoting.ChannelData)	mscorlib
RemotingConfiguration_RegisterClientProviderTemplate_m3950558786	System.Void System.Runtime.Remoting.RemotingConfiguration::RegisterClientProviderTemplate(System.Runtime.Remoting.ProviderData)	mscorlib
RemotingConfiguration_RegisterServerProviderTemplate_m2865814762	System.Void System.Runtime.Remoting.RemotingConfiguration::RegisterServerProviderTemplate(System.Runtime.Remoting.ProviderData)	mscorlib
RemotingConfiguration_RegisterChannels_m1089224873	System.Void System.Runtime.Remoting.RemotingConfiguration::RegisterChannels(System.Collections.ArrayList,System.Boolean)	mscorlib
RemotingConfiguration_RegisterTypes_m2378540395	System.Void System.Runtime.Remoting.RemotingConfiguration::RegisterTypes(System.Collections.ArrayList)	mscorlib
RemotingConfiguration_SetCustomErrorsMode_m12233052	System.Void System.Runtime.Remoting.RemotingConfiguration::SetCustomErrorsMode(System.String)	mscorlib
RemotingException__ctor_m1814113852	System.Void System.Runtime.Remoting.RemotingException::.ctor()	mscorlib
RemotingException__ctor_m2916537666	System.Void System.Runtime.Remoting.RemotingException::.ctor(System.String)	mscorlib
RemotingException__ctor_m1015537352	System.Void System.Runtime.Remoting.RemotingException::.ctor(System.Runtime.Serialization.SerializationInfo,System.Runtime.Serialization.StreamingContext)	mscorlib
RemotingException__ctor_m3625866612	System.Void System.Runtime.Remoting.RemotingException::.ctor(System.String,System.Exception)	mscorlib
RemotingServices__cctor_m4056345423	System.Void System.Runtime.Remoting.RemotingServices::.cctor()	mscorlib
RemotingServices_GetVirtualMethod_m3786317812	System.Reflection.MethodBase System.Runtime.Remoting.RemotingServices::GetVirtualMethod(System.Type,System.Reflection.MethodBase)	mscorlib
RemotingServices_IsTransparentProxy_m1535738947	System.Boolean System.Runtime.Remoting.RemotingServices::IsTransparentProxy(System.Object)	mscorlib
RemotingServices_GetServerTypeForUri_m1917852216	System.Type System.Runtime.Remoting.RemotingServices::GetServerTypeForUri(System.String)	mscorlib
RemotingServices_Unmarshal_m3744595373	System.Object System.Runtime.Remoting.RemotingServices::Unmarshal(System.Runtime.Remoting.ObjRef)	mscorlib
RemotingServices_Unmarshal_m260048024	System.Object System.Runtime.Remoting.RemotingServices::Unmarshal(System.Runtime.Remoting.ObjRef,System.Boolean)	mscorlib
RemotingServices_GetRealProxy_m2081098851	System.Runtime.Remoting.Proxies.RealProxy System.Runtime.Remoting.RemotingServices::GetRealProxy(System.Object)	mscorlib
RemotingServices_GetMethodBaseFromMethodMessage_m383468467	System.Reflection.MethodBase System.Runtime.Remoting.RemotingServices::GetMethodBaseFromMethodMessage(System.Runtime.Remoting.Messaging.IMethodMessage)	mscorlib
RemotingServices_GetMethodBaseFromName_m3194612939	System.Reflection.MethodBase System.Runtime.Remoting.RemotingServices::GetMethodBaseFromName(System.Type,System.String,System.Type[])	mscorlib
RemotingServices_FindInterfaceMethod_m2125212568	System.Reflection.MethodBase System.Runtime.Remoting.RemotingServices::FindInterfaceMethod(System.Type,System.String,System.Type[])	mscorlib
RemotingServices_CreateClientProxy_m3886727610	System.Object System.Runtime.Remoting.RemotingServices::CreateClientProxy(System.Runtime.Remoting.ActivatedClientTypeEntry,System.Object[])	mscorlib
RemotingServices_CreateClientProxy_m809906894	System.Object System.Runtime.Remoting.RemotingServices::CreateClientProxy(System.Type,System.String,System.Object[])	mscorlib
RemotingServices_CreateClientProxyForContextBound_m783705199	System.Object System.Runtime.Remoting.RemotingServices::CreateClientProxyForContextBound(System.Type,System.Object[])	mscorlib
RemotingServices_GetIdentityForUri_m2001974121	System.Runtime.Remoting.Identity System.Runtime.Remoting.RemotingServices::GetIdentityForUri(System.String)	mscorlib
RemotingServices_RemoveAppNameFromUri_m388703745	System.String System.Runtime.Remoting.RemotingServices::RemoveAppNameFromUri(System.String)	mscorlib
RemotingServices_GetOrCreateClientIdentity_m648299611	System.Runtime.Remoting.ClientIdentity System.Runtime.Remoting.RemotingServices::GetOrCreateClientIdentity(System.Runtime.Remoting.ObjRef,System.Type,System.Object&)	mscorlib
RemotingServices_GetClientChannelSinkChain_m1499550585	System.Runtime.Remoting.Messaging.IMessageSink System.Runtime.Remoting.RemotingServices::GetClientChannelSinkChain(System.String,System.Object,System.String&)	mscorlib
RemotingServices_CreateWellKnownServerIdentity_m1170328801	System.Runtime.Remoting.ServerIdentity System.Runtime.Remoting.RemotingServices::CreateWellKnownServerIdentity(System.Type,System.String,System.Runtime.Remoting.WellKnownObjectMode)	mscorlib
RemotingServices_RegisterServerIdentity_m196914637	System.Void System.Runtime.Remoting.RemotingServices::RegisterServerIdentity(System.Runtime.Remoting.ServerIdentity)	mscorlib
RemotingServices_GetProxyForRemoteObject_m1790739297	System.Object System.Runtime.Remoting.RemotingServices::GetProxyForRemoteObject(System.Runtime.Remoting.ObjRef,System.Type)	mscorlib
RemotingServices_GetRemoteObject_m2117098022	System.Object System.Runtime.Remoting.RemotingServices::GetRemoteObject(System.Runtime.Remoting.ObjRef,System.Type)	mscorlib
RemotingServices_RegisterInternalChannels_m3803685582	System.Void System.Runtime.Remoting.RemotingServices::RegisterInternalChannels()	mscorlib
RemotingServices_DisposeIdentity_m2605848806	System.Void System.Runtime.Remoting.RemotingServices::DisposeIdentity(System.Runtime.Remoting.Identity)	mscorlib
RemotingServices_GetNormalizedUri_m3119784285	System.String System.Runtime.Remoting.RemotingServices::GetNormalizedUri(System.String)	mscorlib
ServerIdentity__ctor_m1627037015	System.Void System.Runtime.Remoting.ServerIdentity::.ctor(System.String,System.Runtime.Remoting.Contexts.Context,System.Type)	mscorlib
ServerIdentity_get_ObjectType_m1709199788	System.Type System.Runtime.Remoting.ServerIdentity::get_ObjectType()	mscorlib
ServerIdentity_CreateObjRef_m3435315642	System.Runtime.Remoting.ObjRef System.Runtime.Remoting.ServerIdentity::CreateObjRef(System.Type)	mscorlib
TrackingServices__cctor_m2525949557	System.Void System.Runtime.Remoting.Services.TrackingServices::.cctor()	mscorlib
TrackingServices_NotifyUnmarshaledObject_m2784831802	System.Void System.Runtime.Remoting.Services.TrackingServices::NotifyUnmarshaledObject(System.Object,System.Runtime.Remoting.ObjRef)	mscorlib
SingleCallIdentity__ctor_m512106477	System.Void System.Runtime.Remoting.SingleCallIdentity::.ctor(System.String,System.Runtime.Remoting.Contexts.Context,System.Type)	mscorlib
SingletonIdentity__ctor_m3846583373	System.Void System.Runtime.Remoting.SingletonIdentity::.ctor(System.String,System.Runtime.Remoting.Contexts.Context,System.Type)	mscorlib
SoapServices__cctor_m3121621510	System.Void System.Runtime.Remoting.SoapServices::.cctor()	mscorlib
SoapServices_get_XmlNsForClrTypeWithAssembly_m2133585561	System.String System.Runtime.Remoting.SoapServices::get_XmlNsForClrTypeWithAssembly()	mscorlib
SoapServices_get_XmlNsForClrTypeWithNs_m3680841936	System.String System.Runtime.Remoting.SoapServices::get_XmlNsForClrTypeWithNs()	mscorlib
SoapServices_get_XmlNsForClrTypeWithNsAndAssembly_m2954042252	System.String System.Runtime.Remoting.SoapServices::get_XmlNsForClrTypeWithNsAndAssembly()	mscorlib
SoapServices_CodeXmlNamespaceForClrTypeNamespace_m4100633536	System.String System.Runtime.Remoting.SoapServices::CodeXmlNamespaceForClrTypeNamespace(System.String,System.String)	mscorlib
SoapServices_GetNameKey_m1553516689	System.String System.Runtime.Remoting.SoapServices::GetNameKey(System.String,System.String)	mscorlib
SoapServices_GetAssemblyName_m1160306025	System.String System.Runtime.Remoting.SoapServices::GetAssemblyName(System.Reflection.MethodBase)	mscorlib
SoapServices_GetXmlElementForInteropType_m1310850578	System.Boolean System.Runtime.Remoting.SoapServices::GetXmlElementForInteropType(System.Type,System.String&,System.String&)	mscorlib
SoapServices_GetXmlNamespaceForMethodCall_m4199193440	System.String System.Runtime.Remoting.SoapServices::GetXmlNamespaceForMethodCall(System.Reflection.MethodBase)	mscorlib
SoapServices_GetXmlNamespaceForMethodResponse_m72953636	System.String System.Runtime.Remoting.SoapServices::GetXmlNamespaceForMethodResponse(System.Reflection.MethodBase)	mscorlib
SoapServices_GetXmlTypeForInteropType_m226269097	System.Boolean System.Runtime.Remoting.SoapServices::GetXmlTypeForInteropType(System.Type,System.String&,System.String&)	mscorlib
SoapServices_PreLoad_m3694555274	System.Void System.Runtime.Remoting.SoapServices::PreLoad(System.Reflection.Assembly)	mscorlib
SoapServices_PreLoad_m1533129052	System.Void System.Runtime.Remoting.SoapServices::PreLoad(System.Type)	mscorlib
SoapServices_RegisterInteropXmlElement_m2539810323	System.Void System.Runtime.Remoting.SoapServices::RegisterInteropXmlElement(System.String,System.String,System.Type)	mscorlib
SoapServices_RegisterInteropXmlType_m3725804773	System.Void System.Runtime.Remoting.SoapServices::RegisterInteropXmlType(System.String,System.String,System.Type)	mscorlib
SoapServices_EncodeNs_m635167772	System.String System.Runtime.Remoting.SoapServices::EncodeNs(System.String)	mscorlib
TypeInfo__ctor_m3177869375	System.Void System.Runtime.Remoting.SoapServices/TypeInfo::.ctor()	mscorlib
TypeEntry__ctor_m3850067423	System.Void System.Runtime.Remoting.TypeEntry::.ctor()	mscorlib
TypeEntry_get_AssemblyName_m249907965	System.String System.Runtime.Remoting.TypeEntry::get_AssemblyName()	mscorlib
TypeEntry_set_AssemblyName_m740439947	System.Void System.Runtime.Remoting.TypeEntry::set_AssemblyName(System.String)	mscorlib
TypeEntry_get_TypeName_m3730760050	System.String System.Runtime.Remoting.TypeEntry::get_TypeName()	mscorlib
TypeEntry_set_TypeName_m2292673915	System.Void System.Runtime.Remoting.TypeEntry::set_TypeName(System.String)	mscorlib
TypeInfo__ctor_m3520353822	System.Void System.Runtime.Remoting.TypeInfo::.ctor(System.Type)	mscorlib
TypeInfo_get_TypeName_m3637299865	System.String System.Runtime.Remoting.TypeInfo::get_TypeName()	mscorlib
WellKnownClientTypeEntry__ctor_m2471908952	System.Void System.Runtime.Remoting.WellKnownClientTypeEntry::.ctor(System.String,System.String,System.String)	mscorlib
WellKnownClientTypeEntry_get_ApplicationUrl_m3926146748	System.String System.Runtime.Remoting.WellKnownClientTypeEntry::get_ApplicationUrl()	mscorlib
WellKnownClientTypeEntry_get_ObjectType_m1043664788	System.Type System.Runtime.Remoting.WellKnownClientTypeEntry::get_ObjectType()	mscorlib
WellKnownClientTypeEntry_get_ObjectUrl_m2025814880	System.String System.Runtime.Remoting.WellKnownClientTypeEntry::get_ObjectUrl()	mscorlib
WellKnownClientTypeEntry_ToString_m1119458503	System.String System.Runtime.Remoting.WellKnownClientTypeEntry::ToString()	mscorlib
WellKnownServiceTypeEntry__ctor_m2390594423	System.Void System.Runtime.Remoting.WellKnownServiceTypeEntry::.ctor(System.String,System.String,System.String,System.Runtime.Remoting.WellKnownObjectMode)	mscorlib
WellKnownServiceTypeEntry_get_Mode_m514401854	System.Runtime.Remoting.WellKnownObjectMode System.Runtime.Remoting.WellKnownServiceTypeEntry::get_Mode()	mscorlib
WellKnownServiceTypeEntry_get_ObjectType_m3211195371	System.Type System.Runtime.Remoting.WellKnownServiceTypeEntry::get_ObjectType()	mscorlib
WellKnownServiceTypeEntry_get_ObjectUri_m560402900	System.String System.Runtime.Remoting.WellKnownServiceTypeEntry::get_ObjectUri()	mscorlib
WellKnownServiceTypeEntry_ToString_m1546833365	System.String System.Runtime.Remoting.WellKnownServiceTypeEntry::ToString()	mscorlib
ArrayFixupRecord__ctor_m3071763795	System.Void System.Runtime.Serialization.ArrayFixupRecord::.ctor(System.Runtime.Serialization.ObjectRecord,System.Int32,System.Runtime.Serialization.ObjectRecord)	mscorlib
ArrayFixupRecord_FixupImpl_m4264567432	System.Void System.Runtime.Serialization.ArrayFixupRecord::FixupImpl(System.Runtime.Serialization.ObjectManager)	mscorlib
BaseFixupRecord__ctor_m3105931241	System.Void System.Runtime.Serialization.BaseFixupRecord::.ctor(System.Runtime.Serialization.ObjectRecord,System.Runtime.Serialization.ObjectRecord)	mscorlib
BaseFixupRecord_DoFixup_m1407429548	System.Boolean System.Runtime.Serialization.BaseFixupRecord::DoFixup(System.Runtime.Serialization.ObjectManager,System.Boolean)	mscorlib
DelayedFixupRecord__ctor_m1500671818	System.Void System.Runtime.Serialization.DelayedFixupRecord::.ctor(System.Runtime.Serialization.ObjectRecord,System.String,System.Runtime.Serialization.ObjectRecord)	mscorlib
DelayedFixupRecord_FixupImpl_m521536759	System.Void System.Runtime.Serialization.DelayedFixupRecord::FixupImpl(System.Runtime.Serialization.ObjectManager)	mscorlib
FixupRecord__ctor_m4156740480	System.Void System.Runtime.Serialization.FixupRecord::.ctor(System.Runtime.Serialization.ObjectRecord,System.Reflection.MemberInfo,System.Runtime.Serialization.ObjectRecord)	mscorlib
FixupRecord_FixupImpl_m2569366786	System.Void System.Runtime.Serialization.FixupRecord::FixupImpl(System.Runtime.Serialization.ObjectManager)	mscorlib
FormatterConverter__ctor_m4071877133	System.Void System.Runtime.Serialization.FormatterConverter::.ctor()	mscorlib
FormatterConverter_Convert_m1357098163	System.Object System.Runtime.Serialization.FormatterConverter::Convert(System.Object,System.Type)	mscorlib
FormatterConverter_ToBoolean_m1680758923	System.Boolean System.Runtime.Serialization.FormatterConverter::ToBoolean(System.Object)	mscorlib
FormatterConverter_ToInt16_m4282804414	System.Int16 System.Runtime.Serialization.FormatterConverter::ToInt16(System.Object)	mscorlib
FormatterConverter_ToInt32_m2929341202	System.Int32 System.Runtime.Serialization.FormatterConverter::ToInt32(System.Object)	mscorlib
FormatterConverter_ToInt64_m495840699	System.Int64 System.Runtime.Serialization.FormatterConverter::ToInt64(System.Object)	mscorlib
FormatterConverter_ToString_m1584725205	System.String System.Runtime.Serialization.FormatterConverter::ToString(System.Object)	mscorlib
BinaryCommon__cctor_m2978407547	System.Void System.Runtime.Serialization.Formatters.Binary.BinaryCommon::.cctor()	mscorlib
BinaryCommon_IsPrimitive_m378904036	System.Boolean System.Runtime.Serialization.Formatters.Binary.BinaryCommon::IsPrimitive(System.Type)	mscorlib
BinaryCommon_GetTypeFromCode_m39036572	System.Type System.Runtime.Serialization.Formatters.Binary.BinaryCommon::GetTypeFromCode(System.Int32)	mscorlib
BinaryCommon_SwapBytes_m3963737189	System.Void System.Runtime.Serialization.Formatters.Binary.BinaryCommon::SwapBytes(System.Byte[],System.Int32,System.Int32)	mscorlib
BinaryFormatter__ctor_m971003555	System.Void System.Runtime.Serialization.Formatters.Binary.BinaryFormatter::.ctor()	mscorlib
BinaryFormatter__ctor_m2620705134	System.Void System.Runtime.Serialization.Formatters.Binary.BinaryFormatter::.ctor(System.Runtime.Serialization.ISurrogateSelector,System.Runtime.Serialization.StreamingContext)	mscorlib
BinaryFormatter_get_DefaultSurrogateSelector_m3548531270	System.Runtime.Serialization.ISurrogateSelector System.Runtime.Serialization.Formatters.Binary.BinaryFormatter::get_DefaultSurrogateSelector()	mscorlib
BinaryFormatter_set_AssemblyFormat_m1359106493	System.Void System.Runtime.Serialization.Formatters.Binary.BinaryFormatter::set_AssemblyFormat(System.Runtime.Serialization.Formatters.FormatterAssemblyStyle)	mscorlib
BinaryFormatter_get_Binder_m166854567	System.Runtime.Serialization.SerializationBinder System.Runtime.Serialization.Formatters.Binary.BinaryFormatter::get_Binder()	mscorlib
BinaryFormatter_get_Context_m1651087560	System.Runtime.Serialization.StreamingContext System.Runtime.Serialization.Formatters.Binary.BinaryFormatter::get_Context()	mscorlib
BinaryFormatter_get_SurrogateSelector_m2111882017	System.Runtime.Serialization.ISurrogateSelector System.Runtime.Serialization.Formatters.Binary.BinaryFormatter::get_SurrogateSelector()	mscorlib
BinaryFormatter_get_FilterLevel_m1292975963	System.Runtime.Serialization.Formatters.TypeFilterLevel System.Runtime.Serialization.Formatters.Binary.BinaryFormatter::get_FilterLevel()	mscorlib
BinaryFormatter_Deserialize_m193346007	System.Object System.Runtime.Serialization.Formatters.Binary.BinaryFormatter::Deserialize(System.IO.Stream)	mscorlib
BinaryFormatter_NoCheckDeserialize_m2274318934	System.Object System.Runtime.Serialization.Formatters.Binary.BinaryFormatter::NoCheckDeserialize(System.IO.Stream,System.Runtime.Remoting.Messaging.HeaderHandler)	mscorlib
BinaryFormatter_ReadBinaryHeader_m2339643348	System.Void System.Runtime.Serialization.Formatters.Binary.BinaryFormatter::ReadBinaryHeader(System.IO.BinaryReader,System.Boolean&)	mscorlib
MessageFormatter_ReadMethodCall_m2327590823	System.Object System.Runtime.Serialization.Formatters.Binary.MessageFormatter::ReadMethodCall(System.Runtime.Serialization.Formatters.Binary.BinaryElement,System.IO.BinaryReader,System.Boolean,System.Runtime.Remoting.Messaging.HeaderHandler,System.Runtime.Serialization.Formatters.Binary.BinaryFormatter)	mscorlib
MessageFormatter_ReadMethodResponse_m1946725361	System.Object System.Runtime.Serialization.Formatters.Binary.MessageFormatter::ReadMethodResponse(System.Runtime.Serialization.Formatters.Binary.BinaryElement,System.IO.BinaryReader,System.Boolean,System.Runtime.Remoting.Messaging.HeaderHandler,System.Runtime.Remoting.Messaging.IMethodCallMessage,System.Runtime.Serialization.Formatters.Binary.BinaryFormatter)	mscorlib
ObjectReader__ctor_m2595396997	System.Void System.Runtime.Serialization.Formatters.Binary.ObjectReader::.ctor(System.Runtime.Serialization.Formatters.Binary.BinaryFormatter)	mscorlib
ObjectReader_ReadObjectGraph_m340866276	System.Void System.Runtime.Serialization.Formatters.Binary.ObjectReader::ReadObjectGraph(System.IO.BinaryReader,System.Boolean,System.Object&,System.Runtime.Remoting.Messaging.Header[]&)	mscorlib
ObjectReader_ReadObjectGraph_m1689734232	System.Void System.Runtime.Serialization.Formatters.Binary.ObjectReader::ReadObjectGraph(System.Runtime.Serialization.Formatters.Binary.BinaryElement,System.IO.BinaryReader,System.Boolean,System.Object&,System.Runtime.Remoting.Messaging.Header[]&)	mscorlib
ObjectReader_ReadNextObject_m1498077612	System.Boolean System.Runtime.Serialization.Formatters.Binary.ObjectReader::ReadNextObject(System.Runtime.Serialization.Formatters.Binary.BinaryElement,System.IO.BinaryReader)	mscorlib
ObjectReader_ReadNextObject_m2150937777	System.Boolean System.Runtime.Serialization.Formatters.Binary.ObjectReader::ReadNextObject(System.IO.BinaryReader)	mscorlib
ObjectReader_get_CurrentObject_m2820303483	System.Object System.Runtime.Serialization.Formatters.Binary.ObjectReader::get_CurrentObject()	mscorlib
ObjectReader_ReadObject_m540696579	System.Void System.Runtime.Serialization.Formatters.Binary.ObjectReader::ReadObject(System.Runtime.Serialization.Formatters.Binary.BinaryElement,System.IO.BinaryReader,System.Int64&,System.Object&,System.Runtime.Serialization.SerializationInfo&)	mscorlib
ObjectReader_ReadAssembly_m2963555857	System.Void System.Runtime.Serialization.Formatters.Binary.ObjectReader::ReadAssembly(System.IO.BinaryReader)	mscorlib
ObjectReader_ReadObjectInstance_m3952621118	System.Void System.Runtime.Serialization.Formatters.Binary.ObjectReader::ReadObjectInstance(System.IO.BinaryReader,System.Boolean,System.Boolean,System.Int64&,System.Object&,System.Runtime.Serialization.SerializationInfo&)	mscorlib
ObjectReader_ReadRefTypeObjectInstance_m3311150386	System.Void System.Runtime.Serialization.Formatters.Binary.ObjectReader::ReadRefTypeObjectInstance(System.IO.BinaryReader,System.Int64&,System.Object&,System.Runtime.Serialization.SerializationInfo&)	mscorlib
ObjectReader_ReadObjectContent_m1654577346	System.Void System.Runtime.Serialization.Formatters.Binary.ObjectReader::ReadObjectContent(System.IO.BinaryReader,System.Runtime.Serialization.Formatters.Binary.ObjectReader/TypeMetadata,System.Int64,System.Object&,System.Runtime.Serialization.SerializationInfo&)	mscorlib
ObjectReader_RegisterObject_m1853376334	System.Void System.Runtime.Serialization.Formatters.Binary.ObjectReader::RegisterObject(System.Int64,System.Object,System.Runtime.Serialization.SerializationInfo,System.Int64,System.Reflection.MemberInfo,System.Int32[])	mscorlib
ObjectReader_ReadStringIntance_m1523916863	System.Void System.Runtime.Serialization.Formatters.Binary.ObjectReader::ReadStringIntance(System.IO.BinaryReader,System.Int64&,System.Object&)	mscorlib
ObjectReader_ReadGenericArray_m1710471713	System.Void System.Runtime.Serialization.Formatters.Binary.ObjectReader::ReadGenericArray(System.IO.BinaryReader,System.Int64&,System.Object&)	mscorlib
ObjectReader_ReadBoxedPrimitiveTypeValue_m4086653205	System.Object System.Runtime.Serialization.Formatters.Binary.ObjectReader::ReadBoxedPrimitiveTypeValue(System.IO.BinaryReader)	mscorlib
ObjectReader_ReadArrayOfPrimitiveType_m3374303005	System.Void System.Runtime.Serialization.Formatters.Binary.ObjectReader::ReadArrayOfPrimitiveType(System.IO.BinaryReader,System.Int64&,System.Object&)	mscorlib
ObjectReader_BlockRead_m304158408	System.Void System.Runtime.Serialization.Formatters.Binary.ObjectReader::BlockRead(System.IO.BinaryReader,System.Array,System.Int32)	mscorlib
ObjectReader_ReadArrayOfObject_m671957184	System.Void System.Runtime.Serialization.Formatters.Binary.ObjectReader::ReadArrayOfObject(System.IO.BinaryReader,System.Int64&,System.Object&)	mscorlib
ObjectReader_ReadArrayOfString_m3550800559	System.Void System.Runtime.Serialization.Formatters.Binary.ObjectReader::ReadArrayOfString(System.IO.BinaryReader,System.Int64&,System.Object&)	mscorlib
ObjectReader_ReadSimpleArray_m428957657	System.Void System.Runtime.Serialization.Formatters.Binary.ObjectReader::ReadSimpleArray(System.IO.BinaryReader,System.Type,System.Int64&,System.Object&)	mscorlib
ObjectReader_ReadTypeMetadata_m3785645385	System.Runtime.Serialization.Formatters.Binary.ObjectReader/TypeMetadata System.Runtime.Serialization.Formatters.Binary.ObjectReader::ReadTypeMetadata(System.IO.BinaryReader,System.Boolean,System.Boolean)	mscorlib
ObjectReader_ReadValue_m3145979203	System.Void System.Runtime.Serialization.Formatters.Binary.ObjectReader::ReadValue(System.IO.BinaryReader,System.Object,System.Int64,System.Runtime.Serialization.SerializationInfo,System.Type,System.String,System.Reflection.MemberInfo,System.Int32[])	mscorlib
ObjectReader_SetObjectValue_m2761159765	System.Void System.Runtime.Serialization.Formatters.Binary.ObjectReader::SetObjectValue(System.Object,System.String,System.Reflection.MemberInfo,System.Runtime.Serialization.SerializationInfo,System.Object,System.Type,System.Int32[])	mscorlib
ObjectReader_RecordFixup_m4125245357	System.Void System.Runtime.Serialization.Formatters.Binary.ObjectReader::RecordFixup(System.Int64,System.Int64,System.Object,System.Runtime.Serialization.SerializationInfo,System.String,System.Reflection.MemberInfo,System.Int32[])	mscorlib
ObjectReader_GetDeserializationType_m1493678790	System.Type System.Runtime.Serialization.Formatters.Binary.ObjectReader::GetDeserializationType(System.Int64,System.String)	mscorlib
ObjectReader_ReadType_m1663843507	System.Type System.Runtime.Serialization.Formatters.Binary.ObjectReader::ReadType(System.IO.BinaryReader,System.Runtime.Serialization.Formatters.Binary.TypeTag)	mscorlib
ObjectReader_ReadPrimitiveTypeValue_m4293111728	System.Object System.Runtime.Serialization.Formatters.Binary.ObjectReader::ReadPrimitiveTypeValue(System.IO.BinaryReader,System.Type)	mscorlib
ArrayNullFiller__ctor_m1460935784	System.Void System.Runtime.Serialization.Formatters.Binary.ObjectReader/ArrayNullFiller::.ctor(System.Int32)	mscorlib
TypeMetadata__ctor_m646635308	System.Void System.Runtime.Serialization.Formatters.Binary.ObjectReader/TypeMetadata::.ctor()	mscorlib
FormatterServices_GetUninitializedObject_m3413592581	System.Object System.Runtime.Serialization.FormatterServices::GetUninitializedObject(System.Type)	mscorlib
FormatterServices_GetSafeUninitializedObject_m3890738292	System.Object System.Runtime.Serialization.FormatterServices::GetSafeUninitializedObject(System.Type)	mscorlib
MultiArrayFixupRecord__ctor_m1290009050	System.Void System.Runtime.Serialization.MultiArrayFixupRecord::.ctor(System.Runtime.Serialization.ObjectRecord,System.Int32[],System.Runtime.Serialization.ObjectRecord)	mscorlib
MultiArrayFixupRecord_FixupImpl_m1721674130	System.Void System.Runtime.Serialization.MultiArrayFixupRecord::FixupImpl(System.Runtime.Serialization.ObjectManager)	mscorlib
ObjectManager__ctor_m1844334865	System.Void System.Runtime.Serialization.ObjectManager::.ctor(System.Runtime.Serialization.ISurrogateSelector,System.Runtime.Serialization.StreamingContext)	mscorlib
ObjectManager_DoFixups_m3038765937	System.Void System.Runtime.Serialization.ObjectManager::DoFixups()	mscorlib
ObjectManager_GetObjectRecord_m1104835114	System.Runtime.Serialization.ObjectRecord System.Runtime.Serialization.ObjectManager::GetObjectRecord(System.Int64)	mscorlib
ObjectManager_GetObject_m1462343561	System.Object System.Runtime.Serialization.ObjectManager::GetObject(System.Int64)	mscorlib
ObjectManager_RaiseDeserializationEvent_m49333530	System.Void System.Runtime.Serialization.ObjectManager::RaiseDeserializationEvent()	mscorlib
ObjectManager_RaiseOnDeserializingEvent_m964884748	System.Void System.Runtime.Serialization.ObjectManager::RaiseOnDeserializingEvent(System.Object)	mscorlib
ObjectManager_RaiseOnDeserializedEvent_m2281637371	System.Void System.Runtime.Serialization.ObjectManager::RaiseOnDeserializedEvent(System.Object)	mscorlib
ObjectManager_AddFixup_m2154325362	System.Void System.Runtime.Serialization.ObjectManager::AddFixup(System.Runtime.Serialization.BaseFixupRecord)	mscorlib
ObjectManager_RecordArrayElementFixup_m3896982476	System.Void System.Runtime.Serialization.ObjectManager::RecordArrayElementFixup(System.Int64,System.Int32,System.Int64)	mscorlib
ObjectManager_RecordArrayElementFixup_m2171848602	System.Void System.Runtime.Serialization.ObjectManager::RecordArrayElementFixup(System.Int64,System.Int32[],System.Int64)	mscorlib
ObjectManager_RecordDelayedFixup_m337814852	System.Void System.Runtime.Serialization.ObjectManager::RecordDelayedFixup(System.Int64,System.String,System.Int64)	mscorlib
ObjectManager_RecordFixup_m290973772	System.Void System.Runtime.Serialization.ObjectManager::RecordFixup(System.Int64,System.Reflection.MemberInfo,System.Int64)	mscorlib
ObjectManager_RegisterObjectInternal_m3473857785	System.Void System.Runtime.Serialization.ObjectManager::RegisterObjectInternal(System.Object,System.Runtime.Serialization.ObjectRecord)	mscorlib
ObjectManager_RegisterObject_m2087328880	System.Void System.Runtime.Serialization.ObjectManager::RegisterObject(System.Object,System.Int64,System.Runtime.Serialization.SerializationInfo,System.Int64,System.Reflection.MemberInfo,System.Int32[])	mscorlib
ObjectRecord__ctor_m2962775102	System.Void System.Runtime.Serialization.ObjectRecord::.ctor()	mscorlib
ObjectRecord_SetMemberValue_m1045887821	System.Void System.Runtime.Serialization.ObjectRecord::SetMemberValue(System.Runtime.Serialization.ObjectManager,System.Reflection.MemberInfo,System.Object)	mscorlib
ObjectRecord_SetArrayValue_m2756856461	System.Void System.Runtime.Serialization.ObjectRecord::SetArrayValue(System.Runtime.Serialization.ObjectManager,System.Object,System.Int32[])	mscorlib
ObjectRecord_SetMemberValue_m4000081321	System.Void System.Runtime.Serialization.ObjectRecord::SetMemberValue(System.Runtime.Serialization.ObjectManager,System.String,System.Object)	mscorlib
ObjectRecord_get_IsInstanceReady_m2304516395	System.Boolean System.Runtime.Serialization.ObjectRecord::get_IsInstanceReady()	mscorlib
ObjectRecord_get_IsUnsolvedObjectReference_m1163921033	System.Boolean System.Runtime.Serialization.ObjectRecord::get_IsUnsolvedObjectReference()	mscorlib
ObjectRecord_get_IsRegistered_m1980446745	System.Boolean System.Runtime.Serialization.ObjectRecord::get_IsRegistered()	mscorlib
ObjectRecord_DoFixups_m1169675535	System.Boolean System.Runtime.Serialization.ObjectRecord::DoFixups(System.Boolean,System.Runtime.Serialization.ObjectManager,System.Boolean)	mscorlib
ObjectRecord_RemoveFixup_m2598771603	System.Void System.Runtime.Serialization.ObjectRecord::RemoveFixup(System.Runtime.Serialization.BaseFixupRecord,System.Boolean)	mscorlib
ObjectRecord_UnchainFixup_m3191243952	System.Void System.Runtime.Serialization.ObjectRecord::UnchainFixup(System.Runtime.Serialization.BaseFixupRecord,System.Runtime.Serialization.BaseFixupRecord,System.Boolean)	mscorlib
ObjectRecord_ChainFixup_m1889316362	System.Void System.Runtime.Serialization.ObjectRecord::ChainFixup(System.Runtime.Serialization.BaseFixupRecord,System.Boolean)	mscorlib
ObjectRecord_LoadData_m1119843494	System.Boolean System.Runtime.Serialization.ObjectRecord::LoadData(System.Runtime.Serialization.ObjectManager,System.Runtime.Serialization.ISurrogateSelector,System.Runtime.Serialization.StreamingContext)	mscorlib
ObjectRecord_get_HasPendingFixups_m1177656782	System.Boolean System.Runtime.Serialization.ObjectRecord::get_HasPendingFixups()	mscorlib
SerializationBinder__ctor_m1110997808	System.Void System.Runtime.Serialization.SerializationBinder::.ctor()	mscorlib
SerializationCallbacks__ctor_m3863304525	System.Void System.Runtime.Serialization.SerializationCallbacks::.ctor(System.Type)	mscorlib
SerializationCallbacks__cctor_m1674315180	System.Void System.Runtime.Serialization.SerializationCallbacks::.cctor()	mscorlib
SerializationCallbacks_get_HasDeserializedCallbacks_m989630968	System.Boolean System.Runtime.Serialization.SerializationCallbacks::get_HasDeserializedCallbacks()	mscorlib
SerializationCallbacks_GetMethodsByAttribute_m2095490433	System.Collections.ArrayList System.Runtime.Serialization.SerializationCallbacks::GetMethodsByAttribute(System.Type,System.Type)	mscorlib
SerializationCallbacks_Invoke_m4060432420	System.Void System.Runtime.Serialization.SerializationCallbacks::Invoke(System.Collections.ArrayList,System.Object,System.Runtime.Serialization.StreamingContext)	mscorlib
SerializationCallbacks_RaiseOnDeserializing_m3047111085	System.Void System.Runtime.Serialization.SerializationCallbacks::RaiseOnDeserializing(System.Object,System.Runtime.Serialization.StreamingContext)	mscorlib
SerializationCallbacks_RaiseOnDeserialized_m3761893080	System.Void System.Runtime.Serialization.SerializationCallbacks::RaiseOnDeserialized(System.Object,System.Runtime.Serialization.StreamingContext)	mscorlib
SerializationCallbacks_GetSerializationCallbacks_m2939476649	System.Runtime.Serialization.SerializationCallbacks System.Runtime.Serialization.SerializationCallbacks::GetSerializationCallbacks(System.Type)	mscorlib
CallbackHandler__ctor_m3390474190	System.Void System.Runtime.Serialization.SerializationCallbacks/CallbackHandler::.ctor(System.Object,System.IntPtr)	mscorlib
CallbackHandler_Invoke_m3512549308	System.Void System.Runtime.Serialization.SerializationCallbacks/CallbackHandler::Invoke(System.Runtime.Serialization.StreamingContext)	mscorlib
CallbackHandler_BeginInvoke_m1038689394	System.IAsyncResult System.Runtime.Serialization.SerializationCallbacks/CallbackHandler::BeginInvoke(System.Runtime.Serialization.StreamingContext,System.AsyncCallback,System.Object)	mscorlib
CallbackHandler_EndInvoke_m719226939	System.Void System.Runtime.Serialization.SerializationCallbacks/CallbackHandler::EndInvoke(System.IAsyncResult)	mscorlib
SerializationEntry__ctor_m1411687997_AdjustorThunk	System.Void System.Runtime.Serialization.SerializationEntry::.ctor(System.String,System.Type,System.Object)	mscorlib
SerializationEntry_get_Name_m1530029541_AdjustorThunk	System.String System.Runtime.Serialization.SerializationEntry::get_Name()	mscorlib
SerializationEntry_get_Value_m2039470570_AdjustorThunk	System.Object System.Runtime.Serialization.SerializationEntry::get_Value()	mscorlib
SerializationException__ctor_m3772074258	System.Void System.Runtime.Serialization.SerializationException::.ctor()	mscorlib
SerializationException__ctor_m3862484944	System.Void System.Runtime.Serialization.SerializationException::.ctor(System.String)	mscorlib
SerializationException__ctor_m3131447373	System.Void System.Runtime.Serialization.SerializationException::.ctor(System.Runtime.Serialization.SerializationInfo,System.Runtime.Serialization.StreamingContext)	mscorlib
SerializationInfo__ctor_m2923079689	System.Void System.Runtime.Serialization.SerializationInfo::.ctor(System.Type,System.Runtime.Serialization.IFormatterConverter)	mscorlib
SerializationInfo_AddValue_m3906743584	System.Void System.Runtime.Serialization.SerializationInfo::AddValue(System.String,System.Object,System.Type)	mscorlib
SerializationInfo_GetValue_m42271953	System.Object System.Runtime.Serialization.SerializationInfo::GetValue(System.String,System.Type)	mscorlib
SerializationInfo_SetType_m3923964808	System.Void System.Runtime.Serialization.SerializationInfo::SetType(System.Type)	mscorlib
SerializationInfo_GetEnumerator_m1082663843	System.Runtime.Serialization.SerializationInfoEnumerator System.Runtime.Serialization.SerializationInfo::GetEnumerator()	mscorlib
SerializationInfo_AddValue_m412754688	System.Void System.Runtime.Serialization.SerializationInfo::AddValue(System.String,System.Int32)	mscorlib
SerializationInfo_GetBoolean_m1756153320	System.Boolean System.Runtime.Serialization.SerializationInfo::GetBoolean(System.String)	mscorlib
SerializationInfo_GetInt16_m3858430398	System.Int16 System.Runtime.Serialization.SerializationInfo::GetInt16(System.String)	mscorlib
SerializationInfo_GetInt32_m2640574809	System.Int32 System.Runtime.Serialization.SerializationInfo::GetInt32(System.String)	mscorlib
SerializationInfo_GetInt64_m2503729515	System.Int64 System.Runtime.Serialization.SerializationInfo::GetInt64(System.String)	mscorlib
SerializationInfo_GetString_m3155282843	System.String System.Runtime.Serialization.SerializationInfo::GetString(System.String)	mscorlib
SerializationInfoEnumerator__ctor_m2264653019	System.Void System.Runtime.Serialization.SerializationInfoEnumerator::.ctor(System.Collections.ArrayList)	mscorlib
SerializationInfoEnumerator_System_Collections_IEnumerator_get_Current_m2029240404	System.Object System.Runtime.Serialization.SerializationInfoEnumerator::System.Collections.IEnumerator.get_Current()	mscorlib
SerializationInfoEnumerator_get_Current_m1365373082	System.Runtime.Serialization.SerializationEntry System.Runtime.Serialization.SerializationInfoEnumerator::get_Current()	mscorlib
SerializationInfoEnumerator_get_Name_m4203920197	System.String System.Runtime.Serialization.SerializationInfoEnumerator::get_Name()	mscorlib
SerializationInfoEnumerator_get_Value_m433044828	System.Object System.Runtime.Serialization.SerializationInfoEnumerator::get_Value()	mscorlib
SerializationInfoEnumerator_MoveNext_m2496151825	System.Boolean System.Runtime.Serialization.SerializationInfoEnumerator::MoveNext()	mscorlib
SerializationInfoEnumerator_Reset_m1193994596	System.Void System.Runtime.Serialization.SerializationInfoEnumerator::Reset()	mscorlib
StreamingContext__ctor_m1072028025_AdjustorThunk	System.Void System.Runtime.Serialization.StreamingContext::.ctor(System.Runtime.Serialization.StreamingContextStates)	mscorlib
StreamingContext__ctor_m2604757771_AdjustorThunk	System.Void System.Runtime.Serialization.StreamingContext::.ctor(System.Runtime.Serialization.StreamingContextStates,System.Object)	mscorlib
StreamingContext_get_State_m3338773567_AdjustorThunk	System.Runtime.Serialization.StreamingContextStates System.Runtime.Serialization.StreamingContext::get_State()	mscorlib
StreamingContext_Equals_m2722903674_AdjustorThunk	System.Boolean System.Runtime.Serialization.StreamingContext::Equals(System.Object)	mscorlib
StreamingContext_GetHashCode_m2281950854_AdjustorThunk	System.Int32 System.Runtime.Serialization.StreamingContext::GetHashCode()	mscorlib
RuntimeFieldHandle__ctor_m984632319_AdjustorThunk	System.Void System.RuntimeFieldHandle::.ctor(System.Runtime.Serialization.SerializationInfo,System.Runtime.Serialization.StreamingContext)	mscorlib
RuntimeFieldHandle_get_Value_m4138444424_AdjustorThunk	System.IntPtr System.RuntimeFieldHandle::get_Value()	mscorlib
RuntimeFieldHandle_Equals_m4012367076_AdjustorThunk	System.Boolean System.RuntimeFieldHandle::Equals(System.Object)	mscorlib
RuntimeFieldHandle_GetHashCode_m2632095277_AdjustorThunk	System.Int32 System.RuntimeFieldHandle::GetHashCode()	mscorlib
RuntimeMethodHandle__ctor_m2229201676_AdjustorThunk	System.Void System.RuntimeMethodHandle::.ctor(System.IntPtr)	mscorlib
RuntimeMethodHandle__ctor_m2867240657_AdjustorThunk	System.Void System.RuntimeMethodHandle::.ctor(System.Runtime.Serialization.SerializationInfo,System.Runtime.Serialization.StreamingContext)	mscorlib
RuntimeMethodHandle_get_Value_m723997769_AdjustorThunk	System.IntPtr System.RuntimeMethodHandle::get_Value()	mscorlib
RuntimeMethodHandle_Equals_m3301340296_AdjustorThunk	System.Boolean System.RuntimeMethodHandle::Equals(System.Object)	mscorlib
RuntimeMethodHandle_GetHashCode_m750321292_AdjustorThunk	System.Int32 System.RuntimeMethodHandle::GetHashCode()	mscorlib
RuntimeTypeHandle__ctor_m3315980708_AdjustorThunk	System.Void System.RuntimeTypeHandle::.ctor(System.Runtime.Serialization.SerializationInfo,System.Runtime.Serialization.StreamingContext)	mscorlib
RuntimeTypeHandle_get_Value_m1525396455_AdjustorThunk	System.IntPtr System.RuntimeTypeHandle::get_Value()	mscorlib
RuntimeTypeHandle_Equals_m2857439487_AdjustorThunk	System.Boolean System.RuntimeTypeHandle::Equals(System.Object)	mscorlib
RuntimeTypeHandle_GetHashCode_m3999856879_AdjustorThunk	System.Int32 System.RuntimeTypeHandle::GetHashCode()	mscorlib
SByte_System_IConvertible_ToBoolean_m3272910093_AdjustorThunk	System.Boolean System.SByte::System.IConvertible.ToBoolean(System.IFormatProvider)	mscorlib
SByte_System_IConvertible_ToByte_m2268214252_AdjustorThunk	System.Byte System.SByte::System.IConvertible.ToByte(System.IFormatProvider)	mscorlib
SByte_System_IConvertible_ToChar_m1489191771_AdjustorThunk	System.Char System.SByte::System.IConvertible.ToChar(System.IFormatProvider)	mscorlib
SByte_System_IConvertible_ToDateTime_m1659899958_AdjustorThunk	System.DateTime System.SByte::System.IConvertible.ToDateTime(System.IFormatProvider)	mscorlib
SByte_System_IConvertible_ToDecimal_m2548745278_AdjustorThunk	System.Decimal System.SByte::System.IConvertible.ToDecimal(System.IFormatProvider)	mscorlib
SByte_System_IConvertible_ToDouble_m2381680501_AdjustorThunk	System.Double System.SByte::System.IConvertible.ToDouble(System.IFormatProvider)	mscorlib
SByte_System_IConvertible_ToInt16_m885121451_AdjustorThunk	System.Int16 System.SByte::System.IConvertible.ToInt16(System.IFormatProvider)	mscorlib
SByte_System_IConvertible_ToInt32_m1636694485_AdjustorThunk	System.Int32 System.SByte::System.IConvertible.ToInt32(System.IFormatProvider)	mscorlib
SByte_System_IConvertible_ToInt64_m2107229906_AdjustorThunk	System.Int64 System.SByte::System.IConvertible.ToInt64(System.IFormatProvider)	mscorlib
SByte_System_IConvertible_ToSByte_m2452868086_AdjustorThunk	System.SByte System.SByte::System.IConvertible.ToSByte(System.IFormatProvider)	mscorlib
SByte_System_IConvertible_ToSingle_m1083054891_AdjustorThunk	System.Single System.SByte::System.IConvertible.ToSingle(System.IFormatProvider)	mscorlib
SByte_System_IConvertible_ToType_m4075253447_AdjustorThunk	System.Object System.SByte::System.IConvertible.ToType(System.Type,System.IFormatProvider)	mscorlib
SByte_System_IConvertible_ToUInt16_m1592743959_AdjustorThunk	System.UInt16 System.SByte::System.IConvertible.ToUInt16(System.IFormatProvider)	mscorlib
SByte_System_IConvertible_ToUInt32_m4275534457_AdjustorThunk	System.UInt32 System.SByte::System.IConvertible.ToUInt32(System.IFormatProvider)	mscorlib
SByte_System_IConvertible_ToUInt64_m4151910932_AdjustorThunk	System.UInt64 System.SByte::System.IConvertible.ToUInt64(System.IFormatProvider)	mscorlib
SByte_CompareTo_m3835733927_AdjustorThunk	System.Int32 System.SByte::CompareTo(System.Object)	mscorlib
SByte_Equals_m865896384_AdjustorThunk	System.Boolean System.SByte::Equals(System.Object)	mscorlib
SByte_GetHashCode_m2824841835_AdjustorThunk	System.Int32 System.SByte::GetHashCode()	mscorlib
SByte_CompareTo_m2441919575_AdjustorThunk	System.Int32 System.SByte::CompareTo(System.SByte)	mscorlib
SByte_Equals_m3032561558_AdjustorThunk	System.Boolean System.SByte::Equals(System.SByte)	mscorlib
SByte_Parse_m3630846728	System.Boolean System.SByte::Parse(System.String,System.Boolean,System.SByte&,System.Exception&)	mscorlib
SByte_Parse_m3250497834	System.SByte System.SByte::Parse(System.String,System.IFormatProvider)	mscorlib
SByte_Parse_m2899090751	System.SByte System.SByte::Parse(System.String,System.Globalization.NumberStyles,System.IFormatProvider)	mscorlib
SByte_TryParse_m2431806379	System.Boolean System.SByte::TryParse(System.String,System.SByte&)	mscorlib
SByte_ToString_m3584531119_AdjustorThunk	System.String System.SByte::ToString()	mscorlib
SByte_ToString_m1735624261_AdjustorThunk	System.String System.SByte::ToString(System.IFormatProvider)	mscorlib
SByte_ToString_m2762508873_AdjustorThunk	System.String System.SByte::ToString(System.String)	mscorlib
SByte_ToString_m2708934884_AdjustorThunk	System.String System.SByte::ToString(System.String,System.IFormatProvider)	mscorlib
AllowPartiallyTrustedCallersAttribute__ctor_m1248209229	System.Void System.Security.AllowPartiallyTrustedCallersAttribute::.ctor()	mscorlib
CodeAccessPermission__ctor_m1135661531	System.Void System.Security.CodeAccessPermission::.ctor()	mscorlib
CodeAccessPermission_Equals_m1555575992	System.Boolean System.Security.CodeAccessPermission::Equals(System.Object)	mscorlib
CodeAccessPermission_GetHashCode_m880096813	System.Int32 System.Security.CodeAccessPermission::GetHashCode()	mscorlib
CodeAccessPermission_ToString_m797953232	System.String System.Security.CodeAccessPermission::ToString()	mscorlib
CodeAccessPermission_Element_m4280812549	System.Security.SecurityElement System.Security.CodeAccessPermission::Element(System.Int32)	mscorlib
CodeAccessPermission_ThrowInvalidPermission_m3890026412	System.Void System.Security.CodeAccessPermission::ThrowInvalidPermission(System.Security.IPermission,System.Type)	mscorlib
AsymmetricAlgorithm__ctor_m1554933721	System.Void System.Security.Cryptography.AsymmetricAlgorithm::.ctor()	mscorlib
AsymmetricAlgorithm_System_IDisposable_Dispose_m4219596803	System.Void System.Security.Cryptography.AsymmetricAlgorithm::System.IDisposable.Dispose()	mscorlib
AsymmetricAlgorithm_get_KeySize_m2113907895	System.Int32 System.Security.Cryptography.AsymmetricAlgorithm::get_KeySize()	mscorlib
AsymmetricAlgorithm_set_KeySize_m2163393617	System.Void System.Security.Cryptography.AsymmetricAlgorithm::set_KeySize(System.Int32)	mscorlib
AsymmetricAlgorithm_Clear_m1528825448	System.Void System.Security.Cryptography.AsymmetricAlgorithm::Clear()	mscorlib
AsymmetricAlgorithm_GetNamedParam_m2128682280	System.Byte[] System.Security.Cryptography.AsymmetricAlgorithm::GetNamedParam(System.String,System.String)	mscorlib
AsymmetricKeyExchangeFormatter__ctor_m1720558774	System.Void System.Security.Cryptography.AsymmetricKeyExchangeFormatter::.ctor()	mscorlib
AsymmetricSignatureDeformatter__ctor_m88114807	System.Void System.Security.Cryptography.AsymmetricSignatureDeformatter::.ctor()	mscorlib
AsymmetricSignatureFormatter__ctor_m3278494933	System.Void System.Security.Cryptography.AsymmetricSignatureFormatter::.ctor()	mscorlib
Base64Constants__cctor_m1668117186	System.Void System.Security.Cryptography.Base64Constants::.cctor()	mscorlib
CryptoConfig__cctor_m34707108	System.Void System.Security.Cryptography.CryptoConfig::.cctor()	mscorlib
CryptoConfig_Initialize_m168211670	System.Void System.Security.Cryptography.CryptoConfig::Initialize()	mscorlib
CryptoConfig_CreateFromName_m1538277313	System.Object System.Security.Cryptography.CryptoConfig::CreateFromName(System.String)	mscorlib
CryptoConfig_CreateFromName_m2674746512	System.Object System.Security.Cryptography.CryptoConfig::CreateFromName(System.String,System.Object[])	mscorlib
CryptoConfig_MapNameToOID_m2044758263	System.String System.Security.Cryptography.CryptoConfig::MapNameToOID(System.String)	mscorlib
CryptoConfig_EncodeOID_m2635914623	System.Byte[] System.Security.Cryptography.CryptoConfig::EncodeOID(System.String)	mscorlib
CryptoConfig_EncodeLongNumber_m4127306320	System.Byte[] System.Security.Cryptography.CryptoConfig::EncodeLongNumber(System.Int64)	mscorlib
CryptographicException__ctor_m1391449859	System.Void System.Security.Cryptography.CryptographicException::.ctor()	mscorlib
CryptographicException__ctor_m503735289	System.Void System.Security.Cryptography.CryptographicException::.ctor(System.String)	mscorlib
CryptographicException__ctor_m1422015889	System.Void System.Security.Cryptography.CryptographicException::.ctor(System.String,System.Exception)	mscorlib
CryptographicException__ctor_m3803155940	System.Void System.Security.Cryptography.CryptographicException::.ctor(System.String,System.String)	mscorlib
CryptographicException__ctor_m3486909073	System.Void System.Security.Cryptography.CryptographicException::.ctor(System.Runtime.Serialization.SerializationInfo,System.Runtime.Serialization.StreamingContext)	mscorlib
CryptographicUnexpectedOperationException__ctor_m1394830404	System.Void System.Security.Cryptography.CryptographicUnexpectedOperationException::.ctor()	mscorlib
CryptographicUnexpectedOperationException__ctor_m2381988196	System.Void System.Security.Cryptography.CryptographicUnexpectedOperationException::.ctor(System.String)	mscorlib
CryptographicUnexpectedOperationException__ctor_m69881930	System.Void System.Security.Cryptography.CryptographicUnexpectedOperationException::.ctor(System.Runtime.Serialization.SerializationInfo,System.Runtime.Serialization.StreamingContext)	mscorlib
CspParameters__ctor_m277845443	System.Void System.Security.Cryptography.CspParameters::.ctor()	mscorlib
CspParameters__ctor_m2741097571	System.Void System.Security.Cryptography.CspParameters::.ctor(System.Int32)	mscorlib
CspParameters__ctor_m1928090281	System.Void System.Security.Cryptography.CspParameters::.ctor(System.Int32,System.String)	mscorlib
CspParameters__ctor_m3852972821	System.Void System.Security.Cryptography.CspParameters::.ctor(System.Int32,System.String,System.String)	mscorlib
CspParameters_get_Flags_m4238672607	System.Security.Cryptography.CspProviderFlags System.Security.Cryptography.CspParameters::get_Flags()	mscorlib
CspParameters_set_Flags_m397261363	System.Void System.Security.Cryptography.CspParameters::set_Flags(System.Security.Cryptography.CspProviderFlags)	mscorlib
DES__ctor_m1833611161	System.Void System.Security.Cryptography.DES::.ctor()	mscorlib
DES__cctor_m3576612725	System.Void System.Security.Cryptography.DES::.cctor()	mscorlib
DES_Create_m1258183099	System.Security.Cryptography.DES System.Security.Cryptography.DES::Create()	mscorlib
DES_Create_m2166467748	System.Security.Cryptography.DES System.Security.Cryptography.DES::Create(System.String)	mscorlib
DES_IsWeakKey_m1784515364	System.Boolean System.Security.Cryptography.DES::IsWeakKey(System.Byte[])	mscorlib
DES_IsSemiWeakKey_m2495136119	System.Boolean System.Security.Cryptography.DES::IsSemiWeakKey(System.Byte[])	mscorlib
DES_get_Key_m3419790416	System.Byte[] System.Security.Cryptography.DES::get_Key()	mscorlib
DES_set_Key_m2569946991	System.Void System.Security.Cryptography.DES::set_Key(System.Byte[])	mscorlib
DESCryptoServiceProvider__ctor_m3757531594	System.Void System.Security.Cryptography.DESCryptoServiceProvider::.ctor()	mscorlib
DESCryptoServiceProvider_CreateDecryptor_m3245980552	System.Security.Cryptography.ICryptoTransform System.Security.Cryptography.DESCryptoServiceProvider::CreateDecryptor(System.Byte[],System.Byte[])	mscorlib
DESCryptoServiceProvider_CreateEncryptor_m2830855064	System.Security.Cryptography.ICryptoTransform System.Security.Cryptography.DESCryptoServiceProvider::CreateEncryptor(System.Byte[],System.Byte[])	mscorlib
DESCryptoServiceProvider_GenerateIV_m683687014	System.Void System.Security.Cryptography.DESCryptoServiceProvider::GenerateIV()	mscorlib
DESCryptoServiceProvider_GenerateKey_m1810256255	System.Void System.Security.Cryptography.DESCryptoServiceProvider::GenerateKey()	mscorlib
DESTransform__ctor_m878979107	System.Void System.Security.Cryptography.DESTransform::.ctor(System.Security.Cryptography.SymmetricAlgorithm,System.Boolean,System.Byte[],System.Byte[])	mscorlib
DESTransform__cctor_m244488330	System.Void System.Security.Cryptography.DESTransform::.cctor()	mscorlib
DESTransform_CipherFunct_m3527261721	System.UInt32 System.Security.Cryptography.DESTransform::CipherFunct(System.UInt32,System.Int32)	mscorlib
DESTransform_Permutation_m252663723	System.Void System.Security.Cryptography.DESTransform::Permutation(System.Byte[],System.Byte[],System.UInt32[],System.Boolean)	mscorlib
DESTransform_BSwap_m2723001589	System.Void System.Security.Cryptography.DESTransform::BSwap(System.Byte[])	mscorlib
DESTransform_SetKey_m3436155416	System.Void System.Security.Cryptography.DESTransform::SetKey(System.Byte[])	mscorlib
DESTransform_ProcessBlock_m2449315636	System.Void System.Security.Cryptography.DESTransform::ProcessBlock(System.Byte[],System.Byte[])	mscorlib
DESTransform_ECB_m1168033891	System.Void System.Security.Cryptography.DESTransform::ECB(System.Byte[],System.Byte[])	mscorlib
DESTransform_GetStrongKey_m1464830895	System.Byte[] System.Security.Cryptography.DESTransform::GetStrongKey()	mscorlib
DSA__ctor_m1979872003	System.Void System.Security.Cryptography.DSA::.ctor()	mscorlib
DSA_Create_m1220983153	System.Security.Cryptography.DSA System.Security.Cryptography.DSA::Create()	mscorlib
DSA_Create_m2559649673	System.Security.Cryptography.DSA System.Security.Cryptography.DSA::Create(System.String)	mscorlib
DSA_ZeroizePrivateKey_m1053698176	System.Void System.Security.Cryptography.DSA::ZeroizePrivateKey(System.Security.Cryptography.DSAParameters)	mscorlib
DSA_FromXmlString_m1479532250	System.Void System.Security.Cryptography.DSA::FromXmlString(System.String)	mscorlib
DSA_ToXmlString_m3836885162	System.String System.Security.Cryptography.DSA::ToXmlString(System.Boolean)	mscorlib
DSACryptoServiceProvider__ctor_m517243624	System.Void System.Security.Cryptography.DSACryptoServiceProvider::.ctor()	mscorlib
DSACryptoServiceProvider__ctor_m1139102382	System.Void System.Security.Cryptography.DSACryptoServiceProvider::.ctor(System.Int32)	mscorlib
DSACryptoServiceProvider__ctor_m3949670084	System.Void System.Security.Cryptography.DSACryptoServiceProvider::.ctor(System.Int32,System.Security.Cryptography.CspParameters)	mscorlib
DSACryptoServiceProvider__cctor_m3823760945	System.Void System.Security.Cryptography.DSACryptoServiceProvider::.cctor()	mscorlib
DSACryptoServiceProvider_Finalize_m1286601265	System.Void System.Security.Cryptography.DSACryptoServiceProvider::Finalize()	mscorlib
DSACryptoServiceProvider_get_KeySize_m786836990	System.Int32 System.Security.Cryptography.DSACryptoServiceProvider::get_KeySize()	mscorlib
DSACryptoServiceProvider_get_PublicOnly_m3933928860	System.Boolean System.Security.Cryptography.DSACryptoServiceProvider::get_PublicOnly()	mscorlib
DSACryptoServiceProvider_ExportParameters_m591135777	System.Security.Cryptography.DSAParameters System.Security.Cryptography.DSACryptoServiceProvider::ExportParameters(System.Boolean)	mscorlib
DSACryptoServiceProvider_ImportParameters_m611916501	System.Void System.Security.Cryptography.DSACryptoServiceProvider::ImportParameters(System.Security.Cryptography.DSAParameters)	mscorlib
DSACryptoServiceProvider_CreateSignature_m267208648	System.Byte[] System.Security.Cryptography.DSACryptoServiceProvider::CreateSignature(System.Byte[])	mscorlib
DSACryptoServiceProvider_VerifySignature_m2080101421	System.Boolean System.Security.Cryptography.DSACryptoServiceProvider::VerifySignature(System.Byte[],System.Byte[])	mscorlib
DSACryptoServiceProvider_Dispose_m1092393028	System.Void System.Security.Cryptography.DSACryptoServiceProvider::Dispose(System.Boolean)	mscorlib
DSACryptoServiceProvider_OnKeyGenerated_m2274596916	System.Void System.Security.Cryptography.DSACryptoServiceProvider::OnKeyGenerated(System.Object,System.EventArgs)	mscorlib
DSASignatureDeformatter__ctor_m2759753186	System.Void System.Security.Cryptography.DSASignatureDeformatter::.ctor()	mscorlib
DSASignatureDeformatter__ctor_m2889130126	System.Void System.Security.Cryptography.DSASignatureDeformatter::.ctor(System.Security.Cryptography.AsymmetricAlgorithm)	mscorlib
DSASignatureDeformatter_SetHashAlgorithm_m3186995552	System.Void System.Security.Cryptography.DSASignatureDeformatter::SetHashAlgorithm(System.String)	mscorlib
DSASignatureDeformatter_SetKey_m2999549245	System.Void System.Security.Cryptography.DSASignatureDeformatter::SetKey(System.Security.Cryptography.AsymmetricAlgorithm)	mscorlib
DSASignatureDeformatter_VerifySignature_m4260177023	System.Boolean System.Security.Cryptography.DSASignatureDeformatter::VerifySignature(System.Byte[],System.Byte[])	mscorlib
DSASignatureDescription__ctor_m2058525095	System.Void System.Security.Cryptography.DSASignatureDescription::.ctor()	mscorlib
DSASignatureFormatter__ctor_m2328815619	System.Void System.Security.Cryptography.DSASignatureFormatter::.ctor()	mscorlib
DSASignatureFormatter_CreateSignature_m3254505990	System.Byte[] System.Security.Cryptography.DSASignatureFormatter::CreateSignature(System.Byte[])	mscorlib
DSASignatureFormatter_SetHashAlgorithm_m2004578631	System.Void System.Security.Cryptography.DSASignatureFormatter::SetHashAlgorithm(System.String)	mscorlib
DSASignatureFormatter_SetKey_m3643725525	System.Void System.Security.Cryptography.DSASignatureFormatter::SetKey(System.Security.Cryptography.AsymmetricAlgorithm)	mscorlib
HashAlgorithm__ctor_m190815979	System.Void System.Security.Cryptography.HashAlgorithm::.ctor()	mscorlib
HashAlgorithm_System_IDisposable_Dispose_m3925361195	System.Void System.Security.Cryptography.HashAlgorithm::System.IDisposable.Dispose()	mscorlib
HashAlgorithm_get_CanReuseTransform_m3278578776	System.Boolean System.Security.Cryptography.HashAlgorithm::get_CanReuseTransform()	mscorlib
HashAlgorithm_ComputeHash_m2825542963	System.Byte[] System.Security.Cryptography.HashAlgorithm::ComputeHash(System.Byte[])	mscorlib
HashAlgorithm_ComputeHash_m2044824070	System.Byte[] System.Security.Cryptography.HashAlgorithm::ComputeHash(System.Byte[],System.Int32,System.Int32)	mscorlib
HashAlgorithm_Create_m644612360	System.Security.Cryptography.HashAlgorithm System.Security.Cryptography.HashAlgorithm::Create(System.String)	mscorlib
HashAlgorithm_get_Hash_m482540885	System.Byte[] System.Security.Cryptography.HashAlgorithm::get_Hash()	mscorlib
HashAlgorithm_get_HashSize_m1025185937	System.Int32 System.Security.Cryptography.HashAlgorithm::get_HashSize()	mscorlib
HashAlgorithm_Dispose_m620242512	System.Void System.Security.Cryptography.HashAlgorithm::Dispose(System.Boolean)	mscorlib
HashAlgorithm_TransformBlock_m4006041779	System.Int32 System.Security.Cryptography.HashAlgorithm::TransformBlock(System.Byte[],System.Int32,System.Int32,System.Byte[],System.Int32)	mscorlib
HashAlgorithm_TransformFinalBlock_m3005451348	System.Byte[] System.Security.Cryptography.HashAlgorithm::TransformFinalBlock(System.Byte[],System.Int32,System.Int32)	mscorlib
HMAC__ctor_m97939284	System.Void System.Security.Cryptography.HMAC::.ctor()	mscorlib
HMAC_get_BlockSizeValue_m455678067	System.Int32 System.Security.Cryptography.HMAC::get_BlockSizeValue()	mscorlib
HMAC_set_BlockSizeValue_m2639576659	System.Void System.Security.Cryptography.HMAC::set_BlockSizeValue(System.Int32)	mscorlib
HMAC_set_HashName_m2561756873	System.Void System.Security.Cryptography.HMAC::set_HashName(System.String)	mscorlib
HMAC_get_Key_m623825087	System.Byte[] System.Security.Cryptography.HMAC::get_Key()	mscorlib
HMAC_set_Key_m2848363914	System.Void System.Security.Cryptography.HMAC::set_Key(System.Byte[])	mscorlib
HMAC_get_Block_m1432537422	Mono.Security.Cryptography.BlockProcessor System.Security.Cryptography.HMAC::get_Block()	mscorlib
HMAC_KeySetup_m661741544	System.Byte[] System.Security.Cryptography.HMAC::KeySetup(System.Byte[],System.Byte)	mscorlib
HMAC_Dispose_m3665032088	System.Void System.Security.Cryptography.HMAC::Dispose(System.Boolean)	mscorlib
HMAC_HashCore_m3684104066	System.Void System.Security.Cryptography.HMAC::HashCore(System.Byte[],System.Int32,System.Int32)	mscorlib
HMAC_HashFinal_m1921180827	System.Byte[] System.Security.Cryptography.HMAC::HashFinal()	mscorlib
HMAC_Initialize_m3157696427	System.Void System.Security.Cryptography.HMAC::Initialize()	mscorlib
HMAC_Create_m2390117573	System.Security.Cryptography.HMAC System.Security.Cryptography.HMAC::Create()	mscorlib
HMAC_Create_m2148924157	System.Security.Cryptography.HMAC System.Security.Cryptography.HMAC::Create(System.String)	mscorlib
HMACMD5__ctor_m3129799368	System.Void System.Security.Cryptography.HMACMD5::.ctor()	mscorlib
HMACMD5__ctor_m3008609295	System.Void System.Security.Cryptography.HMACMD5::.ctor(System.Byte[])	mscorlib
HMACRIPEMD160__ctor_m4073272899	System.Void System.Security.Cryptography.HMACRIPEMD160::.ctor()	mscorlib
HMACRIPEMD160__ctor_m2981281487	System.Void System.Security.Cryptography.HMACRIPEMD160::.ctor(System.Byte[])	mscorlib
HMACSHA1__ctor_m4144697316	System.Void System.Security.Cryptography.HMACSHA1::.ctor()	mscorlib
HMACSHA1__ctor_m446190279	System.Void System.Security.Cryptography.HMACSHA1::.ctor(System.Byte[])	mscorlib
HMACSHA256__ctor_m346174875	System.Void System.Security.Cryptography.HMACSHA256::.ctor()	mscorlib
HMACSHA256__ctor_m3379531528	System.Void System.Security.Cryptography.HMACSHA256::.ctor(System.Byte[])	mscorlib
HMACSHA384__ctor_m82969736	System.Void System.Security.Cryptography.HMACSHA384::.ctor()	mscorlib
HMACSHA384__ctor_m1677515580	System.Void System.Security.Cryptography.HMACSHA384::.ctor(System.Byte[])	mscorlib
HMACSHA384__cctor_m3009390673	System.Void System.Security.Cryptography.HMACSHA384::.cctor()	mscorlib
HMACSHA384_set_ProduceLegacyHmacValues_m76936446	System.Void System.Security.Cryptography.HMACSHA384::set_ProduceLegacyHmacValues(System.Boolean)	mscorlib
HMACSHA512__ctor_m2615612210	System.Void System.Security.Cryptography.HMACSHA512::.ctor()	mscorlib
HMACSHA512__ctor_m348055215	System.Void System.Security.Cryptography.HMACSHA512::.ctor(System.Byte[])	mscorlib
HMACSHA512__cctor_m4155933671	System.Void System.Security.Cryptography.HMACSHA512::.cctor()	mscorlib
HMACSHA512_set_ProduceLegacyHmacValues_m3961135292	System.Void System.Security.Cryptography.HMACSHA512::set_ProduceLegacyHmacValues(System.Boolean)	mscorlib
KeyedHashAlgorithm__ctor_m4053775756	System.Void System.Security.Cryptography.KeyedHashAlgorithm::.ctor()	mscorlib
KeyedHashAlgorithm_Finalize_m3436068827	System.Void System.Security.Cryptography.KeyedHashAlgorithm::Finalize()	mscorlib
KeyedHashAlgorithm_get_Key_m1843505301	System.Byte[] System.Security.Cryptography.KeyedHashAlgorithm::get_Key()	mscorlib
KeyedHashAlgorithm_set_Key_m711403901	System.Void System.Security.Cryptography.KeyedHashAlgorithm::set_Key(System.Byte[])	mscorlib
KeyedHashAlgorithm_Dispose_m2325408902	System.Void System.Security.Cryptography.KeyedHashAlgorithm::Dispose(System.Boolean)	mscorlib
KeyedHashAlgorithm_ZeroizeKey_m1611290675	System.Void System.Security.Cryptography.KeyedHashAlgorithm::ZeroizeKey()	mscorlib
KeySizes__ctor_m3113946058	System.Void System.Security.Cryptography.KeySizes::.ctor(System.Int32,System.Int32,System.Int32)	mscorlib
KeySizes_get_MaxSize_m3897255827	System.Int32 System.Security.Cryptography.KeySizes::get_MaxSize()	mscorlib
KeySizes_get_MinSize_m1903718763	System.Int32 System.Security.Cryptography.KeySizes::get_MinSize()	mscorlib
KeySizes_get_SkipSize_m2783487614	System.Int32 System.Security.Cryptography.KeySizes::get_SkipSize()	mscorlib
KeySizes_IsLegal_m2429848889	System.Boolean System.Security.Cryptography.KeySizes::IsLegal(System.Int32)	mscorlib
KeySizes_IsLegalKeySize_m2571462035	System.Boolean System.Security.Cryptography.KeySizes::IsLegalKeySize(System.Security.Cryptography.KeySizes[],System.Int32)	mscorlib
MACTripleDES__ctor_m1301195406	System.Void System.Security.Cryptography.MACTripleDES::.ctor()	mscorlib
MACTripleDES_Setup_m560957914	System.Void System.Security.Cryptography.MACTripleDES::Setup(System.String,System.Byte[])	mscorlib
MACTripleDES_Finalize_m3761305675	System.Void System.Security.Cryptography.MACTripleDES::Finalize()	mscorlib
MACTripleDES_Dispose_m3118990285	System.Void System.Security.Cryptography.MACTripleDES::Dispose(System.Boolean)	mscorlib
MACTripleDES_Initialize_m3918381832	System.Void System.Security.Cryptography.MACTripleDES::Initialize()	mscorlib
MACTripleDES_HashCore_m2803969153	System.Void System.Security.Cryptography.MACTripleDES::HashCore(System.Byte[],System.Int32,System.Int32)	mscorlib
MACTripleDES_HashFinal_m3613553534	System.Byte[] System.Security.Cryptography.MACTripleDES::HashFinal()	mscorlib
MD5__ctor_m3848300604	System.Void System.Security.Cryptography.MD5::.ctor()	mscorlib
MD5_Create_m3522414168	System.Security.Cryptography.MD5 System.Security.Cryptography.MD5::Create()	mscorlib
MD5_Create_m3289886172	System.Security.Cryptography.MD5 System.Security.Cryptography.MD5::Create(System.String)	mscorlib
MD5CryptoServiceProvider__ctor_m3271163125	System.Void System.Security.Cryptography.MD5CryptoServiceProvider::.ctor()	mscorlib
MD5CryptoServiceProvider__cctor_m2609586198	System.Void System.Security.Cryptography.MD5CryptoServiceProvider::.cctor()	mscorlib
MD5CryptoServiceProvider_Finalize_m950838019	System.Void System.Security.Cryptography.MD5CryptoServiceProvider::Finalize()	mscorlib
MD5CryptoServiceProvider_Dispose_m3502499818	System.Void System.Security.Cryptography.MD5CryptoServiceProvider::Dispose(System.Boolean)	mscorlib
MD5CryptoServiceProvider_HashCore_m2558876268	System.Void System.Security.Cryptography.MD5CryptoServiceProvider::HashCore(System.Byte[],System.Int32,System.Int32)	mscorlib
MD5CryptoServiceProvider_HashFinal_m2625727830	System.Byte[] System.Security.Cryptography.MD5CryptoServiceProvider::HashFinal()	mscorlib
MD5CryptoServiceProvider_Initialize_m2402854924	System.Void System.Security.Cryptography.MD5CryptoServiceProvider::Initialize()	mscorlib
MD5CryptoServiceProvider_ProcessBlock_m3522014752	System.Void System.Security.Cryptography.MD5CryptoServiceProvider::ProcessBlock(System.Byte[],System.Int32)	mscorlib
MD5CryptoServiceProvider_ProcessFinalBlock_m2241588515	System.Void System.Security.Cryptography.MD5CryptoServiceProvider::ProcessFinalBlock(System.Byte[],System.Int32,System.Int32)	mscorlib
MD5CryptoServiceProvider_AddLength_m142725782	System.Void System.Security.Cryptography.MD5CryptoServiceProvider::AddLength(System.UInt64,System.Byte[],System.Int32)	mscorlib
RandomNumberGenerator__ctor_m1589693309	System.Void System.Security.Cryptography.RandomNumberGenerator::.ctor()	mscorlib
RandomNumberGenerator_Create_m4162970280	System.Security.Cryptography.RandomNumberGenerator System.Security.Cryptography.RandomNumberGenerator::Create()	mscorlib
RandomNumberGenerator_Create_m2019689173	System.Security.Cryptography.RandomNumberGenerator System.Security.Cryptography.RandomNumberGenerator::Create(System.String)	mscorlib
RC2__ctor_m1146135664	System.Void System.Security.Cryptography.RC2::.ctor()	mscorlib
RC2_Create_m2516417038	System.Security.Cryptography.RC2 System.Security.Cryptography.RC2::Create()	mscorlib
RC2_Create_m2052783340	System.Security.Cryptography.RC2 System.Security.Cryptography.RC2::Create(System.String)	mscorlib
RC2_get_EffectiveKeySize_m285632245	System.Int32 System.Security.Cryptography.RC2::get_EffectiveKeySize()	mscorlib
RC2_get_KeySize_m146781412	System.Int32 System.Security.Cryptography.RC2::get_KeySize()	mscorlib
RC2_set_KeySize_m2968816949	System.Void System.Security.Cryptography.RC2::set_KeySize(System.Int32)	mscorlib
RC2CryptoServiceProvider__ctor_m420166935	System.Void System.Security.Cryptography.RC2CryptoServiceProvider::.ctor()	mscorlib
RC2CryptoServiceProvider_get_EffectiveKeySize_m3835262416	System.Int32 System.Security.Cryptography.RC2CryptoServiceProvider::get_EffectiveKeySize()	mscorlib
RC2CryptoServiceProvider_CreateDecryptor_m3810731330	System.Security.Cryptography.ICryptoTransform System.Security.Cryptography.RC2CryptoServiceProvider::CreateDecryptor(System.Byte[],System.Byte[])	mscorlib
RC2CryptoServiceProvider_CreateEncryptor_m1615052595	System.Security.Cryptography.ICryptoTransform System.Security.Cryptography.RC2CryptoServiceProvider::CreateEncryptor(System.Byte[],System.Byte[])	mscorlib
RC2CryptoServiceProvider_GenerateIV_m1412313176	System.Void System.Security.Cryptography.RC2CryptoServiceProvider::GenerateIV()	mscorlib
RC2CryptoServiceProvider_GenerateKey_m468082592	System.Void System.Security.Cryptography.RC2CryptoServiceProvider::GenerateKey()	mscorlib
RC2Transform__ctor_m1795280107	System.Void System.Security.Cryptography.RC2Transform::.ctor(System.Security.Cryptography.RC2,System.Boolean,System.Byte[],System.Byte[])	mscorlib
RC2Transform__cctor_m4067495236	System.Void System.Security.Cryptography.RC2Transform::.cctor()	mscorlib
RC2Transform_ECB_m1047445751	System.Void System.Security.Cryptography.RC2Transform::ECB(System.Byte[],System.Byte[])	mscorlib
Rijndael__ctor_m4179966697	System.Void System.Security.Cryptography.Rijndael::.ctor()	mscorlib
Rijndael_Create_m3053077028	System.Security.Cryptography.Rijndael System.Security.Cryptography.Rijndael::Create()	mscorlib
Rijndael_Create_m1026182146	System.Security.Cryptography.Rijndael System.Security.Cryptography.Rijndael::Create(System.String)	mscorlib
RijndaelManaged__ctor_m1562735454	System.Void System.Security.Cryptography.RijndaelManaged::.ctor()	mscorlib
RijndaelManaged_GenerateIV_m667430910	System.Void System.Security.Cryptography.RijndaelManaged::GenerateIV()	mscorlib
RijndaelManaged_GenerateKey_m1736287430	System.Void System.Security.Cryptography.RijndaelManaged::GenerateKey()	mscorlib
RijndaelManaged_CreateDecryptor_m1421727258	System.Security.Cryptography.ICryptoTransform System.Security.Cryptography.RijndaelManaged::CreateDecryptor(System.Byte[],System.Byte[])	mscorlib
RijndaelManaged_CreateEncryptor_m263736311	System.Security.Cryptography.ICryptoTransform System.Security.Cryptography.RijndaelManaged::CreateEncryptor(System.Byte[],System.Byte[])	mscorlib
RijndaelManagedTransform__ctor_m1033522223	System.Void System.Security.Cryptography.RijndaelManagedTransform::.ctor(System.Security.Cryptography.Rijndael,System.Boolean,System.Byte[],System.Byte[])	mscorlib
RijndaelManagedTransform_System_IDisposable_Dispose_m539902307	System.Void System.Security.Cryptography.RijndaelManagedTransform::System.IDisposable.Dispose()	mscorlib
RijndaelManagedTransform_get_CanReuseTransform_m2604443164	System.Boolean System.Security.Cryptography.RijndaelManagedTransform::get_CanReuseTransform()	mscorlib
RijndaelManagedTransform_TransformBlock_m1610137419	System.Int32 System.Security.Cryptography.RijndaelManagedTransform::TransformBlock(System.Byte[],System.Int32,System.Int32,System.Byte[],System.Int32)	mscorlib
RijndaelManagedTransform_TransformFinalBlock_m1454105523	System.Byte[] System.Security.Cryptography.RijndaelManagedTransform::TransformFinalBlock(System.Byte[],System.Int32,System.Int32)	mscorlib
RijndaelTransform__ctor_m3424202476	System.Void System.Security.Cryptography.RijndaelTransform::.ctor(System.Security.Cryptography.Rijndael,System.Boolean,System.Byte[],System.Byte[])	mscorlib
RijndaelTransform__cctor_m2439033240	System.Void System.Security.Cryptography.RijndaelTransform::.cctor()	mscorlib
RijndaelTransform_Clear_m2609662851	System.Void System.Security.Cryptography.RijndaelTransform::Clear()	mscorlib
RijndaelTransform_ECB_m670662322	System.Void System.Security.Cryptography.RijndaelTransform::ECB(System.Byte[],System.Byte[])	mscorlib
RijndaelTransform_SubByte_m3037693507	System.UInt32 System.Security.Cryptography.RijndaelTransform::SubByte(System.UInt32)	mscorlib
RijndaelTransform_Encrypt128_m1940909042	System.Void System.Security.Cryptography.RijndaelTransform::Encrypt128(System.Byte[],System.Byte[],System.UInt32[])	mscorlib
RijndaelTransform_Encrypt192_m3191066202	System.Void System.Security.Cryptography.RijndaelTransform::Encrypt192(System.Byte[],System.Byte[],System.UInt32[])	mscorlib
RijndaelTransform_Encrypt256_m2353669657	System.Void System.Security.Cryptography.RijndaelTransform::Encrypt256(System.Byte[],System.Byte[],System.UInt32[])	mscorlib
RijndaelTransform_Decrypt128_m4239115689	System.Void System.Security.Cryptography.RijndaelTransform::Decrypt128(System.Byte[],System.Byte[],System.UInt32[])	mscorlib
RijndaelTransform_Decrypt192_m3453970103	System.Void System.Security.Cryptography.RijndaelTransform::Decrypt192(System.Byte[],System.Byte[],System.UInt32[])	mscorlib
RijndaelTransform_Decrypt256_m4151308345	System.Void System.Security.Cryptography.RijndaelTransform::Decrypt256(System.Byte[],System.Byte[],System.UInt32[])	mscorlib
RIPEMD160__ctor_m860963627	System.Void System.Security.Cryptography.RIPEMD160::.ctor()	mscorlib
RIPEMD160Managed__ctor_m1837600365	System.Void System.Security.Cryptography.RIPEMD160Managed::.ctor()	mscorlib
RIPEMD160Managed_Initialize_m2173168986	System.Void System.Security.Cryptography.RIPEMD160Managed::Initialize()	mscorlib
RIPEMD160Managed_HashCore_m2350629432	System.Void System.Security.Cryptography.RIPEMD160Managed::HashCore(System.Byte[],System.Int32,System.Int32)	mscorlib
RIPEMD160Managed_HashFinal_m1016449914	System.Byte[] System.Security.Cryptography.RIPEMD160Managed::HashFinal()	mscorlib
RIPEMD160Managed_Finalize_m2864487594	System.Void System.Security.Cryptography.RIPEMD160Managed::Finalize()	mscorlib
RIPEMD160Managed_ProcessBlock_m3304263146	System.Void System.Security.Cryptography.RIPEMD160Managed::ProcessBlock(System.Byte[],System.Int32)	mscorlib
RIPEMD160Managed_Compress_m126479169	System.Void System.Security.Cryptography.RIPEMD160Managed::Compress()	mscorlib
RIPEMD160Managed_CompressFinal_m497690796	System.Void System.Security.Cryptography.RIPEMD160Managed::CompressFinal(System.UInt64)	mscorlib
RIPEMD160Managed_ROL_m2647139887	System.UInt32 System.Security.Cryptography.RIPEMD160Managed::ROL(System.UInt32,System.Int32)	mscorlib
RIPEMD160Managed_F_m2051853483	System.UInt32 System.Security.Cryptography.RIPEMD160Managed::F(System.UInt32,System.UInt32,System.UInt32)	mscorlib
RIPEMD160Managed_G_m3625715749	System.UInt32 System.Security.Cryptography.RIPEMD160Managed::G(System.UInt32,System.UInt32,System.UInt32)	mscorlib
RIPEMD160Managed_H_m2707761209	System.UInt32 System.Security.Cryptography.RIPEMD160Managed::H(System.UInt32,System.UInt32,System.UInt32)	mscorlib
RIPEMD160Managed_I_m2107336345	System.UInt32 System.Security.Cryptography.RIPEMD160Managed::I(System.UInt32,System.UInt32,System.UInt32)	mscorlib
RIPEMD160Managed_J_m1336489154	System.UInt32 System.Security.Cryptography.RIPEMD160Managed::J(System.UInt32,System.UInt32,System.UInt32)	mscorlib
RIPEMD160Managed_FF_m738585160	System.Void System.Security.Cryptography.RIPEMD160Managed::FF(System.UInt32&,System.UInt32,System.UInt32&,System.UInt32,System.UInt32,System.UInt32,System.Int32)	mscorlib
RIPEMD160Managed_GG_m3020389474	System.Void System.Security.Cryptography.RIPEMD160Managed::GG(System.UInt32&,System.UInt32,System.UInt32&,System.UInt32,System.UInt32,System.UInt32,System.Int32)	mscorlib
RIPEMD160Managed_HH_m90236373	System.Void System.Security.Cryptography.RIPEMD160Managed::HH(System.UInt32&,System.UInt32,System.UInt32&,System.UInt32,System.UInt32,System.UInt32,System.Int32)	mscorlib
RIPEMD160Managed_II_m1560285116	System.Void System.Security.Cryptography.RIPEMD160Managed::II(System.UInt32&,System.UInt32,System.UInt32&,System.UInt32,System.UInt32,System.UInt32,System.Int32)	mscorlib
RIPEMD160Managed_JJ_m112143231	System.Void System.Security.Cryptography.RIPEMD160Managed::JJ(System.UInt32&,System.UInt32,System.UInt32&,System.UInt32,System.UInt32,System.UInt32,System.Int32)	mscorlib
RIPEMD160Managed_FFF_m3692014807	System.Void System.Security.Cryptography.RIPEMD160Managed::FFF(System.UInt32&,System.UInt32,System.UInt32&,System.UInt32,System.UInt32,System.UInt32,System.Int32)	mscorlib
RIPEMD160Managed_GGG_m1715572318	System.Void System.Security.Cryptography.RIPEMD160Managed::GGG(System.UInt32&,System.UInt32,System.UInt32&,System.UInt32,System.UInt32,System.UInt32,System.Int32)	mscorlib
RIPEMD160Managed_HHH_m2839246531	System.Void System.Security.Cryptography.RIPEMD160Managed::HHH(System.UInt32&,System.UInt32,System.UInt32&,System.UInt32,System.UInt32,System.UInt32,System.Int32)	mscorlib
RIPEMD160Managed_III_m3606824266	System.Void System.Security.Cryptography.RIPEMD160Managed::III(System.UInt32&,System.UInt32,System.UInt32&,System.UInt32,System.UInt32,System.UInt32,System.Int32)	mscorlib
RIPEMD160Managed_JJJ_m4161373884	System.Void System.Security.Cryptography.RIPEMD160Managed::JJJ(System.UInt32&,System.UInt32,System.UInt32&,System.UInt32,System.UInt32,System.UInt32,System.Int32)	mscorlib
RNGCryptoServiceProvider__ctor_m2355451105	System.Void System.Security.Cryptography.RNGCryptoServiceProvider::.ctor()	mscorlib
RNGCryptoServiceProvider__cctor_m3587754670	System.Void System.Security.Cryptography.RNGCryptoServiceProvider::.cctor()	mscorlib
RNGCryptoServiceProvider_Check_m3453818294	System.Void System.Security.Cryptography.RNGCryptoServiceProvider::Check()	mscorlib
RNGCryptoServiceProvider_RngOpen_m792795472	System.Boolean System.Security.Cryptography.RNGCryptoServiceProvider::RngOpen()	mscorlib
RNGCryptoServiceProvider_RngInitialize_m2025286560	System.IntPtr System.Security.Cryptography.RNGCryptoServiceProvider::RngInitialize(System.Byte[])	mscorlib
RNGCryptoServiceProvider_RngGetBytes_m1695806698	System.IntPtr System.Security.Cryptography.RNGCryptoServiceProvider::RngGetBytes(System.IntPtr,System.Byte[])	mscorlib
RNGCryptoServiceProvider_RngClose_m3915778345	System.Void System.Security.Cryptography.RNGCryptoServiceProvider::RngClose(System.IntPtr)	mscorlib
RNGCryptoServiceProvider_GetBytes_m918414272	System.Void System.Security.Cryptography.RNGCryptoServiceProvider::GetBytes(System.Byte[])	mscorlib
RNGCryptoServiceProvider_GetNonZeroBytes_m1918423726	System.Void System.Security.Cryptography.RNGCryptoServiceProvider::GetNonZeroBytes(System.Byte[])	mscorlib
RNGCryptoServiceProvider_Finalize_m1304072372	System.Void System.Security.Cryptography.RNGCryptoServiceProvider::Finalize()	mscorlib
RSA__ctor_m2923348713	System.Void System.Security.Cryptography.RSA::.ctor()	mscorlib
RSA_Create_m4065275734	System.Security.Cryptography.RSA System.Security.Cryptography.RSA::Create()	mscorlib
RSA_Create_m2021570897	System.Security.Cryptography.RSA System.Security.Cryptography.RSA::Create(System.String)	mscorlib
RSA_ZeroizePrivateKey_m4052091611	System.Void System.Security.Cryptography.RSA::ZeroizePrivateKey(System.Security.Cryptography.RSAParameters)	mscorlib
RSA_FromXmlString_m2537913712	System.Void System.Security.Cryptography.RSA::FromXmlString(System.String)	mscorlib
RSA_ToXmlString_m2922661427	System.String System.Security.Cryptography.RSA::ToXmlString(System.Boolean)	mscorlib
RSACryptoServiceProvider__ctor_m2288290917	System.Void System.Security.Cryptography.RSACryptoServiceProvider::.ctor()	mscorlib
RSACryptoServiceProvider__ctor_m357386130	System.Void System.Security.Cryptography.RSACryptoServiceProvider::.ctor(System.Security.Cryptography.CspParameters)	mscorlib
RSACryptoServiceProvider__ctor_m2378475222	System.Void System.Security.Cryptography.RSACryptoServiceProvider::.ctor(System.Int32)	mscorlib
RSACryptoServiceProvider__cctor_m3113818354	System.Void System.Security.Cryptography.RSACryptoServiceProvider::.cctor()	mscorlib
RSACryptoServiceProvider_Common_m861233239	System.Void System.Security.Cryptography.RSACryptoServiceProvider::Common(System.Int32,System.Security.Cryptography.CspParameters)	mscorlib
RSACryptoServiceProvider_Finalize_m1969564496	System.Void System.Security.Cryptography.RSACryptoServiceProvider::Finalize()	mscorlib
RSACryptoServiceProvider_get_KeySize_m2654153358	System.Int32 System.Security.Cryptography.RSACryptoServiceProvider::get_KeySize()	mscorlib
RSACryptoServiceProvider_get_PublicOnly_m4039982639	System.Boolean System.Security.Cryptography.RSACryptoServiceProvider::get_PublicOnly()	mscorlib
RSACryptoServiceProvider_DecryptValue_m3095079293	System.Byte[] System.Security.Cryptography.RSACryptoServiceProvider::DecryptValue(System.Byte[])	mscorlib
RSACryptoServiceProvider_EncryptValue_m944137256	System.Byte[] System.Security.Cryptography.RSACryptoServiceProvider::EncryptValue(System.Byte[])	mscorlib
RSACryptoServiceProvider_ExportParameters_m3871179960	System.Security.Cryptography.RSAParameters System.Security.Cryptography.RSACryptoServiceProvider::ExportParameters(System.Boolean)	mscorlib
RSACryptoServiceProvider_ImportParameters_m614616705	System.Void System.Security.Cryptography.RSACryptoServiceProvider::ImportParameters(System.Security.Cryptography.RSAParameters)	mscorlib
RSACryptoServiceProvider_Dispose_m1199148535	System.Void System.Security.Cryptography.RSACryptoServiceProvider::Dispose(System.Boolean)	mscorlib
RSACryptoServiceProvider_OnKeyGenerated_m863837376	System.Void System.Security.Cryptography.RSACryptoServiceProvider::OnKeyGenerated(System.Object,System.EventArgs)	mscorlib
RSAPKCS1KeyExchangeFormatter__ctor_m1170240343	System.Void System.Security.Cryptography.RSAPKCS1KeyExchangeFormatter::.ctor(System.Security.Cryptography.AsymmetricAlgorithm)	mscorlib
RSAPKCS1KeyExchangeFormatter_CreateKeyExchange_m1611814432	System.Byte[] System.Security.Cryptography.RSAPKCS1KeyExchangeFormatter::CreateKeyExchange(System.Byte[])	mscorlib
RSAPKCS1KeyExchangeFormatter_SetRSAKey_m1477802943	System.Void System.Security.Cryptography.RSAPKCS1KeyExchangeFormatter::SetRSAKey(System.Security.Cryptography.AsymmetricAlgorithm)	mscorlib
RSAPKCS1SHA1SignatureDescription__ctor_m621804060	System.Void System.Security.Cryptography.RSAPKCS1SHA1SignatureDescription::.ctor()	mscorlib
RSAPKCS1SignatureDeformatter__ctor_m3540701537	System.Void System.Security.Cryptography.RSAPKCS1SignatureDeformatter::.ctor()	mscorlib
RSAPKCS1SignatureDeformatter__ctor_m3706544163	System.Void System.Security.Cryptography.RSAPKCS1SignatureDeformatter::.ctor(System.Security.Cryptography.AsymmetricAlgorithm)	mscorlib
RSAPKCS1SignatureDeformatter_SetHashAlgorithm_m1602190713	System.Void System.Security.Cryptography.RSAPKCS1SignatureDeformatter::SetHashAlgorithm(System.String)	mscorlib
RSAPKCS1SignatureDeformatter_SetKey_m614724234	System.Void System.Security.Cryptography.RSAPKCS1SignatureDeformatter::SetKey(System.Security.Cryptography.AsymmetricAlgorithm)	mscorlib
RSAPKCS1SignatureDeformatter_VerifySignature_m1810970621	System.Boolean System.Security.Cryptography.RSAPKCS1SignatureDeformatter::VerifySignature(System.Byte[],System.Byte[])	mscorlib
RSAPKCS1SignatureFormatter__ctor_m1234483002	System.Void System.Security.Cryptography.RSAPKCS1SignatureFormatter::.ctor()	mscorlib
RSAPKCS1SignatureFormatter_CreateSignature_m3191980616	System.Byte[] System.Security.Cryptography.RSAPKCS1SignatureFormatter::CreateSignature(System.Byte[])	mscorlib
RSAPKCS1SignatureFormatter_SetHashAlgorithm_m446605265	System.Void System.Security.Cryptography.RSAPKCS1SignatureFormatter::SetHashAlgorithm(System.String)	mscorlib
RSAPKCS1SignatureFormatter_SetKey_m2935054088	System.Void System.Security.Cryptography.RSAPKCS1SignatureFormatter::SetKey(System.Security.Cryptography.AsymmetricAlgorithm)	mscorlib
SHA1__ctor_m2454864745	System.Void System.Security.Cryptography.SHA1::.ctor()	mscorlib
SHA1_Create_m1390871308	System.Security.Cryptography.SHA1 System.Security.Cryptography.SHA1::Create()	mscorlib
SHA1_Create_m2934697039	System.Security.Cryptography.SHA1 System.Security.Cryptography.SHA1::Create(System.String)	mscorlib
SHA1CryptoServiceProvider__ctor_m4195188793	System.Void System.Security.Cryptography.SHA1CryptoServiceProvider::.ctor()	mscorlib
SHA1CryptoServiceProvider_Finalize_m1793183797	System.Void System.Security.Cryptography.SHA1CryptoServiceProvider::Finalize()	mscorlib
SHA1CryptoServiceProvider_Dispose_m1653611664	System.Void System.Security.Cryptography.SHA1CryptoServiceProvider::Dispose(System.Boolean)	mscorlib
SHA1CryptoServiceProvider_HashCore_m3575298072	System.Void System.Security.Cryptography.SHA1CryptoServiceProvider::HashCore(System.Byte[],System.Int32,System.Int32)	mscorlib
SHA1CryptoServiceProvider_HashFinal_m2727634713	System.Byte[] System.Security.Cryptography.SHA1CryptoServiceProvider::HashFinal()	mscorlib
SHA1CryptoServiceProvider_Initialize_m1426968065	System.Void System.Security.Cryptography.SHA1CryptoServiceProvider::Initialize()	mscorlib
SHA1Internal__ctor_m2437096624	System.Void System.Security.Cryptography.SHA1Internal::.ctor()	mscorlib
SHA1Internal_HashCore_m1635242363	System.Void System.Security.Cryptography.SHA1Internal::HashCore(System.Byte[],System.Int32,System.Int32)	mscorlib
SHA1Internal_HashFinal_m1760803056	System.Byte[] System.Security.Cryptography.SHA1Internal::HashFinal()	mscorlib
SHA1Internal_Initialize_m499810128	System.Void System.Security.Cryptography.SHA1Internal::Initialize()	mscorlib
SHA1Internal_ProcessBlock_m1991889327	System.Void System.Security.Cryptography.SHA1Internal::ProcessBlock(System.Byte[],System.UInt32)	mscorlib
SHA1Internal_InitialiseBuff_m2891366785	System.Void System.Security.Cryptography.SHA1Internal::InitialiseBuff(System.UInt32[],System.Byte[],System.UInt32)	mscorlib
SHA1Internal_FillBuff_m3615718415	System.Void System.Security.Cryptography.SHA1Internal::FillBuff(System.UInt32[])	mscorlib
SHA1Internal_ProcessFinalBlock_m1403775421	System.Void System.Security.Cryptography.SHA1Internal::ProcessFinalBlock(System.Byte[],System.Int32,System.Int32)	mscorlib
SHA1Internal_AddLength_m2737455899	System.Void System.Security.Cryptography.SHA1Internal::AddLength(System.UInt64,System.Byte[],System.Int32)	mscorlib
SHA1Managed__ctor_m3689558429	System.Void System.Security.Cryptography.SHA1Managed::.ctor()	mscorlib
SHA1Managed_HashCore_m3836844037	System.Void System.Security.Cryptography.SHA1Managed::HashCore(System.Byte[],System.Int32,System.Int32)	mscorlib
SHA1Managed_HashFinal_m2365675383	System.Byte[] System.Security.Cryptography.SHA1Managed::HashFinal()	mscorlib
SHA1Managed_Initialize_m1494395538	System.Void System.Security.Cryptography.SHA1Managed::Initialize()	mscorlib
SHA256__ctor_m4000989288	System.Void System.Security.Cryptography.SHA256::.ctor()	mscorlib
SHA256_Create_m610202894	System.Security.Cryptography.SHA256 System.Security.Cryptography.SHA256::Create()	mscorlib
SHA256_Create_m697467885	System.Security.Cryptography.SHA256 System.Security.Cryptography.SHA256::Create(System.String)	mscorlib
SHA256Managed__ctor_m2170017447	System.Void System.Security.Cryptography.SHA256Managed::.ctor()	mscorlib
SHA256Managed_HashCore_m329219284	System.Void System.Security.Cryptography.SHA256Managed::HashCore(System.Byte[],System.Int32,System.Int32)	mscorlib
SHA256Managed_HashFinal_m2914312286	System.Byte[] System.Security.Cryptography.SHA256Managed::HashFinal()	mscorlib
SHA256Managed_Initialize_m1787080315	System.Void System.Security.Cryptography.SHA256Managed::Initialize()	mscorlib
SHA256Managed_ProcessBlock_m2297835517	System.Void System.Security.Cryptography.SHA256Managed::ProcessBlock(System.Byte[],System.Int32)	mscorlib
SHA256Managed_ProcessFinalBlock_m3518004226	System.Void System.Security.Cryptography.SHA256Managed::ProcessFinalBlock(System.Byte[],System.Int32,System.Int32)	mscorlib
SHA256Managed_AddLength_m1060552216	System.Void System.Security.Cryptography.SHA256Managed::AddLength(System.UInt64,System.Byte[],System.Int32)	mscorlib
SHA384__ctor_m202253083	System.Void System.Security.Cryptography.SHA384::.ctor()	mscorlib
SHA384_Create_m3237405884	System.Security.Cryptography.SHA384 System.Security.Cryptography.SHA384::Create()	mscorlib
SHA384_Create_m1745173416	System.Security.Cryptography.SHA384 System.Security.Cryptography.SHA384::Create(System.String)	mscorlib
SHA384Managed__ctor_m3220477113	System.Void System.Security.Cryptography.SHA384Managed::.ctor()	mscorlib
SHA384Managed_Initialize_m1661896576	System.Void System.Security.Cryptography.SHA384Managed::Initialize(System.Boolean)	mscorlib
SHA384Managed_Initialize_m703960418	System.Void System.Security.Cryptography.SHA384Managed::Initialize()	mscorlib
SHA384Managed_HashCore_m3010817561	System.Void System.Security.Cryptography.SHA384Managed::HashCore(System.Byte[],System.Int32,System.Int32)	mscorlib
SHA384Managed_HashFinal_m2401837128	System.Byte[] System.Security.Cryptography.SHA384Managed::HashFinal()	mscorlib
SHA384Managed_update_m2910797953	System.Void System.Security.Cryptography.SHA384Managed::update(System.Byte)	mscorlib
SHA384Managed_processWord_m3832940157	System.Void System.Security.Cryptography.SHA384Managed::processWord(System.Byte[],System.Int32)	mscorlib
SHA384Managed_unpackWord_m785426507	System.Void System.Security.Cryptography.SHA384Managed::unpackWord(System.UInt64,System.Byte[],System.Int32)	mscorlib
SHA384Managed_adjustByteCounts_m2921970088	System.Void System.Security.Cryptography.SHA384Managed::adjustByteCounts()	mscorlib
SHA384Managed_processLength_m1746354084	System.Void System.Security.Cryptography.SHA384Managed::processLength(System.UInt64,System.UInt64)	mscorlib
SHA384Managed_processBlock_m1272529332	System.Void System.Security.Cryptography.SHA384Managed::processBlock()	mscorlib
SHA512__ctor_m84228937	System.Void System.Security.Cryptography.SHA512::.ctor()	mscorlib
SHA512_Create_m3934606971	System.Security.Cryptography.SHA512 System.Security.Cryptography.SHA512::Create()	mscorlib
SHA512_Create_m3236870067	System.Security.Cryptography.SHA512 System.Security.Cryptography.SHA512::Create(System.String)	mscorlib
SHA512Managed__ctor_m330347986	System.Void System.Security.Cryptography.SHA512Managed::.ctor()	mscorlib
SHA512Managed_Initialize_m2527292789	System.Void System.Security.Cryptography.SHA512Managed::Initialize(System.Boolean)	mscorlib
SHA512Managed_Initialize_m2478368867	System.Void System.Security.Cryptography.SHA512Managed::Initialize()	mscorlib
SHA512Managed_HashCore_m2377807474	System.Void System.Security.Cryptography.SHA512Managed::HashCore(System.Byte[],System.Int32,System.Int32)	mscorlib
SHA512Managed_HashFinal_m2173184560	System.Byte[] System.Security.Cryptography.SHA512Managed::HashFinal()	mscorlib
SHA512Managed_update_m3202186042	System.Void System.Security.Cryptography.SHA512Managed::update(System.Byte)	mscorlib
SHA512Managed_processWord_m1015820257	System.Void System.Security.Cryptography.SHA512Managed::processWord(System.Byte[],System.Int32)	mscorlib
SHA512Managed_unpackWord_m3785560830	System.Void System.Security.Cryptography.SHA512Managed::unpackWord(System.UInt64,System.Byte[],System.Int32)	mscorlib
SHA512Managed_adjustByteCounts_m3003603904	System.Void System.Security.Cryptography.SHA512Managed::adjustByteCounts()	mscorlib
SHA512Managed_processLength_m2162821715	System.Void System.Security.Cryptography.SHA512Managed::processLength(System.UInt64,System.UInt64)	mscorlib
SHA512Managed_processBlock_m1725885004	System.Void System.Security.Cryptography.SHA512Managed::processBlock()	mscorlib
SHA512Managed_rotateRight_m3393943223	System.UInt64 System.Security.Cryptography.SHA512Managed::rotateRight(System.UInt64,System.Int32)	mscorlib
SHA512Managed_Ch_m213737293	System.UInt64 System.Security.Cryptography.SHA512Managed::Ch(System.UInt64,System.UInt64,System.UInt64)	mscorlib
SHA512Managed_Maj_m3649014337	System.UInt64 System.Security.Cryptography.SHA512Managed::Maj(System.UInt64,System.UInt64,System.UInt64)	mscorlib
SHA512Managed_Sum0_m1216661412	System.UInt64 System.Security.Cryptography.SHA512Managed::Sum0(System.UInt64)	mscorlib
SHA512Managed_Sum1_m4163780989	System.UInt64 System.Security.Cryptography.SHA512Managed::Sum1(System.UInt64)	mscorlib
SHA512Managed_Sigma0_m921579649	System.UInt64 System.Security.Cryptography.SHA512Managed::Sigma0(System.UInt64)	mscorlib
SHA512Managed_Sigma1_m922902398	System.UInt64 System.Security.Cryptography.SHA512Managed::Sigma1(System.UInt64)	mscorlib
SHAConstants__cctor_m1699027474	System.Void System.Security.Cryptography.SHAConstants::.cctor()	mscorlib
SignatureDescription__ctor_m3689246904	System.Void System.Security.Cryptography.SignatureDescription::.ctor()	mscorlib
SignatureDescription_set_DeformatterAlgorithm_m2634775062	System.Void System.Security.Cryptography.SignatureDescription::set_DeformatterAlgorithm(System.String)	mscorlib
SignatureDescription_set_DigestAlgorithm_m1385003273	System.Void System.Security.Cryptography.SignatureDescription::set_DigestAlgorithm(System.String)	mscorlib
SignatureDescription_set_FormatterAlgorithm_m3829972493	System.Void System.Security.Cryptography.SignatureDescription::set_FormatterAlgorithm(System.String)	mscorlib
SignatureDescription_set_KeyAlgorithm_m3497860189	System.Void System.Security.Cryptography.SignatureDescription::set_KeyAlgorithm(System.String)	mscorlib
SymmetricAlgorithm__ctor_m467277132	System.Void System.Security.Cryptography.SymmetricAlgorithm::.ctor()	mscorlib
SymmetricAlgorithm_System_IDisposable_Dispose_m3402297829	System.Void System.Security.Cryptography.SymmetricAlgorithm::System.IDisposable.Dispose()	mscorlib
SymmetricAlgorithm_Finalize_m2361523015	System.Void System.Security.Cryptography.SymmetricAlgorithm::Finalize()	mscorlib
SymmetricAlgorithm_Clear_m3302238152	System.Void System.Security.Cryptography.SymmetricAlgorithm::Clear()	mscorlib
SymmetricAlgorithm_Dispose_m1120980942	System.Void System.Security.Cryptography.SymmetricAlgorithm::Dispose(System.Boolean)	mscorlib
SymmetricAlgorithm_get_BlockSize_m3551721617	System.Int32 System.Security.Cryptography.SymmetricAlgorithm::get_BlockSize()	mscorlib
SymmetricAlgorithm_set_BlockSize_m812732862	System.Void System.Security.Cryptography.SymmetricAlgorithm::set_BlockSize(System.Int32)	mscorlib
SymmetricAlgorithm_get_FeedbackSize_m3666584308	System.Int32 System.Security.Cryptography.SymmetricAlgorithm::get_FeedbackSize()	mscorlib
SymmetricAlgorithm_get_IV_m1875559108	System.Byte[] System.Security.Cryptography.SymmetricAlgorithm::get_IV()	mscorlib
SymmetricAlgorithm_set_IV_m3196220308	System.Void System.Security.Cryptography.SymmetricAlgorithm::set_IV(System.Byte[])	mscorlib
SymmetricAlgorithm_get_Key_m3241860519	System.Byte[] System.Security.Cryptography.SymmetricAlgorithm::get_Key()	mscorlib
SymmetricAlgorithm_set_Key_m1775642191	System.Void System.Security.Cryptography.SymmetricAlgorithm::set_Key(System.Byte[])	mscorlib
SymmetricAlgorithm_get_KeySize_m4185004893	System.Int32 System.Security.Cryptography.SymmetricAlgorithm::get_KeySize()	mscorlib
SymmetricAlgorithm_set_KeySize_m3805756466	System.Void System.Security.Cryptography.SymmetricAlgorithm::set_KeySize(System.Int32)	mscorlib
SymmetricAlgorithm_get_LegalKeySizes_m1340766361	System.Security.Cryptography.KeySizes[] System.Security.Cryptography.SymmetricAlgorithm::get_LegalKeySizes()	mscorlib
SymmetricAlgorithm_get_Mode_m654054760	System.Security.Cryptography.CipherMode System.Security.Cryptography.SymmetricAlgorithm::get_Mode()	mscorlib
SymmetricAlgorithm_set_Mode_m4060916368	System.Void System.Security.Cryptography.SymmetricAlgorithm::set_Mode(System.Security.Cryptography.CipherMode)	mscorlib
SymmetricAlgorithm_get_Padding_m1011382560	System.Security.Cryptography.PaddingMode System.Security.Cryptography.SymmetricAlgorithm::get_Padding()	mscorlib
SymmetricAlgorithm_set_Padding_m1690860683	System.Void System.Security.Cryptography.SymmetricAlgorithm::set_Padding(System.Security.Cryptography.PaddingMode)	mscorlib
SymmetricAlgorithm_CreateDecryptor_m3477646776	System.Security.Cryptography.ICryptoTransform System.Security.Cryptography.SymmetricAlgorithm::CreateDecryptor()	mscorlib
SymmetricAlgorithm_CreateEncryptor_m617415315	System.Security.Cryptography.ICryptoTransform System.Security.Cryptography.SymmetricAlgorithm::CreateEncryptor()	mscorlib
SymmetricAlgorithm_Create_m2726390826	System.Security.Cryptography.SymmetricAlgorithm System.Security.Cryptography.SymmetricAlgorithm::Create(System.String)	mscorlib
ToBase64Transform_System_IDisposable_Dispose_m1701635576	System.Void System.Security.Cryptography.ToBase64Transform::System.IDisposable.Dispose()	mscorlib
ToBase64Transform_Finalize_m4202114424	System.Void System.Security.Cryptography.ToBase64Transform::Finalize()	mscorlib
ToBase64Transform_get_CanReuseTransform_m702204640	System.Boolean System.Security.Cryptography.ToBase64Transform::get_CanReuseTransform()	mscorlib
ToBase64Transform_get_InputBlockSize_m1094416431	System.Int32 System.Security.Cryptography.ToBase64Transform::get_InputBlockSize()	mscorlib
ToBase64Transform_get_OutputBlockSize_m1897680077	System.Int32 System.Security.Cryptography.ToBase64Transform::get_OutputBlockSize()	mscorlib
ToBase64Transform_Dispose_m2199216182	System.Void System.Security.Cryptography.ToBase64Transform::Dispose(System.Boolean)	mscorlib
ToBase64Transform_TransformBlock_m2497349397	System.Int32 System.Security.Cryptography.ToBase64Transform::TransformBlock(System.Byte[],System.Int32,System.Int32,System.Byte[],System.Int32)	mscorlib
ToBase64Transform_InternalTransformBlock_m3458782414	System.Void System.Security.Cryptography.ToBase64Transform::InternalTransformBlock(System.Byte[],System.Int32,System.Int32,System.Byte[],System.Int32)	mscorlib
ToBase64Transform_TransformFinalBlock_m2460017188	System.Byte[] System.Security.Cryptography.ToBase64Transform::TransformFinalBlock(System.Byte[],System.Int32,System.Int32)	mscorlib
ToBase64Transform_InternalTransformFinalBlock_m360524956	System.Byte[] System.Security.Cryptography.ToBase64Transform::InternalTransformFinalBlock(System.Byte[],System.Int32,System.Int32)	mscorlib
TripleDES__ctor_m4045412014	System.Void System.Security.Cryptography.TripleDES::.ctor()	mscorlib
TripleDES_get_Key_m1921822970	System.Byte[] System.Security.Cryptography.TripleDES::get_Key()	mscorlib
TripleDES_set_Key_m3464715319	System.Void System.Security.Cryptography.TripleDES::set_Key(System.Byte[])	mscorlib
TripleDES_IsWeakKey_m2147489852	System.Boolean System.Security.Cryptography.TripleDES::IsWeakKey(System.Byte[])	mscorlib
TripleDES_Create_m3761371613	System.Security.Cryptography.TripleDES System.Security.Cryptography.TripleDES::Create()	mscorlib
TripleDES_Create_m2471273334	System.Security.Cryptography.TripleDES System.Security.Cryptography.TripleDES::Create(System.String)	mscorlib
TripleDESCryptoServiceProvider__ctor_m758388349	System.Void System.Security.Cryptography.TripleDESCryptoServiceProvider::.ctor()	mscorlib
TripleDESCryptoServiceProvider_GenerateIV_m3862928583	System.Void System.Security.Cryptography.TripleDESCryptoServiceProvider::GenerateIV()	mscorlib
TripleDESCryptoServiceProvider_GenerateKey_m1212686842	System.Void System.Security.Cryptography.TripleDESCryptoServiceProvider::GenerateKey()	mscorlib
TripleDESCryptoServiceProvider_CreateDecryptor_m740960117	System.Security.Cryptography.ICryptoTransform System.Security.Cryptography.TripleDESCryptoServiceProvider::CreateDecryptor(System.Byte[],System.Byte[])	mscorlib
TripleDESCryptoServiceProvider_CreateEncryptor_m450924958	System.Security.Cryptography.ICryptoTransform System.Security.Cryptography.TripleDESCryptoServiceProvider::CreateEncryptor(System.Byte[],System.Byte[])	mscorlib
TripleDESTransform__ctor_m3915497765	System.Void System.Security.Cryptography.TripleDESTransform::.ctor(System.Security.Cryptography.TripleDES,System.Boolean,System.Byte[],System.Byte[])	mscorlib
TripleDESTransform_ECB_m731927780	System.Void System.Security.Cryptography.TripleDESTransform::ECB(System.Byte[],System.Byte[])	mscorlib
TripleDESTransform_GetStrongKey_m292426577	System.Byte[] System.Security.Cryptography.TripleDESTransform::GetStrongKey()	mscorlib
X509Certificate__ctor_m1008109281	System.Void System.Security.Cryptography.X509Certificates.X509Certificate::.ctor(System.Byte[],System.Boolean)	mscorlib
X509Certificate__ctor_m1413707489	System.Void System.Security.Cryptography.X509Certificates.X509Certificate::.ctor(System.Byte[])	mscorlib
X509Certificate__ctor_m1321742168	System.Void System.Security.Cryptography.X509Certificates.X509Certificate::.ctor()	mscorlib
X509Certificate__ctor_m4186241804	System.Void System.Security.Cryptography.X509Certificates.X509Certificate::.ctor(System.Runtime.Serialization.SerializationInfo,System.Runtime.Serialization.StreamingContext)	mscorlib
X509Certificate_System_Runtime_Serialization_IDeserializationCallback_OnDeserialization_m1836612204	System.Void System.Security.Cryptography.X509Certificates.X509Certificate::System.Runtime.Serialization.IDeserializationCallback.OnDeserialization(System.Object)	mscorlib
X509Certificate_tostr_m197816703	System.String System.Security.Cryptography.X509Certificates.X509Certificate::tostr(System.Byte[])	mscorlib
X509Certificate_Equals_m861530042	System.Boolean System.Security.Cryptography.X509Certificates.X509Certificate::Equals(System.Security.Cryptography.X509Certificates.X509Certificate)	mscorlib
X509Certificate_GetCertHash_m274210048	System.Byte[] System.Security.Cryptography.X509Certificates.X509Certificate::GetCertHash()	mscorlib
X509Certificate_GetCertHashString_m3484127109	System.String System.Security.Cryptography.X509Certificates.X509Certificate::GetCertHashString()	mscorlib
X509Certificate_GetEffectiveDateString_m1666677721	System.String System.Security.Cryptography.X509Certificates.X509Certificate::GetEffectiveDateString()	mscorlib
X509Certificate_GetExpirationDateString_m1253593872	System.String System.Security.Cryptography.X509Certificates.X509Certificate::GetExpirationDateString()	mscorlib
X509Certificate_GetHashCode_m3969199094	System.Int32 System.Security.Cryptography.X509Certificates.X509Certificate::GetHashCode()	mscorlib
X509Certificate_GetIssuerName_m1601331538	System.String System.Security.Cryptography.X509Certificates.X509Certificate::GetIssuerName()	mscorlib
X509Certificate_GetName_m1060481339	System.String System.Security.Cryptography.X509Certificates.X509Certificate::GetName()	mscorlib
X509Certificate_GetPublicKey_m4184729161	System.Byte[] System.Security.Cryptography.X509Certificates.X509Certificate::GetPublicKey()	mscorlib
X509Certificate_GetRawCertData_m781236105	System.Byte[] System.Security.Cryptography.X509Certificates.X509Certificate::GetRawCertData()	mscorlib
X509Certificate_ToString_m3415629710	System.String System.Security.Cryptography.X509Certificates.X509Certificate::ToString()	mscorlib
X509Certificate_ToString_m2340207075	System.String System.Security.Cryptography.X509Certificates.X509Certificate::ToString(System.Boolean)	mscorlib
X509Certificate_get_Issuer_m2934704867	System.String System.Security.Cryptography.X509Certificates.X509Certificate::get_Issuer()	mscorlib
X509Certificate_get_Subject_m2638144878	System.String System.Security.Cryptography.X509Certificates.X509Certificate::get_Subject()	mscorlib
X509Certificate_Equals_m3784196370	System.Boolean System.Security.Cryptography.X509Certificates.X509Certificate::Equals(System.Object)	mscorlib
X509Certificate_Import_m3563119820	System.Void System.Security.Cryptography.X509Certificates.X509Certificate::Import(System.Byte[],System.String,System.Security.Cryptography.X509Certificates.X509KeyStorageFlags)	mscorlib
X509Certificate_Reset_m2350932593	System.Void System.Security.Cryptography.X509Certificates.X509Certificate::Reset()	mscorlib
SecurityPermission__ctor_m1462427327	System.Void System.Security.Permissions.SecurityPermission::.ctor(System.Security.Permissions.SecurityPermissionFlag)	mscorlib
SecurityPermission_set_Flags_m1503445204	System.Void System.Security.Permissions.SecurityPermission::set_Flags(System.Security.Permissions.SecurityPermissionFlag)	mscorlib
SecurityPermission_IsUnrestricted_m3327262311	System.Boolean System.Security.Permissions.SecurityPermission::IsUnrestricted()	mscorlib
SecurityPermission_IsSubsetOf_m545000671	System.Boolean System.Security.Permissions.SecurityPermission::IsSubsetOf(System.Security.IPermission)	mscorlib
SecurityPermission_ToXml_m355131433	System.Security.SecurityElement System.Security.Permissions.SecurityPermission::ToXml()	mscorlib
SecurityPermission_IsEmpty_m2033068359	System.Boolean System.Security.Permissions.SecurityPermission::IsEmpty()	mscorlib
SecurityPermission_Cast_m2392017566	System.Security.Permissions.SecurityPermission System.Security.Permissions.SecurityPermission::Cast(System.Security.IPermission)	mscorlib
SecurityPermissionAttribute_set_SkipVerification_m4061350763	System.Void System.Security.Permissions.SecurityPermissionAttribute::set_SkipVerification(System.Boolean)	mscorlib
StrongNamePublicKeyBlob_Equals_m3655422942	System.Boolean System.Security.Permissions.StrongNamePublicKeyBlob::Equals(System.Object)	mscorlib
StrongNamePublicKeyBlob_GetHashCode_m1678068698	System.Int32 System.Security.Permissions.StrongNamePublicKeyBlob::GetHashCode()	mscorlib
StrongNamePublicKeyBlob_ToString_m724833278	System.String System.Security.Permissions.StrongNamePublicKeyBlob::ToString()	mscorlib
PermissionSet__ctor_m2328457660	System.Void System.Security.PermissionSet::.ctor()	mscorlib
PermissionSet__ctor_m1880216441	System.Void System.Security.PermissionSet::.ctor(System.String)	mscorlib
PermissionSet_set_DeclarativeSecurity_m858801747	System.Void System.Security.PermissionSet::set_DeclarativeSecurity(System.Boolean)	mscorlib
PermissionSet_CreateFromBinaryFormat_m3762234240	System.Security.PermissionSet System.Security.PermissionSet::CreateFromBinaryFormat(System.Byte[])	mscorlib
ApplicationTrust__ctor_m515003198	System.Void System.Security.Policy.ApplicationTrust::.ctor()	mscorlib
Evidence__ctor_m415538579	System.Void System.Security.Policy.Evidence::.ctor()	mscorlib
Evidence_get_Count_m4079441921	System.Int32 System.Security.Policy.Evidence::get_Count()	mscorlib
Evidence_get_IsSynchronized_m3446368195	System.Boolean System.Security.Policy.Evidence::get_IsSynchronized()	mscorlib
Evidence_get_SyncRoot_m2835084965	System.Object System.Security.Policy.Evidence::get_SyncRoot()	mscorlib
Evidence_get_HostEvidenceList_m2705108086	System.Collections.ArrayList System.Security.Policy.Evidence::get_HostEvidenceList()	mscorlib
Evidence_get_AssemblyEvidenceList_m632963901	System.Collections.ArrayList System.Security.Policy.Evidence::get_AssemblyEvidenceList()	mscorlib
Evidence_CopyTo_m872435527	System.Void System.Security.Policy.Evidence::CopyTo(System.Array,System.Int32)	mscorlib
Evidence_Equals_m1478353107	System.Boolean System.Security.Policy.Evidence::Equals(System.Object)	mscorlib
Evidence_GetEnumerator_m302914965	System.Collections.IEnumerator System.Security.Policy.Evidence::GetEnumerator()	mscorlib
Evidence_GetHashCode_m2129946875	System.Int32 System.Security.Policy.Evidence::GetHashCode()	mscorlib
EvidenceEnumerator__ctor_m3211544433	System.Void System.Security.Policy.Evidence/EvidenceEnumerator::.ctor(System.Collections.IEnumerator,System.Collections.IEnumerator)	mscorlib
EvidenceEnumerator_MoveNext_m183460296	System.Boolean System.Security.Policy.Evidence/EvidenceEnumerator::MoveNext()	mscorlib
EvidenceEnumerator_Reset_m2337577119	System.Void System.Security.Policy.Evidence/EvidenceEnumerator::Reset()	mscorlib
EvidenceEnumerator_get_Current_m1264365535	System.Object System.Security.Policy.Evidence/EvidenceEnumerator::get_Current()	mscorlib
Hash__ctor_m1849242049	System.Void System.Security.Policy.Hash::.ctor()	mscorlib
Hash__ctor_m2891763106	System.Void System.Security.Policy.Hash::.ctor(System.Runtime.Serialization.SerializationInfo,System.Runtime.Serialization.StreamingContext)	mscorlib
Hash_ToString_m1453919145	System.String System.Security.Policy.Hash::ToString()	mscorlib
Hash_GetData_m1957063775	System.Byte[] System.Security.Policy.Hash::GetData()	mscorlib
StrongName_get_Name_m1932850490	System.String System.Security.Policy.StrongName::get_Name()	mscorlib
StrongName_get_PublicKey_m46076020	System.Security.Permissions.StrongNamePublicKeyBlob System.Security.Policy.StrongName::get_PublicKey()	mscorlib
StrongName_get_Version_m4243032012	System.Version System.Security.Policy.StrongName::get_Version()	mscorlib
StrongName_Equals_m384811149	System.Boolean System.Security.Policy.StrongName::Equals(System.Object)	mscorlib
StrongName_GetHashCode_m4255451393	System.Int32 System.Security.Policy.StrongName::GetHashCode()	mscorlib
StrongName_ToString_m3130222752	System.String System.Security.Policy.StrongName::ToString()	mscorlib
WindowsIdentity__ctor_m3086466707	System.Void System.Security.Principal.WindowsIdentity::.ctor(System.Runtime.Serialization.SerializationInfo,System.Runtime.Serialization.StreamingContext)	mscorlib
WindowsIdentity__cctor_m1315799505	System.Void System.Security.Principal.WindowsIdentity::.cctor()	mscorlib
WindowsIdentity_System_Runtime_Serialization_IDeserializationCallback_OnDeserialization_m3428853631	System.Void System.Security.Principal.WindowsIdentity::System.Runtime.Serialization.IDeserializationCallback.OnDeserialization(System.Object)	mscorlib
WindowsIdentity_Dispose_m3466258450	System.Void System.Security.Principal.WindowsIdentity::Dispose()	mscorlib
WindowsIdentity_GetCurrentToken_m841791956	System.IntPtr System.Security.Principal.WindowsIdentity::GetCurrentToken()	mscorlib
WindowsIdentity_GetTokenName_m2370798233	System.String System.Security.Principal.WindowsIdentity::GetTokenName(System.IntPtr)	mscorlib
SecurityContext__ctor_m3125602325	System.Void System.Security.SecurityContext::.ctor()	mscorlib
SecurityContext__ctor_m1730177197	System.Void System.Security.SecurityContext::.ctor(System.Security.SecurityContext)	mscorlib
SecurityContext_Capture_m1047743382	System.Security.SecurityContext System.Security.SecurityContext::Capture()	mscorlib
SecurityContext_get_FlowSuppressed_m1627541854	System.Boolean System.Security.SecurityContext::get_FlowSuppressed()	mscorlib
SecurityContext_get_CompressedStack_m3401528670	System.Threading.CompressedStack System.Security.SecurityContext::get_CompressedStack()	mscorlib
SecurityCriticalAttribute__ctor_m2491468454	System.Void System.Security.SecurityCriticalAttribute::.ctor()	mscorlib
SecurityElement__ctor_m6516005	System.Void System.Security.SecurityElement::.ctor(System.String)	mscorlib
SecurityElement__ctor_m750466183	System.Void System.Security.SecurityElement::.ctor(System.String,System.String)	mscorlib
SecurityElement__cctor_m3326869319	System.Void System.Security.SecurityElement::.cctor()	mscorlib
SecurityElement_get_Children_m1231540612	System.Collections.ArrayList System.Security.SecurityElement::get_Children()	mscorlib
SecurityElement_get_Tag_m2258014803	System.String System.Security.SecurityElement::get_Tag()	mscorlib
SecurityElement_set_Text_m3975773934	System.Void System.Security.SecurityElement::set_Text(System.String)	mscorlib
SecurityElement_AddAttribute_m311510562	System.Void System.Security.SecurityElement::AddAttribute(System.String,System.String)	mscorlib
SecurityElement_AddChild_m1606852781	System.Void System.Security.SecurityElement::AddChild(System.Security.SecurityElement)	mscorlib
SecurityElement_Escape_m1342311983	System.String System.Security.SecurityElement::Escape(System.String)	mscorlib
SecurityElement_Unescape_m327386968	System.String System.Security.SecurityElement::Unescape(System.String)	mscorlib
SecurityElement_IsValidAttributeName_m713904709	System.Boolean System.Security.SecurityElement::IsValidAttributeName(System.String)	mscorlib
SecurityElement_IsValidAttributeValue_m948345692	System.Boolean System.Security.SecurityElement::IsValidAttributeValue(System.String)	mscorlib
SecurityElement_IsValidTag_m1803475254	System.Boolean System.Security.SecurityElement::IsValidTag(System.String)	mscorlib
SecurityElement_IsValidText_m1346599242	System.Boolean System.Security.SecurityElement::IsValidText(System.String)	mscorlib
SecurityElement_SearchForChildByTag_m900466299	System.Security.SecurityElement System.Security.SecurityElement::SearchForChildByTag(System.String)	mscorlib
SecurityElement_ToString_m1918878627	System.String System.Security.SecurityElement::ToString()	mscorlib
SecurityElement_ToXml_m3664345083	System.Void System.Security.SecurityElement::ToXml(System.Text.StringBuilder&,System.Int32)	mscorlib
SecurityElement_GetAttribute_m3347489583	System.Security.SecurityElement/SecurityAttribute System.Security.SecurityElement::GetAttribute(System.String)	mscorlib
SecurityAttribute__ctor_m1429827508	System.Void System.Security.SecurityElement/SecurityAttribute::.ctor(System.String,System.String)	mscorlib
SecurityAttribute_get_Name_m2543977264	System.String System.Security.SecurityElement/SecurityAttribute::get_Name()	mscorlib
SecurityAttribute_get_Value_m2111064489	System.String System.Security.SecurityElement/SecurityAttribute::get_Value()	mscorlib
SecurityException__ctor_m836898292	System.Void System.Security.SecurityException::.ctor()	mscorlib
SecurityException__ctor_m1631242336	System.Void System.Security.SecurityException::.ctor(System.String)	mscorlib
SecurityException__ctor_m254177942	System.Void System.Security.SecurityException::.ctor(System.Runtime.Serialization.SerializationInfo,System.Runtime.Serialization.StreamingContext)	mscorlib
SecurityException_get_Demanded_m2500043391	System.Object System.Security.SecurityException::get_Demanded()	mscorlib
SecurityException_get_FirstPermissionThatFailed_m3934559164	System.Security.IPermission System.Security.SecurityException::get_FirstPermissionThatFailed()	mscorlib
SecurityException_get_PermissionState_m3857825198	System.String System.Security.SecurityException::get_PermissionState()	mscorlib
SecurityException_get_PermissionType_m2237538728	System.Type System.Security.SecurityException::get_PermissionType()	mscorlib
SecurityException_get_GrantedSet_m2643283539	System.String System.Security.SecurityException::get_GrantedSet()	mscorlib
SecurityException_get_RefusedSet_m2404284794	System.String System.Security.SecurityException::get_RefusedSet()	mscorlib
SecurityException_ToString_m3228070608	System.String System.Security.SecurityException::ToString()	mscorlib
SecurityFrame__ctor_m2140076703_AdjustorThunk	System.Void System.Security.SecurityFrame::.ctor(System.Security.RuntimeSecurityFrame)	mscorlib
SecurityFrame__GetSecurityStack_m449275820	System.Array System.Security.SecurityFrame::_GetSecurityStack(System.Int32)	mscorlib
SecurityFrame_InitFromRuntimeFrame_m1714852458_AdjustorThunk	System.Void System.Security.SecurityFrame::InitFromRuntimeFrame(System.Security.RuntimeSecurityFrame)	mscorlib
SecurityFrame_get_Assembly_m2874566710_AdjustorThunk	System.Reflection.Assembly System.Security.SecurityFrame::get_Assembly()	mscorlib
SecurityFrame_get_Domain_m681627326_AdjustorThunk	System.AppDomain System.Security.SecurityFrame::get_Domain()	mscorlib
SecurityFrame_ToString_m339310712_AdjustorThunk	System.String System.Security.SecurityFrame::ToString()	mscorlib
SecurityFrame_GetStack_m347707425	System.Collections.ArrayList System.Security.SecurityFrame::GetStack(System.Int32)	mscorlib
SecurityManager__cctor_m975553111	System.Void System.Security.SecurityManager::.cctor()	mscorlib
SecurityManager_get_SecurityEnabled_m3467182822	System.Boolean System.Security.SecurityManager::get_SecurityEnabled()	mscorlib
SecurityManager_Decode_m84973736	System.Security.PermissionSet System.Security.SecurityManager::Decode(System.IntPtr,System.Int32)	mscorlib
SecurityManager_Decode_m2551103128	System.Security.PermissionSet System.Security.SecurityManager::Decode(System.Byte[])	mscorlib
SecuritySafeCriticalAttribute__ctor_m3038748144	System.Void System.Security.SecuritySafeCriticalAttribute::.ctor()	mscorlib
SuppressUnmanagedCodeSecurityAttribute__ctor_m1009318222	System.Void System.Security.SuppressUnmanagedCodeSecurityAttribute::.ctor()	mscorlib
UnverifiableCodeAttribute__ctor_m3990698597	System.Void System.Security.UnverifiableCodeAttribute::.ctor()	mscorlib
SerializableAttribute__ctor_m3782985861	System.Void System.SerializableAttribute::.ctor()	mscorlib
Single_System_IConvertible_ToBoolean_m1716619219_AdjustorThunk	System.Boolean System.Single::System.IConvertible.ToBoolean(System.IFormatProvider)	mscorlib
Single_System_IConvertible_ToByte_m997362015_AdjustorThunk	System.Byte System.Single::System.IConvertible.ToByte(System.IFormatProvider)	mscorlib
Single_System_IConvertible_ToChar_m1898259383_AdjustorThunk	System.Char System.Single::System.IConvertible.ToChar(System.IFormatProvider)	mscorlib
Single_System_IConvertible_ToDateTime_m1748479284_AdjustorThunk	System.DateTime System.Single::System.IConvertible.ToDateTime(System.IFormatProvider)	mscorlib
Single_System_IConvertible_ToDecimal_m325860800_AdjustorThunk	System.Decimal System.Single::System.IConvertible.ToDecimal(System.IFormatProvider)	mscorlib
Single_System_IConvertible_ToDouble_m1584722292_AdjustorThunk	System.Double System.Single::System.IConvertible.ToDouble(System.IFormatProvider)	mscorlib
Single_System_IConvertible_ToInt16_m809233024_AdjustorThunk	System.Int16 System.Single::System.IConvertible.ToInt16(System.IFormatProvider)	mscorlib
Single_System_IConvertible_ToInt32_m872115569_AdjustorThunk	System.Int32 System.Single::System.IConvertible.ToInt32(System.IFormatProvider)	mscorlib
Single_System_IConvertible_ToInt64_m1650421025_AdjustorThunk	System.Int64 System.Single::System.IConvertible.ToInt64(System.IFormatProvider)	mscorlib
Single_System_IConvertible_ToSByte_m1208276900_AdjustorThunk	System.SByte System.Single::System.IConvertible.ToSByte(System.IFormatProvider)	mscorlib
Single_System_IConvertible_ToSingle_m1939829239_AdjustorThunk	System.Single System.Single::System.IConvertible.ToSingle(System.IFormatProvider)	mscorlib
Single_System_IConvertible_ToType_m3312441682_AdjustorThunk	System.Object System.Single::System.IConvertible.ToType(System.Type,System.IFormatProvider)	mscorlib
Single_System_IConvertible_ToUInt16_m1263555070_AdjustorThunk	System.UInt16 System.Single::System.IConvertible.ToUInt16(System.IFormatProvider)	mscorlib
Single_System_IConvertible_ToUInt32_m289030200_AdjustorThunk	System.UInt32 System.Single::System.IConvertible.ToUInt32(System.IFormatProvider)	mscorlib
Single_System_IConvertible_ToUInt64_m3299129161_AdjustorThunk	System.UInt64 System.Single::System.IConvertible.ToUInt64(System.IFormatProvider)	mscorlib
Single_CompareTo_m2785801815_AdjustorThunk	System.Int32 System.Single::CompareTo(System.Object)	mscorlib
Single_Equals_m438106747_AdjustorThunk	System.Boolean System.Single::Equals(System.Object)	mscorlib
Single_CompareTo_m189772128_AdjustorThunk	System.Int32 System.Single::CompareTo(System.Single)	mscorlib
Single_Equals_m1601893879_AdjustorThunk	System.Boolean System.Single::Equals(System.Single)	mscorlib
Single_GetHashCode_m1558506138_AdjustorThunk	System.Int32 System.Single::GetHashCode()	mscorlib
Single_IsInfinity_m936314085	System.Boolean System.Single::IsInfinity(System.Single)	mscorlib
Single_IsNaN_m4024467661	System.Boolean System.Single::IsNaN(System.Single)	mscorlib
Single_IsNegativeInfinity_m1556741963	System.Boolean System.Single::IsNegativeInfinity(System.Single)	mscorlib
Single_IsPositiveInfinity_m1411272350	System.Boolean System.Single::IsPositiveInfinity(System.Single)	mscorlib
Single_Parse_m3840407583	System.Single System.Single::Parse(System.String,System.IFormatProvider)	mscorlib
Single_ToString_m3947131094_AdjustorThunk	System.String System.Single::ToString()	mscorlib
Single_ToString_m3107811250_AdjustorThunk	System.String System.Single::ToString(System.IFormatProvider)	mscorlib
Single_ToString_m543431371_AdjustorThunk	System.String System.Single::ToString(System.String,System.IFormatProvider)	mscorlib
Single_GetTypeCode_m3104238724_AdjustorThunk	System.TypeCode System.Single::GetTypeCode()	mscorlib
StackOverflowException__ctor_m592204071	System.Void System.StackOverflowException::.ctor()	mscorlib
StackOverflowException__ctor_m3139217097	System.Void System.StackOverflowException::.ctor(System.String)	mscorlib
StackOverflowException__ctor_m3777153282	System.Void System.StackOverflowException::.ctor(System.Runtime.Serialization.SerializationInfo,System.Runtime.Serialization.StreamingContext)	mscorlib
String__ctor_m1266423354	System.Void System.String::.ctor(System.Char*,System.Int32,System.Int32)	mscorlib
String__ctor_m1926862525	System.Void System.String::.ctor(System.Char[],System.Int32,System.Int32)	mscorlib
String__ctor_m1800510039	System.Void System.String::.ctor(System.Char[])	mscorlib
String__ctor_m229724522	System.Void System.String::.ctor(System.Char,System.Int32)	mscorlib
String__cctor_m261295518	System.Void System.String::.cctor()	mscorlib
String_System_IConvertible_ToBoolean_m887520575	System.Boolean System.String::System.IConvertible.ToBoolean(System.IFormatProvider)	mscorlib
String_System_IConvertible_ToByte_m4057316234	System.Byte System.String::System.IConvertible.ToByte(System.IFormatProvider)	mscorlib
String_System_IConvertible_ToChar_m863771412	System.Char System.String::System.IConvertible.ToChar(System.IFormatProvider)	mscorlib
String_System_IConvertible_ToDateTime_m3578483777	System.DateTime System.String::System.IConvertible.ToDateTime(System.IFormatProvider)	mscorlib
String_System_IConvertible_ToDecimal_m997069272	System.Decimal System.String::System.IConvertible.ToDecimal(System.IFormatProvider)	mscorlib
String_System_IConvertible_ToDouble_m3740733360	System.Double System.String::System.IConvertible.ToDouble(System.IFormatProvider)	mscorlib
String_System_IConvertible_ToInt16_m1880095008	System.Int16 System.String::System.IConvertible.ToInt16(System.IFormatProvider)	mscorlib
String_System_IConvertible_ToInt32_m2665383247	System.Int32 System.String::System.IConvertible.ToInt32(System.IFormatProvider)	mscorlib
String_System_IConvertible_ToInt64_m3494136111	System.Int64 System.String::System.IConvertible.ToInt64(System.IFormatProvider)	mscorlib
String_System_IConvertible_ToSByte_m945078350	System.SByte System.String::System.IConvertible.ToSByte(System.IFormatProvider)	mscorlib
String_System_IConvertible_ToSingle_m2571483125	System.Single System.String::System.IConvertible.ToSingle(System.IFormatProvider)	mscorlib
String_System_IConvertible_ToType_m3431692856	System.Object System.String::System.IConvertible.ToType(System.Type,System.IFormatProvider)	mscorlib
String_System_IConvertible_ToUInt16_m2888090399	System.UInt16 System.String::System.IConvertible.ToUInt16(System.IFormatProvider)	mscorlib
String_System_IConvertible_ToUInt32_m281099219	System.UInt32 System.String::System.IConvertible.ToUInt32(System.IFormatProvider)	mscorlib
String_System_IConvertible_ToUInt64_m4086947440	System.UInt64 System.String::System.IConvertible.ToUInt64(System.IFormatProvider)	mscorlib
String_System_Collections_Generic_IEnumerableU3CcharU3E_GetEnumerator_m1490086850	System.Collections.Generic.IEnumerator`1<System.Char> System.String::System.Collections.Generic.IEnumerable<char>.GetEnumerator()	mscorlib
String_System_Collections_IEnumerable_GetEnumerator_m3198926340	System.Collections.IEnumerator System.String::System.Collections.IEnumerable.GetEnumerator()	mscorlib
String_Equals_m1744302937	System.Boolean System.String::Equals(System.String,System.String)	mscorlib
String_Equals_m1039194686	System.Boolean System.String::Equals(System.Object)	mscorlib
String_Equals_m2270643605	System.Boolean System.String::Equals(System.String)	mscorlib
String_get_Chars_m2986988803	System.Char System.String::get_Chars(System.Int32)	mscorlib
String_Clone_m3573869765	System.Object System.String::Clone()	mscorlib
String_CopyTo_m2803757991	System.Void System.String::CopyTo(System.Int32,System.Char[],System.Int32,System.Int32)	mscorlib
String_ToCharArray_m1492846834	System.Char[] System.String::ToCharArray()	mscorlib
String_ToCharArray_m2268354229	System.Char[] System.String::ToCharArray(System.Int32,System.Int32)	mscorlib
String_Split_m3646115398	System.String[] System.String::Split(System.Char[])	mscorlib
String_Split_m2077324731	System.String[] System.String::Split(System.Char[],System.Int32)	mscorlib
String_Split_m3580120853	System.String[] System.String::Split(System.Char[],System.Int32,System.StringSplitOptions)	mscorlib
String_Split_m2533743664	System.String[] System.String::Split(System.String[],System.Int32,System.StringSplitOptions)	mscorlib
String_Split_m4013853433	System.String[] System.String::Split(System.String[],System.StringSplitOptions)	mscorlib
String_Substring_m2848979100	System.String System.String::Substring(System.Int32)	mscorlib
String_Substring_m1610150815	System.String System.String::Substring(System.Int32,System.Int32)	mscorlib
String_SubstringUnchecked_m1840487357	System.String System.String::SubstringUnchecked(System.Int32,System.Int32)	mscorlib
String_Trim_m923598732	System.String System.String::Trim()	mscorlib
String_Trim_m3384720403	System.String System.String::Trim(System.Char[])	mscorlib
String_TrimStart_m1431283012	System.String System.String::TrimStart(System.Char[])	mscorlib
String_TrimEnd_m3824727301	System.String System.String::TrimEnd(System.Char[])	mscorlib
String_FindNotWhiteSpace_m2733198255	System.Int32 System.String::FindNotWhiteSpace(System.Int32,System.Int32,System.Int32)	mscorlib
String_FindNotInTable_m421831114	System.Int32 System.String::FindNotInTable(System.Int32,System.Int32,System.Int32,System.Char[])	mscorlib
String_Compare_m3735043349	System.Int32 System.String::Compare(System.String,System.String)	mscorlib
String_Compare_m1071830722	System.Int32 System.String::Compare(System.String,System.String,System.Boolean)	mscorlib
String_Compare_m1293271421	System.Int32 System.String::Compare(System.String,System.String,System.Boolean,System.Globalization.CultureInfo)	mscorlib
String_Compare_m945110377	System.Int32 System.String::Compare(System.String,System.Int32,System.String,System.Int32,System.Int32,System.Boolean,System.Globalization.CultureInfo)	mscorlib
String_CompareTo_m3030934538	System.Int32 System.String::CompareTo(System.Object)	mscorlib
String_CompareTo_m3414379165	System.Int32 System.String::CompareTo(System.String)	mscorlib
String_CompareOrdinal_m1012192092	System.Int32 System.String::CompareOrdinal(System.String,System.Int32,System.String,System.Int32,System.Int32)	mscorlib
String_CompareOrdinalUnchecked_m2277084468	System.Int32 System.String::CompareOrdinalUnchecked(System.String,System.Int32,System.Int32,System.String,System.Int32,System.Int32)	mscorlib
String_CompareOrdinalCaseInsensitiveUnchecked_m2925624579	System.Int32 System.String::CompareOrdinalCaseInsensitiveUnchecked(System.String,System.Int32,System.Int32,System.String,System.Int32,System.Int32)	mscorlib
String_EndsWith_m1901926500	System.Boolean System.String::EndsWith(System.String)	mscorlib
String_IndexOfAny_m4159774896	System.Int32 System.String::IndexOfAny(System.Char[])	mscorlib
String_IndexOfAny_m2323029521	System.Int32 System.String::IndexOfAny(System.Char[],System.Int32)	mscorlib
String_IndexOfAny_m2882391940	System.Int32 System.String::IndexOfAny(System.Char[],System.Int32,System.Int32)	mscorlib
String_IndexOfAnyUnchecked_m953388766	System.Int32 System.String::IndexOfAnyUnchecked(System.Char[],System.Int32,System.Int32)	mscorlib
String_IndexOf_m1298810678	System.Int32 System.String::IndexOf(System.String,System.StringComparison)	mscorlib
String_IndexOf_m3950524021	System.Int32 System.String::IndexOf(System.String,System.Int32,System.Int32,System.StringComparison)	mscorlib
String_IndexOfOrdinal_m962178384	System.Int32 System.String::IndexOfOrdinal(System.String,System.Int32,System.Int32,System.Globalization.CompareOptions)	mscorlib
String_IndexOfOrdinalUnchecked_m460601827	System.Int32 System.String::IndexOfOrdinalUnchecked(System.String,System.Int32,System.Int32)	mscorlib
String_IndexOfOrdinalIgnoreCaseUnchecked_m2823953141	System.Int32 System.String::IndexOfOrdinalIgnoreCaseUnchecked(System.String,System.Int32,System.Int32)	mscorlib
String_IndexOf_m363431711	System.Int32 System.String::IndexOf(System.Char)	mscorlib
String_IndexOf_m2466398549	System.Int32 System.String::IndexOf(System.Char,System.Int32)	mscorlib
String_IndexOf_m1248948328	System.Int32 System.String::IndexOf(System.Char,System.Int32,System.Int32)	mscorlib
String_IndexOfUnchecked_m3677172170	System.Int32 System.String::IndexOfUnchecked(System.Char,System.Int32,System.Int32)	mscorlib
String_IndexOf_m1977622757	System.Int32 System.String::IndexOf(System.String)	mscorlib
String_IndexOf_m3406607758	System.Int32 System.String::IndexOf(System.String,System.Int32)	mscorlib
String_IndexOf_m2410372598	System.Int32 System.String::IndexOf(System.String,System.Int32,System.Int32)	mscorlib
String_LastIndexOfAny_m545540478	System.Int32 System.String::LastIndexOfAny(System.Char[])	mscorlib
String_LastIndexOfAny_m1832658648	System.Int32 System.String::LastIndexOfAny(System.Char[],System.Int32)	mscorlib
String_LastIndexOfAnyUnchecked_m1231532039	System.Int32 System.String::LastIndexOfAnyUnchecked(System.Char[],System.Int32,System.Int32)	mscorlib
String_LastIndexOf_m3451222878	System.Int32 System.String::LastIndexOf(System.Char)	mscorlib
String_LastIndexOf_m578673845	System.Int32 System.String::LastIndexOf(System.Char,System.Int32)	mscorlib
String_LastIndexOf_m3228770703	System.Int32 System.String::LastIndexOf(System.Char,System.Int32,System.Int32)	mscorlib
String_LastIndexOfUnchecked_m2119268555	System.Int32 System.String::LastIndexOfUnchecked(System.Char,System.Int32,System.Int32)	mscorlib
String_LastIndexOf_m2676535141	System.Int32 System.String::LastIndexOf(System.String)	mscorlib
String_LastIndexOf_m95398196	System.Int32 System.String::LastIndexOf(System.String,System.Int32,System.Int32)	mscorlib
String_Contains_m1147431944	System.Boolean System.String::Contains(System.String)	mscorlib
String_IsNullOrEmpty_m2969720369	System.Boolean System.String::IsNullOrEmpty(System.String)	mscorlib
String_PadRight_m50345030	System.String System.String::PadRight(System.Int32,System.Char)	mscorlib
String_StartsWith_m1759067526	System.Boolean System.String::StartsWith(System.String)	mscorlib
String_Replace_m3726209165	System.String System.String::Replace(System.Char,System.Char)	mscorlib
String_Replace_m1273907647	System.String System.String::Replace(System.String,System.String)	mscorlib
String_ReplaceUnchecked_m1381393810	System.String System.String::ReplaceUnchecked(System.String,System.String)	mscorlib
String_ReplaceFallback_m1061004996	System.String System.String::ReplaceFallback(System.String,System.String,System.Int32)	mscorlib
String_Remove_m562998446	System.String System.String::Remove(System.Int32,System.Int32)	mscorlib
String_ToLower_m2029374922	System.String System.String::ToLower()	mscorlib
String_ToLower_m3490221821	System.String System.String::ToLower(System.Globalization.CultureInfo)	mscorlib
String_ToLowerInvariant_m110751226	System.String System.String::ToLowerInvariant()	mscorlib
String_ToUpperInvariant_m2531236323	System.String System.String::ToUpperInvariant()	mscorlib
String_ToString_m838249115	System.String System.String::ToString()	mscorlib
String_ToString_m3872792296	System.String System.String::ToString(System.IFormatProvider)	mscorlib
String_Format_m2844511972	System.String System.String::Format(System.String,System.Object)	mscorlib
String_Format_m2556382932	System.String System.String::Format(System.String,System.Object,System.Object)	mscorlib
String_Format_m3339413201	System.String System.String::Format(System.String,System.Object,System.Object,System.Object)	mscorlib
String_Format_m630303134	System.String System.String::Format(System.String,System.Object[])	mscorlib
String_Format_m1881875187	System.String System.String::Format(System.IFormatProvider,System.String,System.Object[])	mscorlib
String_FormatHelper_m3913915042	System.Text.StringBuilder System.String::FormatHelper(System.Text.StringBuilder,System.IFormatProvider,System.String,System.Object[])	mscorlib
String_Concat_m904156431	System.String System.String::Concat(System.Object,System.Object)	mscorlib
String_Concat_m1715369213	System.String System.String::Concat(System.Object,System.Object,System.Object)	mscorlib
String_Concat_m3937257545	System.String System.String::Concat(System.String,System.String)	mscorlib
String_Concat_m3755062657	System.String System.String::Concat(System.String,System.String,System.String)	mscorlib
String_Concat_m2163913788	System.String System.String::Concat(System.String,System.String,System.String,System.String)	mscorlib
String_Concat_m2971454694	System.String System.String::Concat(System.Object[])	mscorlib
String_Concat_m1809518182	System.String System.String::Concat(System.String[])	mscorlib
String_ConcatInternal_m190606771	System.String System.String::ConcatInternal(System.String[],System.Int32)	mscorlib
String_Insert_m3534971326	System.String System.String::Insert(System.Int32,System.String)	mscorlib
String_Join_m2050845953	System.String System.String::Join(System.String,System.String[])	mscorlib
String_Join_m29736248	System.String System.String::Join(System.String,System.String[],System.Int32,System.Int32)	mscorlib
String_JoinUnchecked_m3111386027	System.String System.String::JoinUnchecked(System.String,System.String[],System.Int32,System.Int32)	mscorlib
String_get_Length_m3847582255	System.Int32 System.String::get_Length()	mscorlib
String_ParseFormatSpecifier_m3134189457	System.Void System.String::ParseFormatSpecifier(System.String,System.Int32&,System.Int32&,System.Int32&,System.Boolean&,System.String&)	mscorlib
String_ParseDecimal_m3629679395	System.Int32 System.String::ParseDecimal(System.String,System.Int32&)	mscorlib
String_InternalSetChar_m884839805	System.Void System.String::InternalSetChar(System.Int32,System.Char)	mscorlib
String_InternalSetLength_m3661226516	System.Void System.String::InternalSetLength(System.Int32)	mscorlib
String_GetHashCode_m1906374149	System.Int32 System.String::GetHashCode()	mscorlib
String_GetCaseInsensitiveHashCode_m3282844242	System.Int32 System.String::GetCaseInsensitiveHashCode()	mscorlib
String_CreateString_m4016935005	System.String System.String::CreateString(System.SByte*)	mscorlib
String_CreateString_m780602784	System.String System.String::CreateString(System.SByte*,System.Int32,System.Int32)	mscorlib
String_CreateString_m2329023138	System.String System.String::CreateString(System.SByte*,System.Int32,System.Int32,System.Text.Encoding)	mscorlib
String_CreateString_m3439913850	System.String System.String::CreateString(System.Char*)	mscorlib
String_CreateString_m3400201881	System.String System.String::CreateString(System.Char*,System.Int32,System.Int32)	mscorlib
String_CreateString_m860434552	System.String System.String::CreateString(System.Char[],System.Int32,System.Int32)	mscorlib
String_CreateString_m2818852475	System.String System.String::CreateString(System.Char[])	mscorlib
String_CreateString_m1262864254	System.String System.String::CreateString(System.Char,System.Int32)	mscorlib
String_memcpy4_m979367827	System.Void System.String::memcpy4(System.Byte*,System.Byte*,System.Int32)	mscorlib
String_memcpy2_m2048375426	System.Void System.String::memcpy2(System.Byte*,System.Byte*,System.Int32)	mscorlib
String_memcpy1_m4209751456	System.Void System.String::memcpy1(System.Byte*,System.Byte*,System.Int32)	mscorlib
String_memcpy_m2826223007	System.Void System.String::memcpy(System.Byte*,System.Byte*,System.Int32)	mscorlib
String_CharCopy_m98228993	System.Void System.String::CharCopy(System.Char*,System.Char*,System.Int32)	mscorlib
String_CharCopyReverse_m1548661297	System.Void System.String::CharCopyReverse(System.Char*,System.Char*,System.Int32)	mscorlib
String_CharCopy_m3838781968	System.Void System.String::CharCopy(System.String,System.Int32,System.String,System.Int32,System.Int32)	mscorlib
String_CharCopy_m2254797373	System.Void System.String::CharCopy(System.String,System.Int32,System.Char[],System.Int32,System.Int32)	mscorlib
String_CharCopyReverse_m692227313	System.Void System.String::CharCopyReverse(System.String,System.Int32,System.String,System.Int32,System.Int32)	mscorlib
String_InternalSplit_m1398300789	System.String[] System.String::InternalSplit(System.Char[],System.Int32,System.Int32)	mscorlib
String_InternalAllocateStr_m1198086868	System.String System.String::InternalAllocateStr(System.Int32)	mscorlib
String_op_Equality_m920492651	System.Boolean System.String::op_Equality(System.String,System.String)	mscorlib
String_op_Inequality_m215368492	System.Boolean System.String::op_Inequality(System.String,System.String)	mscorlib
StringComparer__ctor_m621368542	System.Void System.StringComparer::.ctor()	mscorlib
StringComparer__cctor_m1626042071	System.Void System.StringComparer::.cctor()	mscorlib
StringComparer_get_InvariantCultureIgnoreCase_m2404489191	System.StringComparer System.StringComparer::get_InvariantCultureIgnoreCase()	mscorlib
StringComparer_Compare_m991165676	System.Int32 System.StringComparer::Compare(System.Object,System.Object)	mscorlib
StringComparer_Equals_m1418565653	System.Boolean System.StringComparer::Equals(System.Object,System.Object)	mscorlib
StringComparer_GetHashCode_m2080455020	System.Int32 System.StringComparer::GetHashCode(System.Object)	mscorlib
SystemException__ctor_m4274309232	System.Void System.SystemException::.ctor()	mscorlib
SystemException__ctor_m3298527747	System.Void System.SystemException::.ctor(System.String)	mscorlib
SystemException__ctor_m1515048899	System.Void System.SystemException::.ctor(System.Runtime.Serialization.SerializationInfo,System.Runtime.Serialization.StreamingContext)	mscorlib
SystemException__ctor_m4132668650	System.Void System.SystemException::.ctor(System.String,System.Exception)	mscorlib
ASCIIEncoding__ctor_m1380190655	System.Void System.Text.ASCIIEncoding::.ctor()	mscorlib
ASCIIEncoding_GetByteCount_m2129416242	System.Int32 System.Text.ASCIIEncoding::GetByteCount(System.Char[],System.Int32,System.Int32)	mscorlib
ASCIIEncoding_GetByteCount_m1278774099	System.Int32 System.Text.ASCIIEncoding::GetByteCount(System.String)	mscorlib
ASCIIEncoding_GetBytes_m2774699525	System.Int32 System.Text.ASCIIEncoding::GetBytes(System.Char[],System.Int32,System.Int32,System.Byte[],System.Int32)	mscorlib
ASCIIEncoding_GetBytes_m2264249800	System.Int32 System.Text.ASCIIEncoding::GetBytes(System.Char[],System.Int32,System.Int32,System.Byte[],System.Int32,System.Text.EncoderFallbackBuffer&,System.Char[]&)	mscorlib
ASCIIEncoding_GetBytes_m4130454866	System.Int32 System.Text.ASCIIEncoding::GetBytes(System.String,System.Int32,System.Int32,System.Byte[],System.Int32)	mscorlib
ASCIIEncoding_GetBytes_m2569027226	System.Int32 System.Text.ASCIIEncoding::GetBytes(System.String,System.Int32,System.Int32,System.Byte[],System.Int32,System.Text.EncoderFallbackBuffer&,System.Char[]&)	mscorlib
ASCIIEncoding_GetCharCount_m1680860125	System.Int32 System.Text.ASCIIEncoding::GetCharCount(System.Byte[],System.Int32,System.Int32)	mscorlib
ASCIIEncoding_GetChars_m2543669481	System.Int32 System.Text.ASCIIEncoding::GetChars(System.Byte[],System.Int32,System.Int32,System.Char[],System.Int32)	mscorlib
ASCIIEncoding_GetChars_m3984780680	System.Int32 System.Text.ASCIIEncoding::GetChars(System.Byte[],System.Int32,System.Int32,System.Char[],System.Int32,System.Text.DecoderFallbackBuffer&)	mscorlib
ASCIIEncoding_GetMaxByteCount_m3220079164	System.Int32 System.Text.ASCIIEncoding::GetMaxByteCount(System.Int32)	mscorlib
ASCIIEncoding_GetMaxCharCount_m3025651522	System.Int32 System.Text.ASCIIEncoding::GetMaxCharCount(System.Int32)	mscorlib
ASCIIEncoding_GetString_m58523364	System.String System.Text.ASCIIEncoding::GetString(System.Byte[],System.Int32,System.Int32)	mscorlib
ASCIIEncoding_GetBytes_m2555927703	System.Int32 System.Text.ASCIIEncoding::GetBytes(System.Char*,System.Int32,System.Byte*,System.Int32)	mscorlib
ASCIIEncoding_GetByteCount_m1773359527	System.Int32 System.Text.ASCIIEncoding::GetByteCount(System.Char*,System.Int32)	mscorlib
ASCIIEncoding_GetDecoder_m2247302044	System.Text.Decoder System.Text.ASCIIEncoding::GetDecoder()	mscorlib
Decoder__ctor_m4046021500	System.Void System.Text.Decoder::.ctor()	mscorlib
Decoder_set_Fallback_m3834517714	System.Void System.Text.Decoder::set_Fallback(System.Text.DecoderFallback)	mscorlib
Decoder_get_FallbackBuffer_m2656621242	System.Text.DecoderFallbackBuffer System.Text.Decoder::get_FallbackBuffer()	mscorlib
DecoderExceptionFallback__ctor_m4044614564	System.Void System.Text.DecoderExceptionFallback::.ctor()	mscorlib
DecoderExceptionFallback_CreateFallbackBuffer_m1133375601	System.Text.DecoderFallbackBuffer System.Text.DecoderExceptionFallback::CreateFallbackBuffer()	mscorlib
DecoderExceptionFallback_Equals_m1082173956	System.Boolean System.Text.DecoderExceptionFallback::Equals(System.Object)	mscorlib
DecoderExceptionFallback_GetHashCode_m1820789965	System.Int32 System.Text.DecoderExceptionFallback::GetHashCode()	mscorlib
DecoderExceptionFallbackBuffer__ctor_m3568925774	System.Void System.Text.DecoderExceptionFallbackBuffer::.ctor()	mscorlib
DecoderExceptionFallbackBuffer_get_Remaining_m2901856506	System.Int32 System.Text.DecoderExceptionFallbackBuffer::get_Remaining()	mscorlib
DecoderExceptionFallbackBuffer_Fallback_m3780167086	System.Boolean System.Text.DecoderExceptionFallbackBuffer::Fallback(System.Byte[],System.Int32)	mscorlib
DecoderExceptionFallbackBuffer_GetNextChar_m2067268124	System.Char System.Text.DecoderExceptionFallbackBuffer::GetNextChar()	mscorlib
DecoderFallback__ctor_m1420784892	System.Void System.Text.DecoderFallback::.ctor()	mscorlib
DecoderFallback__cctor_m3250479635	System.Void System.Text.DecoderFallback::.cctor()	mscorlib
DecoderFallback_get_ExceptionFallback_m198794485	System.Text.DecoderFallback System.Text.DecoderFallback::get_ExceptionFallback()	mscorlib
DecoderFallback_get_ReplacementFallback_m3654210110	System.Text.DecoderFallback System.Text.DecoderFallback::get_ReplacementFallback()	mscorlib
DecoderFallback_get_StandardSafeFallback_m2130338133	System.Text.DecoderFallback System.Text.DecoderFallback::get_StandardSafeFallback()	mscorlib
DecoderFallbackBuffer__ctor_m2724858323	System.Void System.Text.DecoderFallbackBuffer::.ctor()	mscorlib
DecoderFallbackBuffer_Reset_m3069554060	System.Void System.Text.DecoderFallbackBuffer::Reset()	mscorlib
DecoderFallbackException__ctor_m1480564942	System.Void System.Text.DecoderFallbackException::.ctor()	mscorlib
DecoderFallbackException__ctor_m2423399765	System.Void System.Text.DecoderFallbackException::.ctor(System.String)	mscorlib
DecoderFallbackException__ctor_m2882024994	System.Void System.Text.DecoderFallbackException::.ctor(System.String,System.Byte[],System.Int32)	mscorlib
DecoderReplacementFallback__ctor_m449982280	System.Void System.Text.DecoderReplacementFallback::.ctor()	mscorlib
DecoderReplacementFallback__ctor_m2470322217	System.Void System.Text.DecoderReplacementFallback::.ctor(System.String)	mscorlib
DecoderReplacementFallback_get_DefaultString_m3355062503	System.String System.Text.DecoderReplacementFallback::get_DefaultString()	mscorlib
DecoderReplacementFallback_CreateFallbackBuffer_m2031816144	System.Text.DecoderFallbackBuffer System.Text.DecoderReplacementFallback::CreateFallbackBuffer()	mscorlib
DecoderReplacementFallback_Equals_m3183889441	System.Boolean System.Text.DecoderReplacementFallback::Equals(System.Object)	mscorlib
DecoderReplacementFallback_GetHashCode_m1611165826	System.Int32 System.Text.DecoderReplacementFallback::GetHashCode()	mscorlib
DecoderReplacementFallbackBuffer__ctor_m1669699347	System.Void System.Text.DecoderReplacementFallbackBuffer::.ctor(System.Text.DecoderReplacementFallback)	mscorlib
DecoderReplacementFallbackBuffer_get_Remaining_m1493654090	System.Int32 System.Text.DecoderReplacementFallbackBuffer::get_Remaining()	mscorlib
DecoderReplacementFallbackBuffer_Fallback_m1261056214	System.Boolean System.Text.DecoderReplacementFallbackBuffer::Fallback(System.Byte[],System.Int32)	mscorlib
DecoderReplacementFallbackBuffer_GetNextChar_m2858228391	System.Char System.Text.DecoderReplacementFallbackBuffer::GetNextChar()	mscorlib
DecoderReplacementFallbackBuffer_Reset_m3943028589	System.Void System.Text.DecoderReplacementFallbackBuffer::Reset()	mscorlib
EncoderExceptionFallback__ctor_m3745979420	System.Void System.Text.EncoderExceptionFallback::.ctor()	mscorlib
EncoderExceptionFallback_CreateFallbackBuffer_m188459848	System.Text.EncoderFallbackBuffer System.Text.EncoderExceptionFallback::CreateFallbackBuffer()	mscorlib
EncoderExceptionFallback_Equals_m2760188920	System.Boolean System.Text.EncoderExceptionFallback::Equals(System.Object)	mscorlib
EncoderExceptionFallback_GetHashCode_m3988634959	System.Int32 System.Text.EncoderExceptionFallback::GetHashCode()	mscorlib
EncoderExceptionFallbackBuffer__ctor_m2042603395	System.Void System.Text.EncoderExceptionFallbackBuffer::.ctor()	mscorlib
EncoderExceptionFallbackBuffer_get_Remaining_m1573636148	System.Int32 System.Text.EncoderExceptionFallbackBuffer::get_Remaining()	mscorlib
EncoderExceptionFallbackBuffer_Fallback_m1464194819	System.Boolean System.Text.EncoderExceptionFallbackBuffer::Fallback(System.Char,System.Int32)	mscorlib
EncoderExceptionFallbackBuffer_Fallback_m2954286723	System.Boolean System.Text.EncoderExceptionFallbackBuffer::Fallback(System.Char,System.Char,System.Int32)	mscorlib
EncoderExceptionFallbackBuffer_GetNextChar_m471453226	System.Char System.Text.EncoderExceptionFallbackBuffer::GetNextChar()	mscorlib
EncoderFallback__ctor_m3732686580	System.Void System.Text.EncoderFallback::.ctor()	mscorlib
EncoderFallback__cctor_m3806755293	System.Void System.Text.EncoderFallback::.cctor()	mscorlib
EncoderFallback_get_ExceptionFallback_m3342076075	System.Text.EncoderFallback System.Text.EncoderFallback::get_ExceptionFallback()	mscorlib
EncoderFallback_get_ReplacementFallback_m818398284	System.Text.EncoderFallback System.Text.EncoderFallback::get_ReplacementFallback()	mscorlib
EncoderFallback_get_StandardSafeFallback_m2825654225	System.Text.EncoderFallback System.Text.EncoderFallback::get_StandardSafeFallback()	mscorlib
EncoderFallbackBuffer__ctor_m4249106511	System.Void System.Text.EncoderFallbackBuffer::.ctor()	mscorlib
EncoderFallbackException__ctor_m4193543656	System.Void System.Text.EncoderFallbackException::.ctor()	mscorlib
EncoderFallbackException__ctor_m1920003269	System.Void System.Text.EncoderFallbackException::.ctor(System.String)	mscorlib
EncoderFallbackException__ctor_m1051987327	System.Void System.Text.EncoderFallbackException::.ctor(System.Char,System.Int32)	mscorlib
EncoderFallbackException__ctor_m1643109704	System.Void System.Text.EncoderFallbackException::.ctor(System.Char,System.Char,System.Int32)	mscorlib
EncoderReplacementFallback__ctor_m2980727890	System.Void System.Text.EncoderReplacementFallback::.ctor()	mscorlib
EncoderReplacementFallback__ctor_m1483565116	System.Void System.Text.EncoderReplacementFallback::.ctor(System.String)	mscorlib
EncoderReplacementFallback_get_DefaultString_m3956016810	System.String System.Text.EncoderReplacementFallback::get_DefaultString()	mscorlib
EncoderReplacementFallback_CreateFallbackBuffer_m4038190929	System.Text.EncoderFallbackBuffer System.Text.EncoderReplacementFallback::CreateFallbackBuffer()	mscorlib
EncoderReplacementFallback_Equals_m1070129250	System.Boolean System.Text.EncoderReplacementFallback::Equals(System.Object)	mscorlib
EncoderReplacementFallback_GetHashCode_m3235834578	System.Int32 System.Text.EncoderReplacementFallback::GetHashCode()	mscorlib
EncoderReplacementFallbackBuffer__ctor_m4044873320	System.Void System.Text.EncoderReplacementFallbackBuffer::.ctor(System.Text.EncoderReplacementFallback)	mscorlib
EncoderReplacementFallbackBuffer_get_Remaining_m671378385	System.Int32 System.Text.EncoderReplacementFallbackBuffer::get_Remaining()	mscorlib
EncoderReplacementFallbackBuffer_Fallback_m2728476550	System.Boolean System.Text.EncoderReplacementFallbackBuffer::Fallback(System.Char,System.Int32)	mscorlib
EncoderReplacementFallbackBuffer_Fallback_m19060368	System.Boolean System.Text.EncoderReplacementFallbackBuffer::Fallback(System.Char,System.Char,System.Int32)	mscorlib
EncoderReplacementFallbackBuffer_Fallback_m3618896307	System.Boolean System.Text.EncoderReplacementFallbackBuffer::Fallback(System.Int32)	mscorlib
EncoderReplacementFallbackBuffer_GetNextChar_m1303403587	System.Char System.Text.EncoderReplacementFallbackBuffer::GetNextChar()	mscorlib
Encoding__ctor_m2997749867	System.Void System.Text.Encoding::.ctor()	mscorlib
Encoding__ctor_m777655508	System.Void System.Text.Encoding::.ctor(System.Int32)	mscorlib
Encoding__cctor_m1936558127	System.Void System.Text.Encoding::.cctor()	mscorlib
Encoding___m3765636185	System.String System.Text.Encoding::_(System.String)	mscorlib
Encoding_get_IsReadOnly_m3084286821	System.Boolean System.Text.Encoding::get_IsReadOnly()	mscorlib
Encoding_get_DecoderFallback_m1525880676	System.Text.DecoderFallback System.Text.Encoding::get_DecoderFallback()	mscorlib
Encoding_set_DecoderFallback_m148532738	System.Void System.Text.Encoding::set_DecoderFallback(System.Text.DecoderFallback)	mscorlib
Encoding_get_EncoderFallback_m4088593971	System.Text.EncoderFallback System.Text.Encoding::get_EncoderFallback()	mscorlib
Encoding_SetFallbackInternal_m3883046321	System.Void System.Text.Encoding::SetFallbackInternal(System.Text.EncoderFallback,System.Text.DecoderFallback)	mscorlib
Encoding_Equals_m1755424895	System.Boolean System.Text.Encoding::Equals(System.Object)	mscorlib
Encoding_GetByteCount_m1264711659	System.Int32 System.Text.Encoding::GetByteCount(System.String)	mscorlib
Encoding_GetByteCount_m1979300643	System.Int32 System.Text.Encoding::GetByteCount(System.Char[])	mscorlib
Encoding_GetBytes_m3823106599	System.Int32 System.Text.Encoding::GetBytes(System.String,System.Int32,System.Int32,System.Byte[],System.Int32)	mscorlib
Encoding_GetBytes_m3148649984	System.Byte[] System.Text.Encoding::GetBytes(System.String)	mscorlib
Encoding_GetBytes_m3735967069	System.Byte[] System.Text.Encoding::GetBytes(System.Char[],System.Int32,System.Int32)	mscorlib
Encoding_GetBytes_m992709859	System.Byte[] System.Text.Encoding::GetBytes(System.Char[])	mscorlib
Encoding_GetChars_m1678858748	System.Char[] System.Text.Encoding::GetChars(System.Byte[],System.Int32,System.Int32)	mscorlib
Encoding_GetDecoder_m1656450963	System.Text.Decoder System.Text.Encoding::GetDecoder()	mscorlib
Encoding_InvokeI18N_m3098421862	System.Object System.Text.Encoding::InvokeI18N(System.String,System.Object[])	mscorlib
Encoding_GetEncoding_m2801244948	System.Text.Encoding System.Text.Encoding::GetEncoding(System.Int32)	mscorlib
Encoding_Clone_m841706634	System.Object System.Text.Encoding::Clone()	mscorlib
Encoding_GetEncoding_m2599798446	System.Text.Encoding System.Text.Encoding::GetEncoding(System.String)	mscorlib
Encoding_GetHashCode_m2631196485	System.Int32 System.Text.Encoding::GetHashCode()	mscorlib
Encoding_GetPreamble_m388603245	System.Byte[] System.Text.Encoding::GetPreamble()	mscorlib
Encoding_GetString_m144725032	System.String System.Text.Encoding::GetString(System.Byte[],System.Int32,System.Int32)	mscorlib
Encoding_GetString_m4017112554	System.String System.Text.Encoding::GetString(System.Byte[])	mscorlib
Encoding_get_ASCII_m3595602635	System.Text.Encoding System.Text.Encoding::get_ASCII()	mscorlib
Encoding_get_BigEndianUnicode_m684646764	System.Text.Encoding System.Text.Encoding::get_BigEndianUnicode()	mscorlib
Encoding_InternalCodePage_m4154357846	System.String System.Text.Encoding::InternalCodePage(System.Int32&)	mscorlib
Encoding_get_Default_m1632902165	System.Text.Encoding System.Text.Encoding::get_Default()	mscorlib
Encoding_get_ISOLatin1_m2107621369	System.Text.Encoding System.Text.Encoding::get_ISOLatin1()	mscorlib
Encoding_get_UTF7_m1817790803	System.Text.Encoding System.Text.Encoding::get_UTF7()	mscorlib
Encoding_get_UTF8_m1008486739	System.Text.Encoding System.Text.Encoding::get_UTF8()	mscorlib
Encoding_get_UTF8Unmarked_m3350637783	System.Text.Encoding System.Text.Encoding::get_UTF8Unmarked()	mscorlib
Encoding_get_UTF8UnmarkedUnsafe_m320312322	System.Text.Encoding System.Text.Encoding::get_UTF8UnmarkedUnsafe()	mscorlib
Encoding_get_Unicode_m811213576	System.Text.Encoding System.Text.Encoding::get_Unicode()	mscorlib
Encoding_get_UTF32_m1591929079	System.Text.Encoding System.Text.Encoding::get_UTF32()	mscorlib
Encoding_get_BigEndianUTF32_m2820363135	System.Text.Encoding System.Text.Encoding::get_BigEndianUTF32()	mscorlib
Encoding_GetByteCount_m1966030650	System.Int32 System.Text.Encoding::GetByteCount(System.Char*,System.Int32)	mscorlib
Encoding_GetBytes_m2313240322	System.Int32 System.Text.Encoding::GetBytes(System.Char*,System.Int32,System.Byte*,System.Int32)	mscorlib
ForwardingDecoder__ctor_m335665988	System.Void System.Text.Encoding/ForwardingDecoder::.ctor(System.Text.Encoding)	mscorlib
ForwardingDecoder_GetChars_m4228908854	System.Int32 System.Text.Encoding/ForwardingDecoder::GetChars(System.Byte[],System.Int32,System.Int32,System.Char[],System.Int32)	mscorlib
Latin1Encoding__ctor_m498920120	System.Void System.Text.Latin1Encoding::.ctor()	mscorlib
Latin1Encoding_GetByteCount_m4202252024	System.Int32 System.Text.Latin1Encoding::GetByteCount(System.Char[],System.Int32,System.Int32)	mscorlib
Latin1Encoding_GetByteCount_m1145650505	System.Int32 System.Text.Latin1Encoding::GetByteCount(System.String)	mscorlib
Latin1Encoding_GetBytes_m4216440037	System.Int32 System.Text.Latin1Encoding::GetBytes(System.Char[],System.Int32,System.Int32,System.Byte[],System.Int32)	mscorlib
Latin1Encoding_GetBytes_m3765139542	System.Int32 System.Text.Latin1Encoding::GetBytes(System.Char[],System.Int32,System.Int32,System.Byte[],System.Int32,System.Text.EncoderFallbackBuffer&,System.Char[]&)	mscorlib
Latin1Encoding_GetBytes_m1655294126	System.Int32 System.Text.Latin1Encoding::GetBytes(System.String,System.Int32,System.Int32,System.Byte[],System.Int32)	mscorlib
Latin1Encoding_GetBytes_m3327999871	System.Int32 System.Text.Latin1Encoding::GetBytes(System.String,System.Int32,System.Int32,System.Byte[],System.Int32,System.Text.EncoderFallbackBuffer&,System.Char[]&)	mscorlib
Latin1Encoding_GetCharCount_m3241384207	System.Int32 System.Text.Latin1Encoding::GetCharCount(System.Byte[],System.Int32,System.Int32)	mscorlib
Latin1Encoding_GetChars_m1437558423	System.Int32 System.Text.Latin1Encoding::GetChars(System.Byte[],System.Int32,System.Int32,System.Char[],System.Int32)	mscorlib
Latin1Encoding_GetMaxByteCount_m1284135491	System.Int32 System.Text.Latin1Encoding::GetMaxByteCount(System.Int32)	mscorlib
Latin1Encoding_GetMaxCharCount_m1720752733	System.Int32 System.Text.Latin1Encoding::GetMaxCharCount(System.Int32)	mscorlib
Latin1Encoding_GetString_m838471821	System.String System.Text.Latin1Encoding::GetString(System.Byte[],System.Int32,System.Int32)	mscorlib
Latin1Encoding_GetString_m254210343	System.String System.Text.Latin1Encoding::GetString(System.Byte[])	mscorlib
StringBuilder__ctor_m3797152686	System.Void System.Text.StringBuilder::.ctor(System.String,System.Int32,System.Int32,System.Int32)	mscorlib
StringBuilder__ctor_m3504405255	System.Void System.Text.StringBuilder::.ctor(System.String,System.Int32,System.Int32,System.Int32,System.Int32)	mscorlib
StringBuilder__ctor_m3121283359	System.Void System.Text.StringBuilder::.ctor()	mscorlib
StringBuilder__ctor_m2367297767	System.Void System.Text.StringBuilder::.ctor(System.Int32)	mscorlib
StringBuilder__ctor_m2989139009	System.Void System.Text.StringBuilder::.ctor(System.String)	mscorlib
StringBuilder__ctor_m2502310956	System.Void System.Text.StringBuilder::.ctor(System.String,System.Int32)	mscorlib
StringBuilder__ctor_m2625406916	System.Void System.Text.StringBuilder::.ctor(System.Runtime.Serialization.SerializationInfo,System.Runtime.Serialization.StreamingContext)	mscorlib
StringBuilder_get_Capacity_m2088663745	System.Int32 System.Text.StringBuilder::get_Capacity()	mscorlib
StringBuilder_set_Capacity_m3366027632	System.Void System.Text.StringBuilder::set_Capacity(System.Int32)	mscorlib
StringBuilder_get_Length_m3238060835	System.Int32 System.Text.StringBuilder::get_Length()	mscorlib
StringBuilder_set_Length_m1410065908	System.Void System.Text.StringBuilder::set_Length(System.Int32)	mscorlib
StringBuilder_get_Chars_m1819843468	System.Char System.Text.StringBuilder::get_Chars(System.Int32)	mscorlib
StringBuilder_set_Chars_m3548656617	System.Void System.Text.StringBuilder::set_Chars(System.Int32,System.Char)	mscorlib
StringBuilder_ToString_m3317489284	System.String System.Text.StringBuilder::ToString()	mscorlib
StringBuilder_ToString_m774364392	System.String System.Text.StringBuilder::ToString(System.Int32,System.Int32)	mscorlib
StringBuilder_Remove_m940064945	System.Text.StringBuilder System.Text.StringBuilder::Remove(System.Int32,System.Int32)	mscorlib
StringBuilder_Replace_m1968561789	System.Text.StringBuilder System.Text.StringBuilder::Replace(System.String,System.String)	mscorlib
StringBuilder_Replace_m1682610486	System.Text.StringBuilder System.Text.StringBuilder::Replace(System.String,System.String,System.Int32,System.Int32)	mscorlib
StringBuilder_Append_m1965104174	System.Text.StringBuilder System.Text.StringBuilder::Append(System.String)	mscorlib
StringBuilder_Append_m890240332	System.Text.StringBuilder System.Text.StringBuilder::Append(System.Int32)	mscorlib
StringBuilder_Append_m3611229522	System.Text.StringBuilder System.Text.StringBuilder::Append(System.Int64)	mscorlib
StringBuilder_Append_m1640838743	System.Text.StringBuilder System.Text.StringBuilder::Append(System.Object)	mscorlib
StringBuilder_Append_m2383614642	System.Text.StringBuilder System.Text.StringBuilder::Append(System.Char)	mscorlib
StringBuilder_Append_m2180175564	System.Text.StringBuilder System.Text.StringBuilder::Append(System.Char,System.Int32)	mscorlib
StringBuilder_Append_m4089665817	System.Text.StringBuilder System.Text.StringBuilder::Append(System.Char[],System.Int32,System.Int32)	mscorlib
StringBuilder_Append_m3214161208	System.Text.StringBuilder System.Text.StringBuilder::Append(System.String,System.Int32,System.Int32)	mscorlib
StringBuilder_AppendLine_m2783356575	System.Text.StringBuilder System.Text.StringBuilder::AppendLine()	mscorlib
StringBuilder_AppendLine_m1438862993	System.Text.StringBuilder System.Text.StringBuilder::AppendLine(System.String)	mscorlib
StringBuilder_AppendFormat_m921870684	System.Text.StringBuilder System.Text.StringBuilder::AppendFormat(System.String,System.Object[])	mscorlib
StringBuilder_AppendFormat_m4227532852	System.Text.StringBuilder System.Text.StringBuilder::AppendFormat(System.IFormatProvider,System.String,System.Object[])	mscorlib
StringBuilder_AppendFormat_m3016532472	System.Text.StringBuilder System.Text.StringBuilder::AppendFormat(System.String,System.Object)	mscorlib
StringBuilder_AppendFormat_m3255666490	System.Text.StringBuilder System.Text.StringBuilder::AppendFormat(System.String,System.Object,System.Object)	mscorlib
StringBuilder_AppendFormat_m2403596038	System.Text.StringBuilder System.Text.StringBuilder::AppendFormat(System.String,System.Object,System.Object,System.Object)	mscorlib
StringBuilder_Insert_m3039182437	System.Text.StringBuilder System.Text.StringBuilder::Insert(System.Int32,System.String)	mscorlib
StringBuilder_Insert_m1076119876	System.Text.StringBuilder System.Text.StringBuilder::Insert(System.Int32,System.Char)	mscorlib
StringBuilder_Insert_m1991415059	System.Text.StringBuilder System.Text.StringBuilder::Insert(System.Int32,System.String,System.Int32)	mscorlib
StringBuilder_InternalEnsureCapacity_m1976244425	System.Void System.Text.StringBuilder::InternalEnsureCapacity(System.Int32)	mscorlib
UnicodeEncoding__ctor_m1074918879	System.Void System.Text.UnicodeEncoding::.ctor()	mscorlib
UnicodeEncoding__ctor_m3604373700	System.Void System.Text.UnicodeEncoding::.ctor(System.Boolean,System.Boolean)	mscorlib
UnicodeEncoding__ctor_m936764770	System.Void System.Text.UnicodeEncoding::.ctor(System.Boolean,System.Boolean,System.Boolean)	mscorlib
UnicodeEncoding_GetByteCount_m2118773625	System.Int32 System.Text.UnicodeEncoding::GetByteCount(System.Char[],System.Int32,System.Int32)	mscorlib
UnicodeEncoding_GetByteCount_m3262451645	System.Int32 System.Text.UnicodeEncoding::GetByteCount(System.String)	mscorlib
UnicodeEncoding_GetByteCount_m3498858619	System.Int32 System.Text.UnicodeEncoding::GetByteCount(System.Char*,System.Int32)	mscorlib
UnicodeEncoding_GetBytes_m3426267301	System.Int32 System.Text.UnicodeEncoding::GetBytes(System.Char[],System.Int32,System.Int32,System.Byte[],System.Int32)	mscorlib
UnicodeEncoding_GetBytes_m1366350399	System.Int32 System.Text.UnicodeEncoding::GetBytes(System.String,System.Int32,System.Int32,System.Byte[],System.Int32)	mscorlib
UnicodeEncoding_GetBytes_m3223155660	System.Int32 System.Text.UnicodeEncoding::GetBytes(System.Char*,System.Int32,System.Byte*,System.Int32)	mscorlib
UnicodeEncoding_GetBytesInternal_m1902824297	System.Int32 System.Text.UnicodeEncoding::GetBytesInternal(System.Char*,System.Int32,System.Byte*,System.Int32)	mscorlib
UnicodeEncoding_GetCharCount_m845015490	System.Int32 System.Text.UnicodeEncoding::GetCharCount(System.Byte[],System.Int32,System.Int32)	mscorlib
UnicodeEncoding_GetChars_m3561826263	System.Int32 System.Text.UnicodeEncoding::GetChars(System.Byte[],System.Int32,System.Int32,System.Char[],System.Int32)	mscorlib
UnicodeEncoding_GetString_m332467280	System.String System.Text.UnicodeEncoding::GetString(System.Byte[],System.Int32,System.Int32)	mscorlib
UnicodeEncoding_GetCharsInternal_m98244547	System.Int32 System.Text.UnicodeEncoding::GetCharsInternal(System.Byte*,System.Int32,System.Char*,System.Int32)	mscorlib
UnicodeEncoding_GetMaxByteCount_m3053620432	System.Int32 System.Text.UnicodeEncoding::GetMaxByteCount(System.Int32)	mscorlib
UnicodeEncoding_GetMaxCharCount_m1592623696	System.Int32 System.Text.UnicodeEncoding::GetMaxCharCount(System.Int32)	mscorlib
UnicodeEncoding_GetDecoder_m1504791895	System.Text.Decoder System.Text.UnicodeEncoding::GetDecoder()	mscorlib
UnicodeEncoding_GetPreamble_m3002287178	System.Byte[] System.Text.UnicodeEncoding::GetPreamble()	mscorlib
UnicodeEncoding_Equals_m701742893	System.Boolean System.Text.UnicodeEncoding::Equals(System.Object)	mscorlib
UnicodeEncoding_GetHashCode_m354003420	System.Int32 System.Text.UnicodeEncoding::GetHashCode()	mscorlib
UnicodeEncoding_CopyChars_m785272451	System.Void System.Text.UnicodeEncoding::CopyChars(System.Byte*,System.Byte*,System.Int32,System.Boolean)	mscorlib
UnicodeDecoder__ctor_m3606046165	System.Void System.Text.UnicodeEncoding/UnicodeDecoder::.ctor(System.Boolean)	mscorlib
UnicodeDecoder_GetChars_m3463258340	System.Int32 System.Text.UnicodeEncoding/UnicodeDecoder::GetChars(System.Byte[],System.Int32,System.Int32,System.Char[],System.Int32)	mscorlib
UTF32Encoding__ctor_m1635603592	System.Void System.Text.UTF32Encoding::.ctor()	mscorlib
UTF32Encoding__ctor_m2278531302	System.Void System.Text.UTF32Encoding::.ctor(System.Boolean,System.Boolean)	mscorlib
UTF32Encoding__ctor_m3417652600	System.Void System.Text.UTF32Encoding::.ctor(System.Boolean,System.Boolean,System.Boolean)	mscorlib
UTF32Encoding_GetByteCount_m3787179419	System.Int32 System.Text.UTF32Encoding::GetByteCount(System.Char[],System.Int32,System.Int32)	mscorlib
UTF32Encoding_GetBytes_m3180303867	System.Int32 System.Text.UTF32Encoding::GetBytes(System.Char[],System.Int32,System.Int32,System.Byte[],System.Int32)	mscorlib
UTF32Encoding_GetCharCount_m3062341871	System.Int32 System.Text.UTF32Encoding::GetCharCount(System.Byte[],System.Int32,System.Int32)	mscorlib
UTF32Encoding_GetChars_m208559531	System.Int32 System.Text.UTF32Encoding::GetChars(System.Byte[],System.Int32,System.Int32,System.Char[],System.Int32)	mscorlib
UTF32Encoding_GetMaxByteCount_m2445516862	System.Int32 System.Text.UTF32Encoding::GetMaxByteCount(System.Int32)	mscorlib
UTF32Encoding_GetMaxCharCount_m2375204529	System.Int32 System.Text.UTF32Encoding::GetMaxCharCount(System.Int32)	mscorlib
UTF32Encoding_GetDecoder_m3364062151	System.Text.Decoder System.Text.UTF32Encoding::GetDecoder()	mscorlib
UTF32Encoding_GetPreamble_m2844389005	System.Byte[] System.Text.UTF32Encoding::GetPreamble()	mscorlib
UTF32Encoding_Equals_m2278544394	System.Boolean System.Text.UTF32Encoding::Equals(System.Object)	mscorlib
UTF32Encoding_GetHashCode_m2910638225	System.Int32 System.Text.UTF32Encoding::GetHashCode()	mscorlib
UTF32Encoding_GetByteCount_m3610769032	System.Int32 System.Text.UTF32Encoding::GetByteCount(System.Char*,System.Int32)	mscorlib
UTF32Encoding_GetByteCount_m3318495092	System.Int32 System.Text.UTF32Encoding::GetByteCount(System.String)	mscorlib
UTF32Encoding_GetBytes_m2832872594	System.Int32 System.Text.UTF32Encoding::GetBytes(System.Char*,System.Int32,System.Byte*,System.Int32)	mscorlib
UTF32Encoding_GetBytes_m4022298172	System.Int32 System.Text.UTF32Encoding::GetBytes(System.String,System.Int32,System.Int32,System.Byte[],System.Int32)	mscorlib
UTF32Encoding_GetString_m3737249548	System.String System.Text.UTF32Encoding::GetString(System.Byte[],System.Int32,System.Int32)	mscorlib
UTF32Decoder__ctor_m1109508508	System.Void System.Text.UTF32Encoding/UTF32Decoder::.ctor(System.Boolean)	mscorlib
UTF32Decoder_GetChars_m1925558948	System.Int32 System.Text.UTF32Encoding/UTF32Decoder::GetChars(System.Byte[],System.Int32,System.Int32,System.Char[],System.Int32)	mscorlib
UTF7Encoding__ctor_m1257259578	System.Void System.Text.UTF7Encoding::.ctor()	mscorlib
UTF7Encoding__ctor_m3592291633	System.Void System.Text.UTF7Encoding::.ctor(System.Boolean)	mscorlib
UTF7Encoding__cctor_m1116871411	System.Void System.Text.UTF7Encoding::.cctor()	mscorlib
UTF7Encoding_GetHashCode_m587267901	System.Int32 System.Text.UTF7Encoding::GetHashCode()	mscorlib
UTF7Encoding_Equals_m227704363	System.Boolean System.Text.UTF7Encoding::Equals(System.Object)	mscorlib
UTF7Encoding_InternalGetByteCount_m711304883	System.Int32 System.Text.UTF7Encoding::InternalGetByteCount(System.Char[],System.Int32,System.Int32,System.Boolean,System.Int32,System.Boolean,System.Boolean)	mscorlib
UTF7Encoding_GetByteCount_m3616172568	System.Int32 System.Text.UTF7Encoding::GetByteCount(System.Char[],System.Int32,System.Int32)	mscorlib
UTF7Encoding_InternalGetBytes_m797138468	System.Int32 System.Text.UTF7Encoding::InternalGetBytes(System.Char[],System.Int32,System.Int32,System.Byte[],System.Int32,System.Boolean,System.Int32&,System.Boolean&,System.Boolean)	mscorlib
UTF7Encoding_GetBytes_m3609725875	System.Int32 System.Text.UTF7Encoding::GetBytes(System.Char[],System.Int32,System.Int32,System.Byte[],System.Int32)	mscorlib
UTF7Encoding_InternalGetCharCount_m1454619382	System.Int32 System.Text.UTF7Encoding::InternalGetCharCount(System.Byte[],System.Int32,System.Int32,System.Int32)	mscorlib
UTF7Encoding_GetCharCount_m2792854727	System.Int32 System.Text.UTF7Encoding::GetCharCount(System.Byte[],System.Int32,System.Int32)	mscorlib
UTF7Encoding_InternalGetChars_m2722395139	System.Int32 System.Text.UTF7Encoding::InternalGetChars(System.Byte[],System.Int32,System.Int32,System.Char[],System.Int32,System.Int32&)	mscorlib
UTF7Encoding_GetChars_m732948009	System.Int32 System.Text.UTF7Encoding::GetChars(System.Byte[],System.Int32,System.Int32,System.Char[],System.Int32)	mscorlib
UTF7Encoding_GetMaxByteCount_m1806591568	System.Int32 System.Text.UTF7Encoding::GetMaxByteCount(System.Int32)	mscorlib
UTF7Encoding_GetMaxCharCount_m3050332930	System.Int32 System.Text.UTF7Encoding::GetMaxCharCount(System.Int32)	mscorlib
UTF7Encoding_GetDecoder_m3129254348	System.Text.Decoder System.Text.UTF7Encoding::GetDecoder()	mscorlib
UTF7Encoding_GetByteCount_m209415911	System.Int32 System.Text.UTF7Encoding::GetByteCount(System.Char*,System.Int32)	mscorlib
UTF7Encoding_GetByteCount_m1175520321	System.Int32 System.Text.UTF7Encoding::GetByteCount(System.String)	mscorlib
UTF7Encoding_GetBytes_m521917477	System.Int32 System.Text.UTF7Encoding::GetBytes(System.Char*,System.Int32,System.Byte*,System.Int32)	mscorlib
UTF7Encoding_GetBytes_m4073063585	System.Int32 System.Text.UTF7Encoding::GetBytes(System.String,System.Int32,System.Int32,System.Byte[],System.Int32)	mscorlib
UTF7Encoding_GetString_m560035518	System.String System.Text.UTF7Encoding::GetString(System.Byte[],System.Int32,System.Int32)	mscorlib
UTF7Decoder__ctor_m546843796	System.Void System.Text.UTF7Encoding/UTF7Decoder::.ctor()	mscorlib
UTF7Decoder_GetChars_m3413809261	System.Int32 System.Text.UTF7Encoding/UTF7Decoder::GetChars(System.Byte[],System.Int32,System.Int32,System.Char[],System.Int32)	mscorlib
UTF8Encoding__ctor_m1224805231	System.Void System.Text.UTF8Encoding::.ctor()	mscorlib
UTF8Encoding__ctor_m661806809	System.Void System.Text.UTF8Encoding::.ctor(System.Boolean)	mscorlib
UTF8Encoding__ctor_m1391509536	System.Void System.Text.UTF8Encoding::.ctor(System.Boolean,System.Boolean)	mscorlib
UTF8Encoding_InternalGetByteCount_m771565606	System.Int32 System.Text.UTF8Encoding::InternalGetByteCount(System.Char[],System.Int32,System.Int32,System.Char&,System.Boolean)	mscorlib
UTF8Encoding_InternalGetByteCount_m2120178851	System.Int32 System.Text.UTF8Encoding::InternalGetByteCount(System.Char*,System.Int32,System.Char&,System.Boolean)	mscorlib
UTF8Encoding_GetByteCount_m4152118078	System.Int32 System.Text.UTF8Encoding::GetByteCount(System.Char[],System.Int32,System.Int32)	mscorlib
UTF8Encoding_GetByteCount_m4153686982	System.Int32 System.Text.UTF8Encoding::GetByteCount(System.Char*,System.Int32)	mscorlib
UTF8Encoding_InternalGetBytes_m1965760031	System.Int32 System.Text.UTF8Encoding::InternalGetBytes(System.Char[],System.Int32,System.Int32,System.Byte[],System.Int32,System.Char&,System.Boolean)	mscorlib
UTF8Encoding_InternalGetBytes_m359000633	System.Int32 System.Text.UTF8Encoding::InternalGetBytes(System.Char*,System.Int32,System.Byte*,System.Int32,System.Char&,System.Boolean)	mscorlib
UTF8Encoding_GetBytes_m3927828659	System.Int32 System.Text.UTF8Encoding::GetBytes(System.Char[],System.Int32,System.Int32,System.Byte[],System.Int32)	mscorlib
UTF8Encoding_GetBytes_m1676006378	System.Int32 System.Text.UTF8Encoding::GetBytes(System.String,System.Int32,System.Int32,System.Byte[],System.Int32)	mscorlib
UTF8Encoding_GetBytes_m3254542575	System.Int32 System.Text.UTF8Encoding::GetBytes(System.Char*,System.Int32,System.Byte*,System.Int32)	mscorlib
UTF8Encoding_InternalGetCharCount_m82458470	System.Int32 System.Text.UTF8Encoding::InternalGetCharCount(System.Byte[],System.Int32,System.Int32,System.UInt32,System.UInt32,System.Object,System.Text.DecoderFallbackBuffer&,System.Byte[]&,System.Boolean)	mscorlib
UTF8Encoding_InternalGetCharCount_m3717563502	System.Int32 System.Text.UTF8Encoding::InternalGetCharCount(System.Byte*,System.Int32,System.UInt32,System.UInt32,System.Object,System.Text.DecoderFallbackBuffer&,System.Byte[]&,System.Boolean)	mscorlib
UTF8Encoding_Fallback_m1398662657	System.Int32 System.Text.UTF8Encoding::Fallback(System.Object,System.Text.DecoderFallbackBuffer&,System.Byte[]&,System.Byte*,System.Int64,System.UInt32)	mscorlib
UTF8Encoding_Fallback_m3793102142	System.Void System.Text.UTF8Encoding::Fallback(System.Object,System.Text.DecoderFallbackBuffer&,System.Byte[]&,System.Byte*,System.Int64,System.UInt32,System.Char*,System.Int32&)	mscorlib
UTF8Encoding_GetCharCount_m2272165989	System.Int32 System.Text.UTF8Encoding::GetCharCount(System.Byte[],System.Int32,System.Int32)	mscorlib
UTF8Encoding_InternalGetChars_m1502871718	System.Int32 System.Text.UTF8Encoding::InternalGetChars(System.Byte[],System.Int32,System.Int32,System.Char[],System.Int32,System.UInt32&,System.UInt32&,System.Object,System.Text.DecoderFallbackBuffer&,System.Byte[]&,System.Boolean)	mscorlib
UTF8Encoding_InternalGetChars_m1682357736	System.Int32 System.Text.UTF8Encoding::InternalGetChars(System.Byte*,System.Int32,System.Char*,System.Int32,System.UInt32&,System.UInt32&,System.Object,System.Text.DecoderFallbackBuffer&,System.Byte[]&,System.Boolean)	mscorlib
UTF8Encoding_GetChars_m1433288684	System.Int32 System.Text.UTF8Encoding::GetChars(System.Byte[],System.Int32,System.Int32,System.Char[],System.Int32)	mscorlib
UTF8Encoding_GetMaxByteCount_m420651053	System.Int32 System.Text.UTF8Encoding::GetMaxByteCount(System.Int32)	mscorlib
UTF8Encoding_GetMaxCharCount_m3762459613	System.Int32 System.Text.UTF8Encoding::GetMaxCharCount(System.Int32)	mscorlib
UTF8Encoding_GetDecoder_m2951334655	System.Text.Decoder System.Text.UTF8Encoding::GetDecoder()	mscorlib
UTF8Encoding_GetPreamble_m1911470058	System.Byte[] System.Text.UTF8Encoding::GetPreamble()	mscorlib
UTF8Encoding_Equals_m3216333608	System.Boolean System.Text.UTF8Encoding::Equals(System.Object)	mscorlib
UTF8Encoding_GetHashCode_m641510078	System.Int32 System.Text.UTF8Encoding::GetHashCode()	mscorlib
UTF8Encoding_GetByteCount_m3800586529	System.Int32 System.Text.UTF8Encoding::GetByteCount(System.String)	mscorlib
UTF8Encoding_GetString_m3999408409	System.String System.Text.UTF8Encoding::GetString(System.Byte[],System.Int32,System.Int32)	mscorlib
UTF8Decoder__ctor_m3811899787	System.Void System.Text.UTF8Encoding/UTF8Decoder::.ctor(System.Text.DecoderFallback)	mscorlib
UTF8Decoder_GetChars_m1236346907	System.Int32 System.Text.UTF8Encoding/UTF8Decoder::GetChars(System.Byte[],System.Int32,System.Int32,System.Char[],System.Int32)	mscorlib
CompressedStack__ctor_m2442654875	System.Void System.Threading.CompressedStack::.ctor(System.Int32)	mscorlib
CompressedStack__ctor_m315468647	System.Void System.Threading.CompressedStack::.ctor(System.Threading.CompressedStack)	mscorlib
CompressedStack_CreateCopy_m2591279216	System.Threading.CompressedStack System.Threading.CompressedStack::CreateCopy()	mscorlib
CompressedStack_Capture_m3327262890	System.Threading.CompressedStack System.Threading.CompressedStack::Capture()	mscorlib
CompressedStack_IsEmpty_m1305135551	System.Boolean System.Threading.CompressedStack::IsEmpty()	mscorlib
EventWaitHandle__ctor_m3773182490	System.Void System.Threading.EventWaitHandle::.ctor(System.Boolean,System.Threading.EventResetMode)	mscorlib
EventWaitHandle_IsManualReset_m3553816275	System.Boolean System.Threading.EventWaitHandle::IsManualReset(System.Threading.EventResetMode)	mscorlib
EventWaitHandle_Reset_m3348053200	System.Boolean System.Threading.EventWaitHandle::Reset()	mscorlib
EventWaitHandle_Set_m2445193251	System.Boolean System.Threading.EventWaitHandle::Set()	mscorlib
ExecutionContext__ctor_m3874209501	System.Void System.Threading.ExecutionContext::.ctor()	mscorlib
ExecutionContext__ctor_m957177596	System.Void System.Threading.ExecutionContext::.ctor(System.Threading.ExecutionContext)	mscorlib
ExecutionContext__ctor_m418421535	System.Void System.Threading.ExecutionContext::.ctor(System.Runtime.Serialization.SerializationInfo,System.Runtime.Serialization.StreamingContext)	mscorlib
ExecutionContext_Capture_m681135907	System.Threading.ExecutionContext System.Threading.ExecutionContext::Capture()	mscorlib
ExecutionContext_get_SecurityContext_m1232420339	System.Security.SecurityContext System.Threading.ExecutionContext::get_SecurityContext()	mscorlib
ExecutionContext_set_SecurityContext_m3443205304	System.Void System.Threading.ExecutionContext::set_SecurityContext(System.Security.SecurityContext)	mscorlib
ExecutionContext_get_FlowSuppressed_m3684775418	System.Boolean System.Threading.ExecutionContext::get_FlowSuppressed()	mscorlib
ExecutionContext_IsFlowSuppressed_m1061993478	System.Boolean System.Threading.ExecutionContext::IsFlowSuppressed()	mscorlib
Interlocked_CompareExchange_m3023855514	System.Int32 System.Threading.Interlocked::CompareExchange(System.Int32&,System.Int32,System.Int32)	mscorlib
Interlocked_CompareExchange_m4173283112	System.Single System.Threading.Interlocked::CompareExchange(System.Single&,System.Single,System.Single)	mscorlib
ManualResetEvent__ctor_m4010886457	System.Void System.Threading.ManualResetEvent::.ctor(System.Boolean)	mscorlib
Monitor_Enter_m2249409497	System.Void System.Threading.Monitor::Enter(System.Object)	mscorlib
Monitor_Exit_m3585316909	System.Void System.Threading.Monitor::Exit(System.Object)	mscorlib
Monitor_Monitor_pulse_m2491828136	System.Void System.Threading.Monitor::Monitor_pulse(System.Object)	mscorlib
Monitor_Monitor_test_synchronised_m517272294	System.Boolean System.Threading.Monitor::Monitor_test_synchronised(System.Object)	mscorlib
Monitor_Pulse_m82725344	System.Void System.Threading.Monitor::Pulse(System.Object)	mscorlib
Monitor_Monitor_wait_m3706677354	System.Boolean System.Threading.Monitor::Monitor_wait(System.Object,System.Int32)	mscorlib
Monitor_Wait_m1121125180	System.Boolean System.Threading.Monitor::Wait(System.Object,System.Int32)	mscorlib
Mutex__ctor_m2825059899	System.Void System.Threading.Mutex::.ctor(System.Boolean)	mscorlib
Mutex_CreateMutex_internal_m3763633491	System.IntPtr System.Threading.Mutex::CreateMutex_internal(System.Boolean,System.String,System.Boolean&)	mscorlib
Mutex_ReleaseMutex_internal_m1411299633	System.Boolean System.Threading.Mutex::ReleaseMutex_internal(System.IntPtr)	mscorlib
Mutex_ReleaseMutex_m3169074890	System.Void System.Threading.Mutex::ReleaseMutex()	mscorlib
NativeEventCalls_CreateEvent_internal_m3212149556	System.IntPtr System.Threading.NativeEventCalls::CreateEvent_internal(System.Boolean,System.Boolean,System.String,System.Boolean&)	mscorlib
NativeEventCalls_SetEvent_internal_m4068607488	System.Boolean System.Threading.NativeEventCalls::SetEvent_internal(System.IntPtr)	mscorlib
NativeEventCalls_ResetEvent_internal_m885886540	System.Boolean System.Threading.NativeEventCalls::ResetEvent_internal(System.IntPtr)	mscorlib
NativeEventCalls_CloseEvent_internal_m2546122398	System.Void System.Threading.NativeEventCalls::CloseEvent_internal(System.IntPtr)	mscorlib
SendOrPostCallback__ctor_m1566534627	System.Void System.Threading.SendOrPostCallback::.ctor(System.Object,System.IntPtr)	mscorlib
SendOrPostCallback_Invoke_m937799800	System.Void System.Threading.SendOrPostCallback::Invoke(System.Object)	mscorlib
SendOrPostCallback_BeginInvoke_m1648400288	System.IAsyncResult System.Threading.SendOrPostCallback::BeginInvoke(System.Object,System.AsyncCallback,System.Object)	mscorlib
SendOrPostCallback_EndInvoke_m2485163446	System.Void System.Threading.SendOrPostCallback::EndInvoke(System.IAsyncResult)	mscorlib
SynchronizationContext__ctor_m2514243817	System.Void System.Threading.SynchronizationContext::.ctor()	mscorlib
SynchronizationContext_get_Current_m3666546046	System.Threading.SynchronizationContext System.Threading.SynchronizationContext::get_Current()	mscorlib
SynchronizationContext_SetSynchronizationContext_m1249070039	System.Void System.Threading.SynchronizationContext::SetSynchronizationContext(System.Threading.SynchronizationContext)	mscorlib
SynchronizationLockException__ctor_m4154160957	System.Void System.Threading.SynchronizationLockException::.ctor()	mscorlib
SynchronizationLockException__ctor_m3407855920	System.Void System.Threading.SynchronizationLockException::.ctor(System.String)	mscorlib
SynchronizationLockException__ctor_m2582325363	System.Void System.Threading.SynchronizationLockException::.ctor(System.Runtime.Serialization.SerializationInfo,System.Runtime.Serialization.StreamingContext)	mscorlib
Thread__ctor_m777188137	System.Void System.Threading.Thread::.ctor(System.Threading.ThreadStart)	mscorlib
Thread__cctor_m817723615	System.Void System.Threading.Thread::.cctor()	mscorlib
Thread_get_CurrentContext_m1695017876	System.Runtime.Remoting.Contexts.Context System.Threading.Thread::get_CurrentContext()	mscorlib
Thread_CurrentThread_internal_m3271843036	System.Threading.Thread System.Threading.Thread::CurrentThread_internal()	mscorlib
Thread_get_CurrentThread_m4142136012	System.Threading.Thread System.Threading.Thread::get_CurrentThread()	mscorlib
Thread_FreeLocalSlotValues_m1195763560	System.Void System.Threading.Thread::FreeLocalSlotValues(System.Int32,System.Boolean)	mscorlib
Thread_GetDomainID_m3416930910	System.Int32 System.Threading.Thread::GetDomainID()	mscorlib
Thread_Thread_internal_m4184414727	System.IntPtr System.Threading.Thread::Thread_internal(System.MulticastDelegate)	mscorlib
Thread_Thread_init_m3583989169	System.Void System.Threading.Thread::Thread_init()	mscorlib
Thread_GetCachedCurrentCulture_m3435630977	System.Globalization.CultureInfo System.Threading.Thread::GetCachedCurrentCulture()	mscorlib
Thread_GetSerializedCurrentCulture_m30188251	System.Byte[] System.Threading.Thread::GetSerializedCurrentCulture()	mscorlib
Thread_SetCachedCurrentCulture_m2609530899	System.Void System.Threading.Thread::SetCachedCurrentCulture(System.Globalization.CultureInfo)	mscorlib
Thread_GetCachedCurrentUICulture_m3553957669	System.Globalization.CultureInfo System.Threading.Thread::GetCachedCurrentUICulture()	mscorlib
Thread_GetSerializedCurrentUICulture_m3681656498	System.Byte[] System.Threading.Thread::GetSerializedCurrentUICulture()	mscorlib
Thread_SetCachedCurrentUICulture_m1729523031	System.Void System.Threading.Thread::SetCachedCurrentUICulture(System.Globalization.CultureInfo)	mscorlib
Thread_get_CurrentCulture_m349116646	System.Globalization.CultureInfo System.Threading.Thread::get_CurrentCulture()	mscorlib
Thread_get_CurrentUICulture_m1397429997	System.Globalization.CultureInfo System.Threading.Thread::get_CurrentUICulture()	mscorlib
Thread_set_IsBackground_m3868016371	System.Void System.Threading.Thread::set_IsBackground(System.Boolean)	mscorlib
Thread_SetName_internal_m3162565917	System.Void System.Threading.Thread::SetName_internal(System.String)	mscorlib
Thread_set_Name_m3537838048	System.Void System.Threading.Thread::set_Name(System.String)	mscorlib
Thread_Start_m2860771284	System.Void System.Threading.Thread::Start()	mscorlib
Thread_Thread_free_internal_m333849022	System.Void System.Threading.Thread::Thread_free_internal(System.IntPtr)	mscorlib
Thread_Finalize_m3446740003	System.Void System.Threading.Thread::Finalize()	mscorlib
Thread_SetState_m3429987131	System.Void System.Threading.Thread::SetState(System.Threading.ThreadState)	mscorlib
Thread_ClrState_m3379113724	System.Void System.Threading.Thread::ClrState(System.Threading.ThreadState)	mscorlib
Thread_GetNewManagedId_m2361425608	System.Int32 System.Threading.Thread::GetNewManagedId()	mscorlib
Thread_GetNewManagedId_internal_m397574299	System.Int32 System.Threading.Thread::GetNewManagedId_internal()	mscorlib
Thread_get_ExecutionContext_m1861734668	System.Threading.ExecutionContext System.Threading.Thread::get_ExecutionContext()	mscorlib
Thread_get_ManagedThreadId_m1068113671	System.Int32 System.Threading.Thread::get_ManagedThreadId()	mscorlib
Thread_GetHashCode_m3479107071	System.Int32 System.Threading.Thread::GetHashCode()	mscorlib
Thread_GetCompressedStack_m2923422412	System.Threading.CompressedStack System.Threading.Thread::GetCompressedStack()	mscorlib
ThreadAbortException__ctor_m4260562921	System.Void System.Threading.ThreadAbortException::.ctor()	mscorlib
ThreadAbortException__ctor_m1955533141	System.Void System.Threading.ThreadAbortException::.ctor(System.Runtime.Serialization.SerializationInfo,System.Runtime.Serialization.StreamingContext)	mscorlib
ThreadInterruptedException__ctor_m144467266	System.Void System.Threading.ThreadInterruptedException::.ctor()	mscorlib
ThreadInterruptedException__ctor_m4104953416	System.Void System.Threading.ThreadInterruptedException::.ctor(System.Runtime.Serialization.SerializationInfo,System.Runtime.Serialization.StreamingContext)	mscorlib
ThreadPool_QueueUserWorkItem_m1526970260	System.Boolean System.Threading.ThreadPool::QueueUserWorkItem(System.Threading.WaitCallback,System.Object)	mscorlib
ThreadStart__ctor_m3250019360	System.Void System.Threading.ThreadStart::.ctor(System.Object,System.IntPtr)	mscorlib
ThreadStart_Invoke_m1483406622	System.Void System.Threading.ThreadStart::Invoke()	mscorlib
ThreadStart_BeginInvoke_m614889321	System.IAsyncResult System.Threading.ThreadStart::BeginInvoke(System.AsyncCallback,System.Object)	mscorlib
ThreadStart_EndInvoke_m3768045394	System.Void System.Threading.ThreadStart::EndInvoke(System.IAsyncResult)	mscorlib
ThreadStateException__ctor_m3372575002	System.Void System.Threading.ThreadStateException::.ctor()	mscorlib
ThreadStateException__ctor_m2721596288	System.Void System.Threading.ThreadStateException::.ctor(System.Runtime.Serialization.SerializationInfo,System.Runtime.Serialization.StreamingContext)	mscorlib
Timer__cctor_m3385262259	System.Void System.Threading.Timer::.cctor()	mscorlib
Timer_Change_m3724315326	System.Boolean System.Threading.Timer::Change(System.TimeSpan,System.TimeSpan)	mscorlib
Timer_Dispose_m671628881	System.Void System.Threading.Timer::Dispose()	mscorlib
Timer_Change_m3939852749	System.Boolean System.Threading.Timer::Change(System.Int64,System.Int64,System.Boolean)	mscorlib
Scheduler__ctor_m3313141270	System.Void System.Threading.Timer/Scheduler::.ctor()	mscorlib
Scheduler__cctor_m4042462055	System.Void System.Threading.Timer/Scheduler::.cctor()	mscorlib
Scheduler_get_Instance_m2990168607	System.Threading.Timer/Scheduler System.Threading.Timer/Scheduler::get_Instance()	mscorlib
Scheduler_Remove_m3288162609	System.Void System.Threading.Timer/Scheduler::Remove(System.Threading.Timer)	mscorlib
Scheduler_Change_m1742004650	System.Void System.Threading.Timer/Scheduler::Change(System.Threading.Timer,System.Int64)	mscorlib
Scheduler_Add_m21574731	System.Void System.Threading.Timer/Scheduler::Add(System.Threading.Timer)	mscorlib
Scheduler_InternalRemove_m3297531302	System.Int32 System.Threading.Timer/Scheduler::InternalRemove(System.Threading.Timer)	mscorlib
Scheduler_SchedulerThread_m10185948	System.Void System.Threading.Timer/Scheduler::SchedulerThread()	mscorlib
Scheduler_ShrinkIfNeeded_m820085397	System.Void System.Threading.Timer/Scheduler::ShrinkIfNeeded(System.Collections.ArrayList,System.Int32)	mscorlib
TimerComparer__ctor_m1513620849	System.Void System.Threading.Timer/TimerComparer::.ctor()	mscorlib
TimerComparer_Compare_m4202371654	System.Int32 System.Threading.Timer/TimerComparer::Compare(System.Object,System.Object)	mscorlib
TimerCallback__ctor_m3981479132	System.Void System.Threading.TimerCallback::.ctor(System.Object,System.IntPtr)	mscorlib
TimerCallback_Invoke_m1938221087	System.Void System.Threading.TimerCallback::Invoke(System.Object)	mscorlib
TimerCallback_BeginInvoke_m2250763656	System.IAsyncResult System.Threading.TimerCallback::BeginInvoke(System.Object,System.AsyncCallback,System.Object)	mscorlib
TimerCallback_EndInvoke_m2599485055	System.Void System.Threading.TimerCallback::EndInvoke(System.IAsyncResult)	mscorlib
WaitCallback__ctor_m1893321019	System.Void System.Threading.WaitCallback::.ctor(System.Object,System.IntPtr)	mscorlib
WaitCallback_Invoke_m1820972147	System.Void System.Threading.WaitCallback::Invoke(System.Object)	mscorlib
WaitCallback_BeginInvoke_m3012509827	System.IAsyncResult System.Threading.WaitCallback::BeginInvoke(System.Object,System.AsyncCallback,System.Object)	mscorlib
WaitCallback_EndInvoke_m3047974377	System.Void System.Threading.WaitCallback::EndInvoke(System.IAsyncResult)	mscorlib
WaitHandle__ctor_m1707080176	System.Void System.Threading.WaitHandle::.ctor()	mscorlib
WaitHandle__cctor_m4242752477	System.Void System.Threading.WaitHandle::.cctor()	mscorlib
WaitHandle_System_IDisposable_Dispose_m1791996204	System.Void System.Threading.WaitHandle::System.IDisposable.Dispose()	mscorlib
WaitHandle_get_Handle_m3260446580	System.IntPtr System.Threading.WaitHandle::get_Handle()	mscorlib
WaitHandle_set_Handle_m2472203672	System.Void System.Threading.WaitHandle::set_Handle(System.IntPtr)	mscorlib
WaitHandle_WaitOne_internal_m3849881646	System.Boolean System.Threading.WaitHandle::WaitOne_internal(System.IntPtr,System.Int32,System.Boolean)	mscorlib
WaitHandle_Dispose_m738127030	System.Void System.Threading.WaitHandle::Dispose(System.Boolean)	mscorlib
WaitHandle_WaitOne_m2659830932	System.Boolean System.Threading.WaitHandle::WaitOne()	mscorlib
WaitHandle_WaitOne_m2577152516	System.Boolean System.Threading.WaitHandle::WaitOne(System.Int32,System.Boolean)	mscorlib
WaitHandle_CheckDisposed_m303961449	System.Void System.Threading.WaitHandle::CheckDisposed()	mscorlib
WaitHandle_Finalize_m2167095134	System.Void System.Threading.WaitHandle::Finalize()	mscorlib
ThreadStaticAttribute__ctor_m1099840517	System.Void System.ThreadStaticAttribute::.ctor()	mscorlib
TimeSpan__ctor_m1896986612_AdjustorThunk	System.Void System.TimeSpan::.ctor(System.Int64)	mscorlib
TimeSpan__ctor_m3689759052_AdjustorThunk	System.Void System.TimeSpan::.ctor(System.Int32,System.Int32,System.Int32)	mscorlib
TimeSpan__ctor_m2047388489_AdjustorThunk	System.Void System.TimeSpan::.ctor(System.Int32,System.Int32,System.Int32,System.Int32,System.Int32)	mscorlib
TimeSpan__cctor_m3988022323	System.Void System.TimeSpan::.cctor()	mscorlib
TimeSpan_CalculateTicks_m1336746319	System.Int64 System.TimeSpan::CalculateTicks(System.Int32,System.Int32,System.Int32,System.Int32,System.Int32)	mscorlib
TimeSpan_get_Days_m2243259430_AdjustorThunk	System.Int32 System.TimeSpan::get_Days()	mscorlib
TimeSpan_get_Hours_m550761902_AdjustorThunk	System.Int32 System.TimeSpan::get_Hours()	mscorlib
TimeSpan_get_Milliseconds_m3438015508_AdjustorThunk	System.Int32 System.TimeSpan::get_Milliseconds()	mscorlib
TimeSpan_get_Minutes_m4278980001_AdjustorThunk	System.Int32 System.TimeSpan::get_Minutes()	mscorlib
TimeSpan_get_Seconds_m1883479191_AdjustorThunk	System.Int32 System.TimeSpan::get_Seconds()	mscorlib
TimeSpan_get_Ticks_m2137362016_AdjustorThunk	System.Int64 System.TimeSpan::get_Ticks()	mscorlib
TimeSpan_get_TotalDays_m2049019055_AdjustorThunk	System.Double System.TimeSpan::get_TotalDays()	mscorlib
TimeSpan_get_TotalHours_m306507525_AdjustorThunk	System.Double System.TimeSpan::get_TotalHours()	mscorlib
TimeSpan_get_TotalMilliseconds_m2429771311_AdjustorThunk	System.Double System.TimeSpan::get_TotalMilliseconds()	mscorlib
TimeSpan_get_TotalMinutes_m3920401708_AdjustorThunk	System.Double System.TimeSpan::get_TotalMinutes()	mscorlib
TimeSpan_get_TotalSeconds_m4083325051_AdjustorThunk	System.Double System.TimeSpan::get_TotalSeconds()	mscorlib
TimeSpan_Add_m2350321904_AdjustorThunk	System.TimeSpan System.TimeSpan::Add(System.TimeSpan)	mscorlib
TimeSpan_Compare_m753151303	System.Int32 System.TimeSpan::Compare(System.TimeSpan,System.TimeSpan)	mscorlib
TimeSpan_CompareTo_m2181997813_AdjustorThunk	System.Int32 System.TimeSpan::CompareTo(System.Object)	mscorlib
TimeSpan_CompareTo_m3633415627_AdjustorThunk	System.Int32 System.TimeSpan::CompareTo(System.TimeSpan)	mscorlib
TimeSpan_Equals_m3956248018_AdjustorThunk	System.Boolean System.TimeSpan::Equals(System.TimeSpan)	mscorlib
TimeSpan_Duration_m2963553230_AdjustorThunk	System.TimeSpan System.TimeSpan::Duration()	mscorlib
TimeSpan_Equals_m45505612_AdjustorThunk	System.Boolean System.TimeSpan::Equals(System.Object)	mscorlib
TimeSpan_FromDays_m3788741098	System.TimeSpan System.TimeSpan::FromDays(System.Double)	mscorlib
TimeSpan_FromHours_m1109641064	System.TimeSpan System.TimeSpan::FromHours(System.Double)	mscorlib
TimeSpan_FromMinutes_m1032812593	System.TimeSpan System.TimeSpan::FromMinutes(System.Double)	mscorlib
TimeSpan_FromSeconds_m4219356874	System.TimeSpan System.TimeSpan::FromSeconds(System.Double)	mscorlib
TimeSpan_FromMilliseconds_m579366253	System.TimeSpan System.TimeSpan::FromMilliseconds(System.Double)	mscorlib
TimeSpan_From_m1575288640	System.TimeSpan System.TimeSpan::From(System.Double,System.Int64)	mscorlib
TimeSpan_GetHashCode_m1939414618_AdjustorThunk	System.Int32 System.TimeSpan::GetHashCode()	mscorlib
TimeSpan_Negate_m1889505500_AdjustorThunk	System.TimeSpan System.TimeSpan::Negate()	mscorlib
TimeSpan_Subtract_m1264203589_AdjustorThunk	System.TimeSpan System.TimeSpan::Subtract(System.TimeSpan)	mscorlib
TimeSpan_ToString_m1128692466_AdjustorThunk	System.String System.TimeSpan::ToString()	mscorlib
TimeSpan_op_Addition_m672714982	System.TimeSpan System.TimeSpan::op_Addition(System.TimeSpan,System.TimeSpan)	mscorlib
TimeSpan_op_Equality_m1999885032	System.Boolean System.TimeSpan::op_Equality(System.TimeSpan,System.TimeSpan)	mscorlib
TimeSpan_op_GreaterThan_m734703194	System.Boolean System.TimeSpan::op_GreaterThan(System.TimeSpan,System.TimeSpan)	mscorlib
TimeSpan_op_GreaterThanOrEqual_m3604983771	System.Boolean System.TimeSpan::op_GreaterThanOrEqual(System.TimeSpan,System.TimeSpan)	mscorlib
TimeSpan_op_Inequality_m2467851530	System.Boolean System.TimeSpan::op_Inequality(System.TimeSpan,System.TimeSpan)	mscorlib
TimeSpan_op_LessThan_m1594498345	System.Boolean System.TimeSpan::op_LessThan(System.TimeSpan,System.TimeSpan)	mscorlib
TimeSpan_op_LessThanOrEqual_m300470010	System.Boolean System.TimeSpan::op_LessThanOrEqual(System.TimeSpan,System.TimeSpan)	mscorlib
TimeSpan_op_Subtraction_m3592306516	System.TimeSpan System.TimeSpan::op_Subtraction(System.TimeSpan,System.TimeSpan)	mscorlib
TimeZone__ctor_m1831364098	System.Void System.TimeZone::.ctor()	mscorlib
TimeZone__cctor_m798292265	System.Void System.TimeZone::.cctor()	mscorlib
TimeZone_get_CurrentTimeZone_m2520313554	System.TimeZone System.TimeZone::get_CurrentTimeZone()	mscorlib
TimeZone_IsDaylightSavingTime_m2508743323	System.Boolean System.TimeZone::IsDaylightSavingTime(System.DateTime)	mscorlib
TimeZone_IsDaylightSavingTime_m3100698649	System.Boolean System.TimeZone::IsDaylightSavingTime(System.DateTime,System.Globalization.DaylightTime)	mscorlib
TimeZone_ToLocalTime_m3563701919	System.DateTime System.TimeZone::ToLocalTime(System.DateTime)	mscorlib
TimeZone_ToUniversalTime_m2789507578	System.DateTime System.TimeZone::ToUniversalTime(System.DateTime)	mscorlib
TimeZone_GetLocalTimeDiff_m4276408377	System.TimeSpan System.TimeZone::GetLocalTimeDiff(System.DateTime)	mscorlib
TimeZone_GetLocalTimeDiff_m1937927810	System.TimeSpan System.TimeZone::GetLocalTimeDiff(System.DateTime,System.TimeSpan)	mscorlib
Type__ctor_m3795799013	System.Void System.Type::.ctor()	mscorlib
Type__cctor_m2371893800	System.Void System.Type::.cctor()	mscorlib
Type_FilterName_impl_m2651733559	System.Boolean System.Type::FilterName_impl(System.Reflection.MemberInfo,System.Object)	mscorlib
Type_FilterNameIgnoreCase_impl_m626688405	System.Boolean System.Type::FilterNameIgnoreCase_impl(System.Reflection.MemberInfo,System.Object)	mscorlib
Type_FilterAttribute_impl_m2354619618	System.Boolean System.Type::FilterAttribute_impl(System.Reflection.MemberInfo,System.Object)	mscorlib
Type_get_Attributes_m58528356	System.Reflection.TypeAttributes System.Type::get_Attributes()	mscorlib
Type_get_DeclaringType_m1898067526	System.Type System.Type::get_DeclaringType()	mscorlib
Type_get_HasElementType_m710151977	System.Boolean System.Type::get_HasElementType()	mscorlib
Type_get_IsAbstract_m1120089130	System.Boolean System.Type::get_IsAbstract()	mscorlib
Type_get_IsArray_m2591212821	System.Boolean System.Type::get_IsArray()	mscorlib
Type_get_IsByRef_m1262524108	System.Boolean System.Type::get_IsByRef()	mscorlib
Type_get_IsClass_m589177581	System.Boolean System.Type::get_IsClass()	mscorlib
Type_get_IsContextful_m1494289047	System.Boolean System.Type::get_IsContextful()	mscorlib
Type_get_IsEnum_m208091508	System.Boolean System.Type::get_IsEnum()	mscorlib
Type_get_IsExplicitLayout_m1182254884	System.Boolean System.Type::get_IsExplicitLayout()	mscorlib
Type_get_IsInterface_m3284996719	System.Boolean System.Type::get_IsInterface()	mscorlib
Type_get_IsMarshalByRef_m1681525688	System.Boolean System.Type::get_IsMarshalByRef()	mscorlib
Type_get_IsPointer_m4067542339	System.Boolean System.Type::get_IsPointer()	mscorlib
Type_get_IsPrimitive_m1114712797	System.Boolean System.Type::get_IsPrimitive()	mscorlib
Type_get_IsSealed_m3543837727	System.Boolean System.Type::get_IsSealed()	mscorlib
Type_get_IsSerializable_m1040556850	System.Boolean System.Type::get_IsSerializable()	mscorlib
Type_get_IsValueType_m3108065642	System.Boolean System.Type::get_IsValueType()	mscorlib
Type_get_MemberType_m1631050582	System.Reflection.MemberTypes System.Type::get_MemberType()	mscorlib
Type_get_ReflectedType_m825170767	System.Type System.Type::get_ReflectedType()	mscorlib
Type_get_TypeHandle_m160082026	System.RuntimeTypeHandle System.Type::get_TypeHandle()	mscorlib
Type_Equals_m1673304139	System.Boolean System.Type::Equals(System.Object)	mscorlib
Type_Equals_m709225487	System.Boolean System.Type::Equals(System.Type)	mscorlib
Type_EqualsInternal_m3027143100	System.Boolean System.Type::EqualsInternal(System.Type)	mscorlib
Type_internal_from_handle_m3156085815	System.Type System.Type::internal_from_handle(System.IntPtr)	mscorlib
Type_internal_from_name_m1721940673	System.Type System.Type::internal_from_name(System.String,System.Boolean,System.Boolean)	mscorlib
Type_GetType_m1693760368	System.Type System.Type::GetType(System.String)	mscorlib
Type_GetType_m3605423543	System.Type System.Type::GetType(System.String,System.Boolean)	mscorlib
Type_GetTypeCodeInternal_m1968182887	System.TypeCode System.Type::GetTypeCodeInternal(System.Type)	mscorlib
Type_GetTypeCode_m480753082	System.TypeCode System.Type::GetTypeCode(System.Type)	mscorlib
Type_GetTypeFromHandle_m1620074514	System.Type System.Type::GetTypeFromHandle(System.RuntimeTypeHandle)	mscorlib
Type_type_is_subtype_of_m1406623598	System.Boolean System.Type::type_is_subtype_of(System.Type,System.Type,System.Boolean)	mscorlib
Type_type_is_assignable_from_m76737532	System.Boolean System.Type::type_is_assignable_from(System.Type,System.Type)	mscorlib
Type_IsSubclassOf_m527829736	System.Boolean System.Type::IsSubclassOf(System.Type)	mscorlib
Type_IsAssignableFrom_m3195021585	System.Boolean System.Type::IsAssignableFrom(System.Type)	mscorlib
Type_IsInstanceOfType_m2427069822	System.Boolean System.Type::IsInstanceOfType(System.Object)	mscorlib
Type_GetHashCode_m1947148725	System.Int32 System.Type::GetHashCode()	mscorlib
Type_GetMethod_m2019726356	System.Reflection.MethodInfo System.Type::GetMethod(System.String)	mscorlib
Type_GetMethod_m1197120913	System.Reflection.MethodInfo System.Type::GetMethod(System.String,System.Reflection.BindingFlags)	mscorlib
Type_GetMethod_m1479779718	System.Reflection.MethodInfo System.Type::GetMethod(System.String,System.Type[])	mscorlib
Type_GetMethod_m637078096	System.Reflection.MethodInfo System.Type::GetMethod(System.String,System.Reflection.BindingFlags,System.Reflection.Binder,System.Type[],System.Reflection.ParameterModifier[])	mscorlib
Type_GetMethod_m1512604930	System.Reflection.MethodInfo System.Type::GetMethod(System.String,System.Reflection.BindingFlags,System.Reflection.Binder,System.Reflection.CallingConventions,System.Type[],System.Reflection.ParameterModifier[])	mscorlib
Type_GetProperty_m4206634422	System.Reflection.PropertyInfo System.Type::GetProperty(System.String,System.Reflection.BindingFlags)	mscorlib
Type_GetProperty_m2732503739	System.Reflection.PropertyInfo System.Type::GetProperty(System.String,System.Type)	mscorlib
Type_GetProperty_m2258969843	System.Reflection.PropertyInfo System.Type::GetProperty(System.String,System.Type,System.Type[])	mscorlib
Type_GetProperty_m3294104835	System.Reflection.PropertyInfo System.Type::GetProperty(System.String,System.Reflection.BindingFlags,System.Reflection.Binder,System.Type,System.Type[],System.Reflection.ParameterModifier[])	mscorlib
Type_IsArrayImpl_m2757480859	System.Boolean System.Type::IsArrayImpl(System.Type)	mscorlib
Type_IsValueTypeImpl_m3263052508	System.Boolean System.Type::IsValueTypeImpl()	mscorlib
Type_IsContextfulImpl_m3693603908	System.Boolean System.Type::IsContextfulImpl()	mscorlib
Type_IsMarshalByRefImpl_m914778231	System.Boolean System.Type::IsMarshalByRefImpl()	mscorlib
Type_GetConstructor_m2219014380	System.Reflection.ConstructorInfo System.Type::GetConstructor(System.Type[])	mscorlib
Type_GetConstructor_m950313272	System.Reflection.ConstructorInfo System.Type::GetConstructor(System.Reflection.BindingFlags,System.Reflection.Binder,System.Type[],System.Reflection.ParameterModifier[])	mscorlib
Type_GetConstructor_m1195697116	System.Reflection.ConstructorInfo System.Type::GetConstructor(System.Reflection.BindingFlags,System.Reflection.Binder,System.Reflection.CallingConventions,System.Type[],System.Reflection.ParameterModifier[])	mscorlib
Type_ToString_m3975981286	System.String System.Type::ToString()	mscorlib
Type_get_IsSystemType_m624798880	System.Boolean System.Type::get_IsSystemType()	mscorlib
Type_GetGenericArguments_m3500465462	System.Type[] System.Type::GetGenericArguments()	mscorlib
Type_get_ContainsGenericParameters_m3456799426	System.Boolean System.Type::get_ContainsGenericParameters()	mscorlib
Type_get_IsGenericTypeDefinition_m1202066969	System.Boolean System.Type::get_IsGenericTypeDefinition()	mscorlib
Type_GetGenericTypeDefinition_impl_m1429894432	System.Type System.Type::GetGenericTypeDefinition_impl()	mscorlib
Type_GetGenericTypeDefinition_m639345035	System.Type System.Type::GetGenericTypeDefinition()	mscorlib
Type_get_IsGenericType_m3396650057	System.Boolean System.Type::get_IsGenericType()	mscorlib
Type_MakeGenericType_m1462451309	System.Type System.Type::MakeGenericType(System.Type,System.Type[])	mscorlib
Type_MakeGenericType_m2479309691	System.Type System.Type::MakeGenericType(System.Type[])	mscorlib
Type_get_IsGenericParameter_m2240142090	System.Boolean System.Type::get_IsGenericParameter()	mscorlib
Type_get_IsNested_m3546087448	System.Boolean System.Type::get_IsNested()	mscorlib
Type_make_byref_type_m1062593813	System.Type System.Type::make_byref_type()	mscorlib
Type_MakeByRefType_m2842224785	System.Type System.Type::MakeByRefType()	mscorlib
Type_GetPseudoCustomAttributes_m1069564574	System.Object[] System.Type::GetPseudoCustomAttributes()	mscorlib
TypedReference_Equals_m2034077850_AdjustorThunk	System.Boolean System.TypedReference::Equals(System.Object)	mscorlib
TypedReference_GetHashCode_m2046447331_AdjustorThunk	System.Int32 System.TypedReference::GetHashCode()	mscorlib
TypeInitializationException__ctor_m3546444694	System.Void System.TypeInitializationException::.ctor(System.Runtime.Serialization.SerializationInfo,System.Runtime.Serialization.StreamingContext)	mscorlib
TypeLoadException__ctor_m1802671078	System.Void System.TypeLoadException::.ctor()	mscorlib
TypeLoadException__ctor_m2362330792	System.Void System.TypeLoadException::.ctor(System.String)	mscorlib
TypeLoadException__ctor_m1154572625	System.Void System.TypeLoadException::.ctor(System.String,System.String)	mscorlib
TypeLoadException__ctor_m3040414142	System.Void System.TypeLoadException::.ctor(System.Runtime.Serialization.SerializationInfo,System.Runtime.Serialization.StreamingContext)	mscorlib
TypeLoadException_get_Message_m2440738252	System.String System.TypeLoadException::get_Message()	mscorlib
UInt16_System_IConvertible_ToBoolean_m3911119012_AdjustorThunk	System.Boolean System.UInt16::System.IConvertible.ToBoolean(System.IFormatProvider)	mscorlib
UInt16_System_IConvertible_ToByte_m3185614807_AdjustorThunk	System.Byte System.UInt16::System.IConvertible.ToByte(System.IFormatProvider)	mscorlib
UInt16_System_IConvertible_ToChar_m2096055221_AdjustorThunk	System.Char System.UInt16::System.IConvertible.ToChar(System.IFormatProvider)	mscorlib
UInt16_System_IConvertible_ToDateTime_m2594768090_AdjustorThunk	System.DateTime System.UInt16::System.IConvertible.ToDateTime(System.IFormatProvider)	mscorlib
UInt16_System_IConvertible_ToDecimal_m1320731319_AdjustorThunk	System.Decimal System.UInt16::System.IConvertible.ToDecimal(System.IFormatProvider)	mscorlib
UInt16_System_IConvertible_ToDouble_m333121300_AdjustorThunk	System.Double System.UInt16::System.IConvertible.ToDouble(System.IFormatProvider)	mscorlib
UInt16_System_IConvertible_ToInt16_m2337134904_AdjustorThunk	System.Int16 System.UInt16::System.IConvertible.ToInt16(System.IFormatProvider)	mscorlib
UInt16_System_IConvertible_ToInt32_m1950778303_AdjustorThunk	System.Int32 System.UInt16::System.IConvertible.ToInt32(System.IFormatProvider)	mscorlib
UInt16_System_IConvertible_ToInt64_m3635199533_AdjustorThunk	System.Int64 System.UInt16::System.IConvertible.ToInt64(System.IFormatProvider)	mscorlib
UInt16_System_IConvertible_ToSByte_m2219828332_AdjustorThunk	System.SByte System.UInt16::System.IConvertible.ToSByte(System.IFormatProvider)	mscorlib
UInt16_System_IConvertible_ToSingle_m2654722405_AdjustorThunk	System.Single System.UInt16::System.IConvertible.ToSingle(System.IFormatProvider)	mscorlib
UInt16_System_IConvertible_ToType_m1028622578_AdjustorThunk	System.Object System.UInt16::System.IConvertible.ToType(System.Type,System.IFormatProvider)	mscorlib
UInt16_System_IConvertible_ToUInt16_m2455419819_AdjustorThunk	System.UInt16 System.UInt16::System.IConvertible.ToUInt16(System.IFormatProvider)	mscorlib
UInt16_System_IConvertible_ToUInt32_m1074326139_AdjustorThunk	System.UInt32 System.UInt16::System.IConvertible.ToUInt32(System.IFormatProvider)	mscorlib
UInt16_System_IConvertible_ToUInt64_m424720762_AdjustorThunk	System.UInt64 System.UInt16::System.IConvertible.ToUInt64(System.IFormatProvider)	mscorlib
UInt16_CompareTo_m2664746316_AdjustorThunk	System.Int32 System.UInt16::CompareTo(System.Object)	mscorlib
UInt16_Equals_m642257745_AdjustorThunk	System.Boolean System.UInt16::Equals(System.Object)	mscorlib
UInt16_GetHashCode_m329858256_AdjustorThunk	System.Int32 System.UInt16::GetHashCode()	mscorlib
UInt16_CompareTo_m243264328_AdjustorThunk	System.Int32 System.UInt16::CompareTo(System.UInt16)	mscorlib
UInt16_Equals_m3755275785_AdjustorThunk	System.Boolean System.UInt16::Equals(System.UInt16)	mscorlib
UInt16_Parse_m1613088384	System.UInt16 System.UInt16::Parse(System.String,System.IFormatProvider)	mscorlib
UInt16_Parse_m3476925403	System.UInt16 System.UInt16::Parse(System.String,System.Globalization.NumberStyles,System.IFormatProvider)	mscorlib
UInt16_TryParse_m4139137016	System.Boolean System.UInt16::TryParse(System.String,System.UInt16&)	mscorlib
UInt16_TryParse_m3193697465	System.Boolean System.UInt16::TryParse(System.String,System.Globalization.NumberStyles,System.IFormatProvider,System.UInt16&)	mscorlib
UInt16_ToString_m355311020_AdjustorThunk	System.String System.UInt16::ToString()	mscorlib
UInt16_ToString_m3020002356_AdjustorThunk	System.String System.UInt16::ToString(System.IFormatProvider)	mscorlib
UInt16_ToString_m3056878594_AdjustorThunk	System.String System.UInt16::ToString(System.String)	mscorlib
UInt16_ToString_m760649087_AdjustorThunk	System.String System.UInt16::ToString(System.String,System.IFormatProvider)	mscorlib
UInt32_System_IConvertible_ToBoolean_m1763673183_AdjustorThunk	System.Boolean System.UInt32::System.IConvertible.ToBoolean(System.IFormatProvider)	mscorlib
UInt32_System_IConvertible_ToByte_m4072781199_AdjustorThunk	System.Byte System.UInt32::System.IConvertible.ToByte(System.IFormatProvider)	mscorlib
UInt32_System_IConvertible_ToChar_m1873050533_AdjustorThunk	System.Char System.UInt32::System.IConvertible.ToChar(System.IFormatProvider)	mscorlib
UInt32_System_IConvertible_ToDateTime_m2767723441_AdjustorThunk	System.DateTime System.UInt32::System.IConvertible.ToDateTime(System.IFormatProvider)	mscorlib
UInt32_System_IConvertible_ToDecimal_m675004071_AdjustorThunk	System.Decimal System.UInt32::System.IConvertible.ToDecimal(System.IFormatProvider)	mscorlib
UInt32_System_IConvertible_ToDouble_m940039456_AdjustorThunk	System.Double System.UInt32::System.IConvertible.ToDouble(System.IFormatProvider)	mscorlib
UInt32_System_IConvertible_ToInt16_m1659441601_AdjustorThunk	System.Int16 System.UInt32::System.IConvertible.ToInt16(System.IFormatProvider)	mscorlib
UInt32_System_IConvertible_ToInt32_m220754611_AdjustorThunk	System.Int32 System.UInt32::System.IConvertible.ToInt32(System.IFormatProvider)	mscorlib
UInt32_System_IConvertible_ToInt64_m2261037378_AdjustorThunk	System.Int64 System.UInt32::System.IConvertible.ToInt64(System.IFormatProvider)	mscorlib
UInt32_System_IConvertible_ToSByte_m1061556466_AdjustorThunk	System.SByte System.UInt32::System.IConvertible.ToSByte(System.IFormatProvider)	mscorlib
UInt32_System_IConvertible_ToSingle_m1272823424_AdjustorThunk	System.Single System.UInt32::System.IConvertible.ToSingle(System.IFormatProvider)	mscorlib
UInt32_System_IConvertible_ToType_m922356584_AdjustorThunk	System.Object System.UInt32::System.IConvertible.ToType(System.Type,System.IFormatProvider)	mscorlib
UInt32_System_IConvertible_ToUInt16_m3125657960_AdjustorThunk	System.UInt16 System.UInt32::System.IConvertible.ToUInt16(System.IFormatProvider)	mscorlib
UInt32_System_IConvertible_ToUInt32_m1744564280_AdjustorThunk	System.UInt32 System.UInt32::System.IConvertible.ToUInt32(System.IFormatProvider)	mscorlib
UInt32_System_IConvertible_ToUInt64_m1094958903_AdjustorThunk	System.UInt64 System.UInt32::System.IConvertible.ToUInt64(System.IFormatProvider)	mscorlib
UInt32_CompareTo_m362578384_AdjustorThunk	System.Int32 System.UInt32::CompareTo(System.Object)	mscorlib
UInt32_Equals_m351935437_AdjustorThunk	System.Boolean System.UInt32::Equals(System.Object)	mscorlib
UInt32_GetHashCode_m3722548385_AdjustorThunk	System.Int32 System.UInt32::GetHashCode()	mscorlib
UInt32_CompareTo_m2218823230_AdjustorThunk	System.Int32 System.UInt32::CompareTo(System.UInt32)	mscorlib
UInt32_Equals_m4250336581_AdjustorThunk	System.Boolean System.UInt32::Equals(System.UInt32)	mscorlib
UInt32_Parse_m197815874	System.Boolean System.UInt32::Parse(System.String,System.Boolean,System.UInt32&,System.Exception&)	mscorlib
UInt32_Parse_m2778221109	System.Boolean System.UInt32::Parse(System.String,System.Globalization.NumberStyles,System.IFormatProvider,System.Boolean,System.UInt32&,System.Exception&)	mscorlib
UInt32_Parse_m3755665066	System.UInt32 System.UInt32::Parse(System.String,System.Globalization.NumberStyles,System.IFormatProvider)	mscorlib
UInt32_Parse_m1373460382	System.UInt32 System.UInt32::Parse(System.String,System.IFormatProvider)	mscorlib
UInt32_TryParse_m2819179361	System.Boolean System.UInt32::TryParse(System.String,System.UInt32&)	mscorlib
UInt32_TryParse_m535404612	System.Boolean System.UInt32::TryParse(System.String,System.Globalization.NumberStyles,System.IFormatProvider,System.UInt32&)	mscorlib
UInt32_ToString_m2574561716_AdjustorThunk	System.String System.UInt32::ToString()	mscorlib
UInt32_ToString_m4293943134_AdjustorThunk	System.String System.UInt32::ToString(System.IFormatProvider)	mscorlib
UInt32_ToString_m2066897296_AdjustorThunk	System.String System.UInt32::ToString(System.String)	mscorlib
UInt32_ToString_m2420423038_AdjustorThunk	System.String System.UInt32::ToString(System.String,System.IFormatProvider)	mscorlib
UInt64_System_IConvertible_ToBoolean_m3071416000_AdjustorThunk	System.Boolean System.UInt64::System.IConvertible.ToBoolean(System.IFormatProvider)	mscorlib
UInt64_System_IConvertible_ToByte_m1501504925_AdjustorThunk	System.Byte System.UInt64::System.IConvertible.ToByte(System.IFormatProvider)	mscorlib
UInt64_System_IConvertible_ToChar_m2074245892_AdjustorThunk	System.Char System.UInt64::System.IConvertible.ToChar(System.IFormatProvider)	mscorlib
UInt64_System_IConvertible_ToDateTime_m3434604642_AdjustorThunk	System.DateTime System.UInt64::System.IConvertible.ToDateTime(System.IFormatProvider)	mscorlib
UInt64_System_IConvertible_ToDecimal_m806594027_AdjustorThunk	System.Decimal System.UInt64::System.IConvertible.ToDecimal(System.IFormatProvider)	mscorlib
UInt64_System_IConvertible_ToDouble_m602078108_AdjustorThunk	System.Double System.UInt64::System.IConvertible.ToDouble(System.IFormatProvider)	mscorlib
UInt64_System_IConvertible_ToInt16_m3895479143_AdjustorThunk	System.Int16 System.UInt64::System.IConvertible.ToInt16(System.IFormatProvider)	mscorlib
UInt64_System_IConvertible_ToInt32_m949522652_AdjustorThunk	System.Int32 System.UInt64::System.IConvertible.ToInt32(System.IFormatProvider)	mscorlib
UInt64_System_IConvertible_ToInt64_m4241475606_AdjustorThunk	System.Int64 System.UInt64::System.IConvertible.ToInt64(System.IFormatProvider)	mscorlib
UInt64_System_IConvertible_ToSByte_m30962591_AdjustorThunk	System.SByte System.UInt64::System.IConvertible.ToSByte(System.IFormatProvider)	mscorlib
UInt64_System_IConvertible_ToSingle_m925613075_AdjustorThunk	System.Single System.UInt64::System.IConvertible.ToSingle(System.IFormatProvider)	mscorlib
UInt64_System_IConvertible_ToType_m4049257834_AdjustorThunk	System.Object System.UInt64::System.IConvertible.ToType(System.Type,System.IFormatProvider)	mscorlib
UInt64_System_IConvertible_ToUInt16_m4165747038_AdjustorThunk	System.UInt16 System.UInt64::System.IConvertible.ToUInt16(System.IFormatProvider)	mscorlib
UInt64_System_IConvertible_ToUInt32_m2784653358_AdjustorThunk	System.UInt32 System.UInt64::System.IConvertible.ToUInt32(System.IFormatProvider)	mscorlib
UInt64_System_IConvertible_ToUInt64_m2135047981_AdjustorThunk	System.UInt64 System.UInt64::System.IConvertible.ToUInt64(System.IFormatProvider)	mscorlib
UInt64_CompareTo_m3619843473_AdjustorThunk	System.Int32 System.UInt64::CompareTo(System.Object)	mscorlib
UInt64_Equals_m1879425698_AdjustorThunk	System.Boolean System.UInt64::Equals(System.Object)	mscorlib
UInt64_GetHashCode_m4209760355_AdjustorThunk	System.Int32 System.UInt64::GetHashCode()	mscorlib
UInt64_CompareTo_m1614517204_AdjustorThunk	System.Int32 System.UInt64::CompareTo(System.UInt64)	mscorlib
UInt64_Equals_m367573732_AdjustorThunk	System.Boolean System.UInt64::Equals(System.UInt64)	mscorlib
UInt64_Parse_m819899889	System.UInt64 System.UInt64::Parse(System.String,System.IFormatProvider)	mscorlib
UInt64_Parse_m2329819578	System.Boolean System.UInt64::Parse(System.String,System.Globalization.NumberStyles,System.IFormatProvider,System.Boolean,System.UInt64&,System.Exception&)	mscorlib
UInt64_Parse_m1485858293	System.UInt64 System.UInt64::Parse(System.String,System.Globalization.NumberStyles,System.IFormatProvider)	mscorlib
UInt64_TryParse_m2263420204	System.Boolean System.UInt64::TryParse(System.String,System.UInt64&)	mscorlib
UInt64_ToString_m1529093114_AdjustorThunk	System.String System.UInt64::ToString()	mscorlib
UInt64_ToString_m2623377370_AdjustorThunk	System.String System.UInt64::ToString(System.IFormatProvider)	mscorlib
UInt64_ToString_m2177233542_AdjustorThunk	System.String System.UInt64::ToString(System.String)	mscorlib
UInt64_ToString_m1695188334_AdjustorThunk	System.String System.UInt64::ToString(System.String,System.IFormatProvider)	mscorlib
UIntPtr__ctor_m4250165422_AdjustorThunk	System.Void System.UIntPtr::.ctor(System.UInt32)	mscorlib
UIntPtr__cctor_m3513964473	System.Void System.UIntPtr::.cctor()	mscorlib
UIntPtr_Equals_m1316671746_AdjustorThunk	System.Boolean System.UIntPtr::Equals(System.Object)	mscorlib
UIntPtr_GetHashCode_m3482152298_AdjustorThunk	System.Int32 System.UIntPtr::GetHashCode()	mscorlib
UIntPtr_ToString_m984583492_AdjustorThunk	System.String System.UIntPtr::ToString()	mscorlib
UnauthorizedAccessException__ctor_m246605039	System.Void System.UnauthorizedAccessException::.ctor()	mscorlib
UnauthorizedAccessException__ctor_m40101894	System.Void System.UnauthorizedAccessException::.ctor(System.String)	mscorlib
UnauthorizedAccessException__ctor_m1652256089	System.Void System.UnauthorizedAccessException::.ctor(System.Runtime.Serialization.SerializationInfo,System.Runtime.Serialization.StreamingContext)	mscorlib
UnhandledExceptionEventArgs__ctor_m224348470	System.Void System.UnhandledExceptionEventArgs::.ctor(System.Object,System.Boolean)	mscorlib
UnhandledExceptionEventArgs_get_ExceptionObject_m862578480	System.Object System.UnhandledExceptionEventArgs::get_ExceptionObject()	mscorlib
UnhandledExceptionEventArgs_get_IsTerminating_m4073714616	System.Boolean System.UnhandledExceptionEventArgs::get_IsTerminating()	mscorlib
UnhandledExceptionEventHandler__ctor_m626016213	System.Void System.UnhandledExceptionEventHandler::.ctor(System.Object,System.IntPtr)	mscorlib
UnhandledExceptionEventHandler_Invoke_m1545705626	System.Void System.UnhandledExceptionEventHandler::Invoke(System.Object,System.UnhandledExceptionEventArgs)	mscorlib
UnhandledExceptionEventHandler_BeginInvoke_m1761611550	System.IAsyncResult System.UnhandledExceptionEventHandler::BeginInvoke(System.Object,System.UnhandledExceptionEventArgs,System.AsyncCallback,System.Object)	mscorlib
UnhandledExceptionEventHandler_EndInvoke_m2316153791	System.Void System.UnhandledExceptionEventHandler::EndInvoke(System.IAsyncResult)	mscorlib
ValueType__ctor_m2036258423	System.Void System.ValueType::.ctor()	mscorlib
ValueType_InternalEquals_m1384040357	System.Boolean System.ValueType::InternalEquals(System.Object,System.Object,System.Object[]&)	mscorlib
ValueType_DefaultEquals_m2927252100	System.Boolean System.ValueType::DefaultEquals(System.Object,System.Object)	mscorlib
ValueType_Equals_m1524437845	System.Boolean System.ValueType::Equals(System.Object)	mscorlib
ValueType_InternalGetHashCode_m58786863	System.Int32 System.ValueType::InternalGetHashCode(System.Object,System.Object[]&)	mscorlib
ValueType_GetHashCode_m715362416	System.Int32 System.ValueType::GetHashCode()	mscorlib
ValueType_ToString_m2292123621	System.String System.ValueType::ToString()	mscorlib
Version__ctor_m872301635	System.Void System.Version::.ctor()	mscorlib
Version__ctor_m1394137037	System.Void System.Version::.ctor(System.String)	mscorlib
Version__ctor_m3537335798	System.Void System.Version::.ctor(System.Int32,System.Int32)	mscorlib
Version__ctor_m1550720073	System.Void System.Version::.ctor(System.Int32,System.Int32,System.Int32)	mscorlib
Version__ctor_m417728625	System.Void System.Version::.ctor(System.Int32,System.Int32,System.Int32,System.Int32)	mscorlib
Version_CheckedSet_m654078179	System.Void System.Version::CheckedSet(System.Int32,System.Int32,System.Int32,System.Int32,System.Int32)	mscorlib
Version_get_Build_m3667751407	System.Int32 System.Version::get_Build()	mscorlib
Version_get_Major_m2457928275	System.Int32 System.Version::get_Major()	mscorlib
Version_get_Minor_m150536655	System.Int32 System.Version::get_Minor()	mscorlib
Version_get_Revision_m3982234017	System.Int32 System.Version::get_Revision()	mscorlib
Version_Clone_m1749041863	System.Object System.Version::Clone()	mscorlib
Version_CompareTo_m1662919407	System.Int32 System.Version::CompareTo(System.Object)	mscorlib
Version_Equals_m3073813696	System.Boolean System.Version::Equals(System.Object)	mscorlib
Version_CompareTo_m3146217210	System.Int32 System.Version::CompareTo(System.Version)	mscorlib
Version_Equals_m1564427710	System.Boolean System.Version::Equals(System.Version)	mscorlib
Version_GetHashCode_m672974201	System.Int32 System.Version::GetHashCode()	mscorlib
Version_ToString_m2279867705	System.String System.Version::ToString()	mscorlib
Version_CreateFromString_m719054818	System.Version System.Version::CreateFromString(System.String)	mscorlib
Version_op_Equality_m3804852517	System.Boolean System.Version::op_Equality(System.Version,System.Version)	mscorlib
Version_op_Inequality_m1696193441	System.Boolean System.Version::op_Inequality(System.Version,System.Version)	mscorlib
WeakReference__ctor_m24376735	System.Void System.WeakReference::.ctor()	mscorlib
WeakReference__ctor_m2401547918	System.Void System.WeakReference::.ctor(System.Object)	mscorlib
WeakReference__ctor_m1054065938	System.Void System.WeakReference::.ctor(System.Object,System.Boolean)	mscorlib
WeakReference__ctor_m1244067698	System.Void System.WeakReference::.ctor(System.Runtime.Serialization.SerializationInfo,System.Runtime.Serialization.StreamingContext)	mscorlib
WeakReference_AllocateHandle_m1478975559	System.Void System.WeakReference::AllocateHandle(System.Object)	mscorlib
WeakReference_get_IsAlive_m1867740323	System.Boolean System.WeakReference::get_IsAlive()	mscorlib
WeakReference_get_Target_m168713953	System.Object System.WeakReference::get_Target()	mscorlib
WeakReference_Finalize_m2841826116	System.Void System.WeakReference::Finalize()	mscorlib
Locale_GetText_m3520169047	System.String Locale::GetText(System.String)	Mono.Security
BigInteger__ctor_m3473491062	System.Void Mono.Math.BigInteger::.ctor(Mono.Math.BigInteger/Sign,System.UInt32)	Mono.Security
BigInteger__ctor_m2108826647	System.Void Mono.Math.BigInteger::.ctor(Mono.Math.BigInteger)	Mono.Security
BigInteger__ctor_m2644482640	System.Void Mono.Math.BigInteger::.ctor(Mono.Math.BigInteger,System.UInt32)	Mono.Security
BigInteger__ctor_m2601366464	System.Void Mono.Math.BigInteger::.ctor(System.Byte[])	Mono.Security
BigInteger__ctor_m2474659844	System.Void Mono.Math.BigInteger::.ctor(System.UInt32)	Mono.Security
BigInteger__cctor_m102257529	System.Void Mono.Math.BigInteger::.cctor()	Mono.Security
BigInteger_get_Rng_m3283260184	System.Security.Cryptography.RandomNumberGenerator Mono.Math.BigInteger::get_Rng()	Mono.Security
BigInteger_GenerateRandom_m3872771375	Mono.Math.BigInteger Mono.Math.BigInteger::GenerateRandom(System.Int32,System.Security.Cryptography.RandomNumberGenerator)	Mono.Security
BigInteger_GenerateRandom_m1790382084	Mono.Math.BigInteger Mono.Math.BigInteger::GenerateRandom(System.Int32)	Mono.Security
BigInteger_BitCount_m2055977486	System.Int32 Mono.Math.BigInteger::BitCount()	Mono.Security
BigInteger_TestBit_m2798226118	System.Boolean Mono.Math.BigInteger::TestBit(System.Int32)	Mono.Security
BigInteger_SetBit_m1387902198	System.Void Mono.Math.BigInteger::SetBit(System.UInt32)	Mono.Security
BigInteger_SetBit_m1723423691	System.Void Mono.Math.BigInteger::SetBit(System.UInt32,System.Boolean)	Mono.Security
BigInteger_LowestSetBit_m1199244228	System.Int32 Mono.Math.BigInteger::LowestSetBit()	Mono.Security
BigInteger_GetBytes_m1259701831	System.Byte[] Mono.Math.BigInteger::GetBytes()	Mono.Security
BigInteger_ToString_m3260066955	System.String Mono.Math.BigInteger::ToString(System.UInt32)	Mono.Security
BigInteger_ToString_m1181683046	System.String Mono.Math.BigInteger::ToString(System.UInt32,System.String)	Mono.Security
BigInteger_Normalize_m3021106862	System.Void Mono.Math.BigInteger::Normalize()	Mono.Security
BigInteger_Clear_m2995574218	System.Void Mono.Math.BigInteger::Clear()	Mono.Security
BigInteger_GetHashCode_m1594560121	System.Int32 Mono.Math.BigInteger::GetHashCode()	Mono.Security
BigInteger_ToString_m3927393477	System.String Mono.Math.BigInteger::ToString()	Mono.Security
BigInteger_Equals_m63093403	System.Boolean Mono.Math.BigInteger::Equals(System.Object)	Mono.Security
BigInteger_ModInverse_m2426215562	Mono.Math.BigInteger Mono.Math.BigInteger::ModInverse(Mono.Math.BigInteger)	Mono.Security
BigInteger_ModPow_m3776562770	Mono.Math.BigInteger Mono.Math.BigInteger::ModPow(Mono.Math.BigInteger,Mono.Math.BigInteger)	Mono.Security
BigInteger_GeneratePseudoPrime_m2547138838	Mono.Math.BigInteger Mono.Math.BigInteger::GeneratePseudoPrime(System.Int32)	Mono.Security
BigInteger_Incr2_m1531167978	System.Void Mono.Math.BigInteger::Incr2()	Mono.Security
BigInteger_op_Implicit_m3414367033	Mono.Math.BigInteger Mono.Math.BigInteger::op_Implicit(System.UInt32)	Mono.Security
BigInteger_op_Implicit_m2547142909	Mono.Math.BigInteger Mono.Math.BigInteger::op_Implicit(System.Int32)	Mono.Security
BigInteger_op_Addition_m1114527046	Mono.Math.BigInteger Mono.Math.BigInteger::op_Addition(Mono.Math.BigInteger,Mono.Math.BigInteger)	Mono.Security
BigInteger_op_Subtraction_m4245834512	Mono.Math.BigInteger Mono.Math.BigInteger::op_Subtraction(Mono.Math.BigInteger,Mono.Math.BigInteger)	Mono.Security
BigInteger_op_Modulus_m3242311550	System.UInt32 Mono.Math.BigInteger::op_Modulus(Mono.Math.BigInteger,System.UInt32)	Mono.Security
BigInteger_op_Modulus_m2565477533	Mono.Math.BigInteger Mono.Math.BigInteger::op_Modulus(Mono.Math.BigInteger,Mono.Math.BigInteger)	Mono.Security
BigInteger_op_Division_m3713793389	Mono.Math.BigInteger Mono.Math.BigInteger::op_Division(Mono.Math.BigInteger,Mono.Math.BigInteger)	Mono.Security
BigInteger_op_Multiply_m3683746602	Mono.Math.BigInteger Mono.Math.BigInteger::op_Multiply(Mono.Math.BigInteger,Mono.Math.BigInteger)	Mono.Security
BigInteger_op_LeftShift_m3681213422	Mono.Math.BigInteger Mono.Math.BigInteger::op_LeftShift(Mono.Math.BigInteger,System.Int32)	Mono.Security
BigInteger_op_RightShift_m460065452	Mono.Math.BigInteger Mono.Math.BigInteger::op_RightShift(Mono.Math.BigInteger,System.Int32)	Mono.Security
BigInteger_op_Equality_m3872814973	System.Boolean Mono.Math.BigInteger::op_Equality(Mono.Math.BigInteger,System.UInt32)	Mono.Security
BigInteger_op_Inequality_m3469726044	System.Boolean Mono.Math.BigInteger::op_Inequality(Mono.Math.BigInteger,System.UInt32)	Mono.Security
BigInteger_op_Equality_m1194739960	System.Boolean Mono.Math.BigInteger::op_Equality(Mono.Math.BigInteger,Mono.Math.BigInteger)	Mono.Security
BigInteger_op_Inequality_m2697143438	System.Boolean Mono.Math.BigInteger::op_Inequality(Mono.Math.BigInteger,Mono.Math.BigInteger)	Mono.Security
BigInteger_op_GreaterThan_m2974122765	System.Boolean Mono.Math.BigInteger::op_GreaterThan(Mono.Math.BigInteger,Mono.Math.BigInteger)	Mono.Security
BigInteger_op_LessThan_m463398176	System.Boolean Mono.Math.BigInteger::op_LessThan(Mono.Math.BigInteger,Mono.Math.BigInteger)	Mono.Security
BigInteger_op_GreaterThanOrEqual_m3313329514	System.Boolean Mono.Math.BigInteger::op_GreaterThanOrEqual(Mono.Math.BigInteger,Mono.Math.BigInteger)	Mono.Security
BigInteger_op_LessThanOrEqual_m3925173639	System.Boolean Mono.Math.BigInteger::op_LessThanOrEqual(Mono.Math.BigInteger,Mono.Math.BigInteger)	Mono.Security
Kernel_AddSameSign_m3267067385	Mono.Math.BigInteger Mono.Math.BigInteger/Kernel::AddSameSign(Mono.Math.BigInteger,Mono.Math.BigInteger)	Mono.Security
Kernel_Subtract_m846005223	Mono.Math.BigInteger Mono.Math.BigInteger/Kernel::Subtract(Mono.Math.BigInteger,Mono.Math.BigInteger)	Mono.Security
Kernel_MinusEq_m2152832554	System.Void Mono.Math.BigInteger/Kernel::MinusEq(Mono.Math.BigInteger,Mono.Math.BigInteger)	Mono.Security
Kernel_PlusEq_m136676638	System.Void Mono.Math.BigInteger/Kernel::PlusEq(Mono.Math.BigInteger,Mono.Math.BigInteger)	Mono.Security
Kernel_Compare_m2669603547	Mono.Math.BigInteger/Sign Mono.Math.BigInteger/Kernel::Compare(Mono.Math.BigInteger,Mono.Math.BigInteger)	Mono.Security
Kernel_SingleByteDivideInPlace_m2393683267	System.UInt32 Mono.Math.BigInteger/Kernel::SingleByteDivideInPlace(Mono.Math.BigInteger,System.UInt32)	Mono.Security
Kernel_DwordMod_m3830036736	System.UInt32 Mono.Math.BigInteger/Kernel::DwordMod(Mono.Math.BigInteger,System.UInt32)	Mono.Security
Kernel_DwordDivMod_m1540317819	Mono.Math.BigInteger[] Mono.Math.BigInteger/Kernel::DwordDivMod(Mono.Math.BigInteger,System.UInt32)	Mono.Security
Kernel_multiByteDivide_m450694282	Mono.Math.BigInteger[] Mono.Math.BigInteger/Kernel::multiByteDivide(Mono.Math.BigInteger,Mono.Math.BigInteger)	Mono.Security
Kernel_LeftShift_m4140742987	Mono.Math.BigInteger Mono.Math.BigInteger/Kernel::LeftShift(Mono.Math.BigInteger,System.Int32)	Mono.Security
Kernel_RightShift_m3246168448	Mono.Math.BigInteger Mono.Math.BigInteger/Kernel::RightShift(Mono.Math.BigInteger,System.Int32)	Mono.Security
Kernel_Multiply_m193213393	System.Void Mono.Math.BigInteger/Kernel::Multiply(System.UInt32[],System.UInt32,System.UInt32,System.UInt32[],System.UInt32,System.UInt32,System.UInt32[],System.UInt32)	Mono.Security
Kernel_MultiplyMod2p32pmod_m451690680	System.Void Mono.Math.BigInteger/Kernel::MultiplyMod2p32pmod(System.UInt32[],System.Int32,System.Int32,System.UInt32[],System.Int32,System.Int32,System.UInt32[],System.Int32,System.Int32)	Mono.Security
Kernel_modInverse_m4048046181	System.UInt32 Mono.Math.BigInteger/Kernel::modInverse(Mono.Math.BigInteger,System.UInt32)	Mono.Security
Kernel_modInverse_m652700340	Mono.Math.BigInteger Mono.Math.BigInteger/Kernel::modInverse(Mono.Math.BigInteger,Mono.Math.BigInteger)	Mono.Security
ModulusRing__ctor_m2420310199	System.Void Mono.Math.BigInteger/ModulusRing::.ctor(Mono.Math.BigInteger)	Mono.Security
ModulusRing_BarrettReduction_m3024442734	System.Void Mono.Math.BigInteger/ModulusRing::BarrettReduction(Mono.Math.BigInteger)	Mono.Security
ModulusRing_Multiply_m1975391470	Mono.Math.BigInteger Mono.Math.BigInteger/ModulusRing::Multiply(Mono.Math.BigInteger,Mono.Math.BigInteger)	Mono.Security
ModulusRing_Difference_m3686091506	Mono.Math.BigInteger Mono.Math.BigInteger/ModulusRing::Difference(Mono.Math.BigInteger,Mono.Math.BigInteger)	Mono.Security
ModulusRing_Pow_m1124248336	Mono.Math.BigInteger Mono.Math.BigInteger/ModulusRing::Pow(Mono.Math.BigInteger,Mono.Math.BigInteger)	Mono.Security
ModulusRing_Pow_m729002192	Mono.Math.BigInteger Mono.Math.BigInteger/ModulusRing::Pow(System.UInt32,Mono.Math.BigInteger)	Mono.Security
PrimeGeneratorBase__ctor_m2423671149	System.Void Mono.Math.Prime.Generator.PrimeGeneratorBase::.ctor()	Mono.Security
PrimeGeneratorBase_get_Confidence_m3172213559	Mono.Math.Prime.ConfidenceFactor Mono.Math.Prime.Generator.PrimeGeneratorBase::get_Confidence()	Mono.Security
PrimeGeneratorBase_get_PrimalityTest_m2487240563	Mono.Math.Prime.PrimalityTest Mono.Math.Prime.Generator.PrimeGeneratorBase::get_PrimalityTest()	Mono.Security
PrimeGeneratorBase_get_TrialDivisionBounds_m1980088695	System.Int32 Mono.Math.Prime.Generator.PrimeGeneratorBase::get_TrialDivisionBounds()	Mono.Security
SequentialSearchPrimeGeneratorBase__ctor_m577913576	System.Void Mono.Math.Prime.Generator.SequentialSearchPrimeGeneratorBase::.ctor()	Mono.Security
SequentialSearchPrimeGeneratorBase_GenerateSearchBase_m1918143664	Mono.Math.BigInteger Mono.Math.Prime.Generator.SequentialSearchPrimeGeneratorBase::GenerateSearchBase(System.Int32,System.Object)	Mono.Security
SequentialSearchPrimeGeneratorBase_GenerateNewPrime_m907640859	Mono.Math.BigInteger Mono.Math.Prime.Generator.SequentialSearchPrimeGeneratorBase::GenerateNewPrime(System.Int32)	Mono.Security
SequentialSearchPrimeGeneratorBase_GenerateNewPrime_m2891860459	Mono.Math.BigInteger Mono.Math.Prime.Generator.SequentialSearchPrimeGeneratorBase::GenerateNewPrime(System.Int32,System.Object)	Mono.Security
SequentialSearchPrimeGeneratorBase_IsPrimeAcceptable_m1127740833	System.Boolean Mono.Math.Prime.Generator.SequentialSearchPrimeGeneratorBase::IsPrimeAcceptable(Mono.Math.BigInteger,System.Object)	Mono.Security
PrimalityTest__ctor_m763620166	System.Void Mono.Math.Prime.PrimalityTest::.ctor(System.Object,System.IntPtr)	Mono.Security
PrimalityTest_Invoke_m2948246884	System.Boolean Mono.Math.Prime.PrimalityTest::Invoke(Mono.Math.BigInteger,Mono.Math.Prime.ConfidenceFactor)	Mono.Security
PrimalityTest_BeginInvoke_m742423211	System.IAsyncResult Mono.Math.Prime.PrimalityTest::BeginInvoke(Mono.Math.BigInteger,Mono.Math.Prime.ConfidenceFactor,System.AsyncCallback,System.Object)	Mono.Security
PrimalityTest_EndInvoke_m1035389364	System.Boolean Mono.Math.Prime.PrimalityTest::EndInvoke(System.IAsyncResult)	Mono.Security
PrimalityTests_GetSPPRounds_m2558073743	System.Int32 Mono.Math.Prime.PrimalityTests::GetSPPRounds(Mono.Math.BigInteger,Mono.Math.Prime.ConfidenceFactor)	Mono.Security
PrimalityTests_RabinMillerTest_m2544317101	System.Boolean Mono.Math.Prime.PrimalityTests::RabinMillerTest(Mono.Math.BigInteger,Mono.Math.Prime.ConfidenceFactor)	Mono.Security
ASN1__ctor_m4216617981	System.Void Mono.Security.ASN1::.ctor(System.Byte)	Mono.Security
ASN1__ctor_m3517592395	System.Void Mono.Security.ASN1::.ctor(System.Byte,System.Byte[])	Mono.Security
ASN1__ctor_m1219137533	System.Void Mono.Security.ASN1::.ctor(System.Byte[])	Mono.Security
ASN1_get_Count_m3039939183	System.Int32 Mono.Security.ASN1::get_Count()	Mono.Security
ASN1_get_Tag_m1863840805	System.Byte Mono.Security.ASN1::get_Tag()	Mono.Security
ASN1_get_Length_m3581645253	System.Int32 Mono.Security.ASN1::get_Length()	Mono.Security
ASN1_get_Value_m3619295991	System.Byte[] Mono.Security.ASN1::get_Value()	Mono.Security
ASN1_set_Value_m647861841	System.Void Mono.Security.ASN1::set_Value(System.Byte[])	Mono.Security
ASN1_CompareArray_m3928975006	System.Boolean Mono.Security.ASN1::CompareArray(System.Byte[],System.Byte[])	Mono.Security
ASN1_CompareValue_m2846313136	System.Boolean Mono.Security.ASN1::CompareValue(System.Byte[])	Mono.Security
ASN1_Add_m3262603624	Mono.Security.ASN1 Mono.Security.ASN1::Add(Mono.Security.ASN1)	Mono.Security
ASN1_GetBytes_m1968380955	System.Byte[] Mono.Security.ASN1::GetBytes()	Mono.Security
ASN1_Decode_m1245286596	System.Void Mono.Security.ASN1::Decode(System.Byte[],System.Int32&,System.Int32)	Mono.Security
ASN1_DecodeTLV_m3927350254	System.Void Mono.Security.ASN1::DecodeTLV(System.Byte[],System.Int32&,System.Byte&,System.Int32&,System.Byte[]&)	Mono.Security
ASN1_get_Item_m315148275	Mono.Security.ASN1 Mono.Security.ASN1::get_Item(System.Int32)	Mono.Security
ASN1_Element_m4088315026	Mono.Security.ASN1 Mono.Security.ASN1::Element(System.Int32,System.Byte)	Mono.Security
ASN1_ToString_m45458043	System.String Mono.Security.ASN1::ToString()	Mono.Security
ASN1Convert_FromInt32_m2294771542	Mono.Security.ASN1 Mono.Security.ASN1Convert::FromInt32(System.Int32)	Mono.Security
ASN1Convert_FromOid_m3844102704	Mono.Security.ASN1 Mono.Security.ASN1Convert::FromOid(System.String)	Mono.Security
ASN1Convert_ToInt32_m2228176117	System.Int32 Mono.Security.ASN1Convert::ToInt32(Mono.Security.ASN1)	Mono.Security
ASN1Convert_ToOid_m4290825381	System.String Mono.Security.ASN1Convert::ToOid(Mono.Security.ASN1)	Mono.Security
ASN1Convert_ToDateTime_m1246060840	System.DateTime Mono.Security.ASN1Convert::ToDateTime(Mono.Security.ASN1)	Mono.Security
BitConverterLE_GetUIntBytes_m795219058	System.Byte[] Mono.Security.BitConverterLE::GetUIntBytes(System.Byte*)	Mono.Security
BitConverterLE_GetBytes_m3268825786	System.Byte[] Mono.Security.BitConverterLE::GetBytes(System.Int32)	Mono.Security
ARC4Managed__ctor_m2553537404	System.Void Mono.Security.Cryptography.ARC4Managed::.ctor()	Mono.Security
ARC4Managed_Finalize_m315143160	System.Void Mono.Security.Cryptography.ARC4Managed::Finalize()	Mono.Security
ARC4Managed_Dispose_m3340445210	System.Void Mono.Security.Cryptography.ARC4Managed::Dispose(System.Boolean)	Mono.Security
ARC4Managed_get_Key_m2476146969	System.Byte[] Mono.Security.Cryptography.ARC4Managed::get_Key()	Mono.Security
ARC4Managed_set_Key_m859266296	System.Void Mono.Security.Cryptography.ARC4Managed::set_Key(System.Byte[])	Mono.Security
ARC4Managed_get_CanReuseTransform_m1145713138	System.Boolean Mono.Security.Cryptography.ARC4Managed::get_CanReuseTransform()	Mono.Security
ARC4Managed_CreateEncryptor_m2249585492	System.Security.Cryptography.ICryptoTransform Mono.Security.Cryptography.ARC4Managed::CreateEncryptor(System.Byte[],System.Byte[])	Mono.Security
ARC4Managed_CreateDecryptor_m1966583816	System.Security.Cryptography.ICryptoTransform Mono.Security.Cryptography.ARC4Managed::CreateDecryptor(System.Byte[],System.Byte[])	Mono.Security
ARC4Managed_GenerateIV_m2029637723	System.Void Mono.Security.Cryptography.ARC4Managed::GenerateIV()	Mono.Security
ARC4Managed_GenerateKey_m1607343060	System.Void Mono.Security.Cryptography.ARC4Managed::GenerateKey()	Mono.Security
ARC4Managed_KeySetup_m2449315676	System.Void Mono.Security.Cryptography.ARC4Managed::KeySetup(System.Byte[])	Mono.Security
ARC4Managed_CheckInput_m1562172012	System.Void Mono.Security.Cryptography.ARC4Managed::CheckInput(System.Byte[],System.Int32,System.Int32)	Mono.Security
ARC4Managed_TransformBlock_m1687647868	System.Int32 Mono.Security.Cryptography.ARC4Managed::TransformBlock(System.Byte[],System.Int32,System.Int32,System.Byte[],System.Int32)	Mono.Security
ARC4Managed_InternalTransformBlock_m1047162329	System.Int32 Mono.Security.Cryptography.ARC4Managed::InternalTransformBlock(System.Byte[],System.Int32,System.Int32,System.Byte[],System.Int32)	Mono.Security
ARC4Managed_TransformFinalBlock_m2223084380	System.Byte[] Mono.Security.Cryptography.ARC4Managed::TransformFinalBlock(System.Byte[],System.Int32,System.Int32)	Mono.Security
CryptoConvert_ToHex_m2210632265	System.String Mono.Security.Cryptography.CryptoConvert::ToHex(System.Byte[])	Mono.Security
HMAC__ctor_m775015853	System.Void Mono.Security.Cryptography.HMAC::.ctor(System.String,System.Byte[])	Mono.Security
HMAC_get_Key_m1410673610	System.Byte[] Mono.Security.Cryptography.HMAC::get_Key()	Mono.Security
HMAC_set_Key_m3535779141	System.Void Mono.Security.Cryptography.HMAC::set_Key(System.Byte[])	Mono.Security
HMAC_Initialize_m4068357959	System.Void Mono.Security.Cryptography.HMAC::Initialize()	Mono.Security
HMAC_HashFinal_m1453827676	System.Byte[] Mono.Security.Cryptography.HMAC::HashFinal()	Mono.Security
HMAC_HashCore_m1045651335	System.Void Mono.Security.Cryptography.HMAC::HashCore(System.Byte[],System.Int32,System.Int32)	Mono.Security
HMAC_initializePad_m59014980	System.Void Mono.Security.Cryptography.HMAC::initializePad()	Mono.Security
KeyBuilder_get_Rng_m983065666	System.Security.Cryptography.RandomNumberGenerator Mono.Security.Cryptography.KeyBuilder::get_Rng()	Mono.Security
KeyBuilder_Key_m1482371611	System.Byte[] Mono.Security.Cryptography.KeyBuilder::Key(System.Int32)	Mono.Security
MD2__ctor_m2402458789	System.Void Mono.Security.Cryptography.MD2::.ctor()	Mono.Security
MD2_Create_m3511476020	Mono.Security.Cryptography.MD2 Mono.Security.Cryptography.MD2::Create()	Mono.Security
MD2_Create_m1292792200	Mono.Security.Cryptography.MD2 Mono.Security.Cryptography.MD2::Create(System.String)	Mono.Security
MD2Managed__ctor_m3243422744	System.Void Mono.Security.Cryptography.MD2Managed::.ctor()	Mono.Security
MD2Managed__cctor_m1915574725	System.Void Mono.Security.Cryptography.MD2Managed::.cctor()	Mono.Security
MD2Managed_Padding_m1334210368	System.Byte[] Mono.Security.Cryptography.MD2Managed::Padding(System.Int32)	Mono.Security
MD2Managed_Initialize_m2341076836	System.Void Mono.Security.Cryptography.MD2Managed::Initialize()	Mono.Security
MD2Managed_HashCore_m1280598655	System.Void Mono.Security.Cryptography.MD2Managed::HashCore(System.Byte[],System.Int32,System.Int32)	Mono.Security
MD2Managed_HashFinal_m808964912	System.Byte[] Mono.Security.Cryptography.MD2Managed::HashFinal()	Mono.Security
MD2Managed_MD2Transform_m3143426291	System.Void Mono.Security.Cryptography.MD2Managed::MD2Transform(System.Byte[],System.Byte[],System.Byte[],System.Int32)	Mono.Security
MD4__ctor_m919379109	System.Void Mono.Security.Cryptography.MD4::.ctor()	Mono.Security
MD4_Create_m1588482044	Mono.Security.Cryptography.MD4 Mono.Security.Cryptography.MD4::Create()	Mono.Security
MD4_Create_m4111026039	Mono.Security.Cryptography.MD4 Mono.Security.Cryptography.MD4::Create(System.String)	Mono.Security
MD4Managed__ctor_m2284724408	System.Void Mono.Security.Cryptography.MD4Managed::.ctor()	Mono.Security
MD4Managed_Initialize_m469436465	System.Void Mono.Security.Cryptography.MD4Managed::Initialize()	Mono.Security
MD4Managed_HashCore_m3384203071	System.Void Mono.Security.Cryptography.MD4Managed::HashCore(System.Byte[],System.Int32,System.Int32)	Mono.Security
MD4Managed_HashFinal_m3850238392	System.Byte[] Mono.Security.Cryptography.MD4Managed::HashFinal()	Mono.Security
MD4Managed_Padding_m3091724296	System.Byte[] Mono.Security.Cryptography.MD4Managed::Padding(System.Int32)	Mono.Security
MD4Managed_F_m2794461001	System.UInt32 Mono.Security.Cryptography.MD4Managed::F(System.UInt32,System.UInt32,System.UInt32)	Mono.Security
MD4Managed_G_m2118206422	System.UInt32 Mono.Security.Cryptography.MD4Managed::G(System.UInt32,System.UInt32,System.UInt32)	Mono.Security
MD4Managed_H_m213605525	System.UInt32 Mono.Security.Cryptography.MD4Managed::H(System.UInt32,System.UInt32,System.UInt32)	Mono.Security
MD4Managed_ROL_m691796253	System.UInt32 Mono.Security.Cryptography.MD4Managed::ROL(System.UInt32,System.Byte)	Mono.Security
MD4Managed_FF_m3294771481	System.Void Mono.Security.Cryptography.MD4Managed::FF(System.UInt32&,System.UInt32,System.UInt32,System.UInt32,System.UInt32,System.Byte)	Mono.Security
MD4Managed_GG_m1845276249	System.Void Mono.Security.Cryptography.MD4Managed::GG(System.UInt32&,System.UInt32,System.UInt32,System.UInt32,System.UInt32,System.Byte)	Mono.Security
MD4Managed_HH_m2535673516	System.Void Mono.Security.Cryptography.MD4Managed::HH(System.UInt32&,System.UInt32,System.UInt32,System.UInt32,System.UInt32,System.Byte)	Mono.Security
MD4Managed_Encode_m386285215	System.Void Mono.Security.Cryptography.MD4Managed::Encode(System.Byte[],System.UInt32[])	Mono.Security
MD4Managed_Decode_m4273685594	System.Void Mono.Security.Cryptography.MD4Managed::Decode(System.UInt32[],System.Byte[],System.Int32)	Mono.Security
MD4Managed_MD4Transform_m1101832482	System.Void Mono.Security.Cryptography.MD4Managed::MD4Transform(System.UInt32[],System.Byte[],System.Int32)	Mono.Security
MD5SHA1__ctor_m4081016482	System.Void Mono.Security.Cryptography.MD5SHA1::.ctor()	Mono.Security
MD5SHA1_Initialize_m675470944	System.Void Mono.Security.Cryptography.MD5SHA1::Initialize()	Mono.Security
MD5SHA1_HashFinal_m4115488658	System.Byte[] Mono.Security.Cryptography.MD5SHA1::HashFinal()	Mono.Security
MD5SHA1_HashCore_m4171647335	System.Void Mono.Security.Cryptography.MD5SHA1::HashCore(System.Byte[],System.Int32,System.Int32)	Mono.Security
MD5SHA1_CreateSignature_m3583449066	System.Byte[] Mono.Security.Cryptography.MD5SHA1::CreateSignature(System.Security.Cryptography.RSA)	Mono.Security
MD5SHA1_VerifySignature_m915115209	System.Boolean Mono.Security.Cryptography.MD5SHA1::VerifySignature(System.Security.Cryptography.RSA,System.Byte[])	Mono.Security
PKCS1__cctor_m2848504824	System.Void Mono.Security.Cryptography.PKCS1::.cctor()	Mono.Security
PKCS1_Compare_m8562819	System.Boolean Mono.Security.Cryptography.PKCS1::Compare(System.Byte[],System.Byte[])	Mono.Security
PKCS1_I2OSP_m2559784711	System.Byte[] Mono.Security.Cryptography.PKCS1::I2OSP(System.Byte[],System.Int32)	Mono.Security
PKCS1_OS2IP_m1443067185	System.Byte[] Mono.Security.Cryptography.PKCS1::OS2IP(System.Byte[])	Mono.Security
PKCS1_RSASP1_m4286349561	System.Byte[] Mono.Security.Cryptography.PKCS1::RSASP1(System.Security.Cryptography.RSA,System.Byte[])	Mono.Security
PKCS1_RSAVP1_m43771175	System.Byte[] Mono.Security.Cryptography.PKCS1::RSAVP1(System.Security.Cryptography.RSA,System.Byte[])	Mono.Security
PKCS1_Sign_v15_m3459793192	System.Byte[] Mono.Security.Cryptography.PKCS1::Sign_v15(System.Security.Cryptography.RSA,System.Security.Cryptography.HashAlgorithm,System.Byte[])	Mono.Security
PKCS1_Verify_v15_m4192025173	System.Boolean Mono.Security.Cryptography.PKCS1::Verify_v15(System.Security.Cryptography.RSA,System.Security.Cryptography.HashAlgorithm,System.Byte[],System.Byte[])	Mono.Security
PKCS1_Verify_v15_m400093581	System.Boolean Mono.Security.Cryptography.PKCS1::Verify_v15(System.Security.Cryptography.RSA,System.Security.Cryptography.HashAlgorithm,System.Byte[],System.Byte[],System.Boolean)	Mono.Security
PKCS1_Encode_v15_m2077073129	System.Byte[] Mono.Security.Cryptography.PKCS1::Encode_v15(System.Security.Cryptography.HashAlgorithm,System.Byte[],System.Int32)	Mono.Security
EncryptedPrivateKeyInfo__ctor_m3415744930	System.Void Mono.Security.Cryptography.PKCS8/EncryptedPrivateKeyInfo::.ctor()	Mono.Security
EncryptedPrivateKeyInfo__ctor_m25839594	System.Void Mono.Security.Cryptography.PKCS8/EncryptedPrivateKeyInfo::.ctor(System.Byte[])	Mono.Security
EncryptedPrivateKeyInfo_get_Algorithm_m3027828440	System.String Mono.Security.Cryptography.PKCS8/EncryptedPrivateKeyInfo::get_Algorithm()	Mono.Security
EncryptedPrivateKeyInfo_get_EncryptedData_m491452551	System.Byte[] Mono.Security.Cryptography.PKCS8/EncryptedPrivateKeyInfo::get_EncryptedData()	Mono.Security
EncryptedPrivateKeyInfo_get_Salt_m1261804721	System.Byte[] Mono.Security.Cryptography.PKCS8/EncryptedPrivateKeyInfo::get_Salt()	Mono.Security
EncryptedPrivateKeyInfo_get_IterationCount_m2912222740	System.Int32 Mono.Security.Cryptography.PKCS8/EncryptedPrivateKeyInfo::get_IterationCount()	Mono.Security
EncryptedPrivateKeyInfo_Decode_m3008916518	System.Void Mono.Security.Cryptography.PKCS8/EncryptedPrivateKeyInfo::Decode(System.Byte[])	Mono.Security
PrivateKeyInfo__ctor_m3331475997	System.Void Mono.Security.Cryptography.PKCS8/PrivateKeyInfo::.ctor()	Mono.Security
PrivateKeyInfo__ctor_m2715455038	System.Void Mono.Security.Cryptography.PKCS8/PrivateKeyInfo::.ctor(System.Byte[])	Mono.Security
PrivateKeyInfo_get_PrivateKey_m3647771102	System.Byte[] Mono.Security.Cryptography.PKCS8/PrivateKeyInfo::get_PrivateKey()	Mono.Security
PrivateKeyInfo_Decode_m986145117	System.Void Mono.Security.Cryptography.PKCS8/PrivateKeyInfo::Decode(System.Byte[])	Mono.Security
PrivateKeyInfo_RemoveLeadingZero_m3592760008	System.Byte[] Mono.Security.Cryptography.PKCS8/PrivateKeyInfo::RemoveLeadingZero(System.Byte[])	Mono.Security
PrivateKeyInfo_Normalize_m2274647848	System.Byte[] Mono.Security.Cryptography.PKCS8/PrivateKeyInfo::Normalize(System.Byte[],System.Int32)	Mono.Security
PrivateKeyInfo_DecodeRSA_m4129124827	System.Security.Cryptography.RSA Mono.Security.Cryptography.PKCS8/PrivateKeyInfo::DecodeRSA(System.Byte[])	Mono.Security
PrivateKeyInfo_DecodeDSA_m2335813142	System.Security.Cryptography.DSA Mono.Security.Cryptography.PKCS8/PrivateKeyInfo::DecodeDSA(System.Byte[],System.Security.Cryptography.DSAParameters)	Mono.Security
RC4__ctor_m3531760091	System.Void Mono.Security.Cryptography.RC4::.ctor()	Mono.Security
RC4__cctor_m362546962	System.Void Mono.Security.Cryptography.RC4::.cctor()	Mono.Security
RC4_get_IV_m2290186270	System.Byte[] Mono.Security.Cryptography.RC4::get_IV()	Mono.Security
RC4_set_IV_m844219403	System.Void Mono.Security.Cryptography.RC4::set_IV(System.Byte[])	Mono.Security
RSAManaged__ctor_m3504773110	System.Void Mono.Security.Cryptography.RSAManaged::.ctor()	Mono.Security
RSAManaged__ctor_m350841446	System.Void Mono.Security.Cryptography.RSAManaged::.ctor(System.Int32)	Mono.Security
RSAManaged_Finalize_m297255587	System.Void Mono.Security.Cryptography.RSAManaged::Finalize()	Mono.Security
RSAManaged_GenerateKeyPair_m2364618953	System.Void Mono.Security.Cryptography.RSAManaged::GenerateKeyPair()	Mono.Security
RSAManaged_get_KeySize_m1441482916	System.Int32 Mono.Security.Cryptography.RSAManaged::get_KeySize()	Mono.Security
RSAManaged_get_PublicOnly_m1402405000	System.Boolean Mono.Security.Cryptography.RSAManaged::get_PublicOnly()	Mono.Security
RSAManaged_DecryptValue_m1804388365	System.Byte[] Mono.Security.Cryptography.RSAManaged::DecryptValue(System.Byte[])	Mono.Security
RSAManaged_EncryptValue_m4149543654	System.Byte[] Mono.Security.Cryptography.RSAManaged::EncryptValue(System.Byte[])	Mono.Security
RSAManaged_ExportParameters_m1754454264	System.Security.Cryptography.RSAParameters Mono.Security.Cryptography.RSAManaged::ExportParameters(System.Boolean)	Mono.Security
RSAManaged_ImportParameters_m1117427048	System.Void Mono.Security.Cryptography.RSAManaged::ImportParameters(System.Security.Cryptography.RSAParameters)	Mono.Security
RSAManaged_Dispose_m2347279430	System.Void Mono.Security.Cryptography.RSAManaged::Dispose(System.Boolean)	Mono.Security
RSAManaged_ToXmlString_m2369501989	System.String Mono.Security.Cryptography.RSAManaged::ToXmlString(System.Boolean)	Mono.Security
RSAManaged_GetPaddedValue_m2182626630	System.Byte[] Mono.Security.Cryptography.RSAManaged::GetPaddedValue(Mono.Math.BigInteger,System.Int32)	Mono.Security
KeyGeneratedEventHandler__ctor_m4032730305	System.Void Mono.Security.Cryptography.RSAManaged/KeyGeneratedEventHandler::.ctor(System.Object,System.IntPtr)	Mono.Security
KeyGeneratedEventHandler_Invoke_m99769071	System.Void Mono.Security.Cryptography.RSAManaged/KeyGeneratedEventHandler::Invoke(System.Object,System.EventArgs)	Mono.Security
KeyGeneratedEventHandler_BeginInvoke_m3227934731	System.IAsyncResult Mono.Security.Cryptography.RSAManaged/KeyGeneratedEventHandler::BeginInvoke(System.Object,System.EventArgs,System.AsyncCallback,System.Object)	Mono.Security
KeyGeneratedEventHandler_EndInvoke_m2862962495	System.Void Mono.Security.Cryptography.RSAManaged/KeyGeneratedEventHandler::EndInvoke(System.IAsyncResult)	Mono.Security
ContentInfo__ctor_m1955840786	System.Void Mono.Security.PKCS7/ContentInfo::.ctor()	Mono.Security
ContentInfo__ctor_m2855743200	System.Void Mono.Security.PKCS7/ContentInfo::.ctor(System.String)	Mono.Security
ContentInfo__ctor_m2928874476	System.Void Mono.Security.PKCS7/ContentInfo::.ctor(System.Byte[])	Mono.Security
ContentInfo__ctor_m3397951412	System.Void Mono.Security.PKCS7/ContentInfo::.ctor(Mono.Security.ASN1)	Mono.Security
ContentInfo_get_ASN1_m2959326143	Mono.Security.ASN1 Mono.Security.PKCS7/ContentInfo::get_ASN1()	Mono.Security
ContentInfo_get_Content_m4053224038	Mono.Security.ASN1 Mono.Security.PKCS7/ContentInfo::get_Content()	Mono.Security
ContentInfo_set_Content_m2581255245	System.Void Mono.Security.PKCS7/ContentInfo::set_Content(Mono.Security.ASN1)	Mono.Security
ContentInfo_get_ContentType_m4018261807	System.String Mono.Security.PKCS7/ContentInfo::get_ContentType()	Mono.Security
ContentInfo_set_ContentType_m3848100294	System.Void Mono.Security.PKCS7/ContentInfo::set_ContentType(System.String)	Mono.Security
ContentInfo_GetASN1_m2535172199	Mono.Security.ASN1 Mono.Security.PKCS7/ContentInfo::GetASN1()	Mono.Security
EncryptedData__ctor_m257803736	System.Void Mono.Security.PKCS7/EncryptedData::.ctor()	Mono.Security
EncryptedData__ctor_m4001546383	System.Void Mono.Security.PKCS7/EncryptedData::.ctor(Mono.Security.ASN1)	Mono.Security
EncryptedData_get_EncryptionAlgorithm_m905084934	Mono.Security.PKCS7/ContentInfo Mono.Security.PKCS7/EncryptedData::get_EncryptionAlgorithm()	Mono.Security
EncryptedData_get_EncryptedContent_m3205649670	System.Byte[] Mono.Security.PKCS7/EncryptedData::get_EncryptedContent()	Mono.Security
Alert__ctor_m3135936936	System.Void Mono.Security.Protocol.Tls.Alert::.ctor(Mono.Security.Protocol.Tls.AlertDescription)	Mono.Security
Alert__ctor_m2879739792	System.Void Mono.Security.Protocol.Tls.Alert::.ctor(Mono.Security.Protocol.Tls.AlertLevel,Mono.Security.Protocol.Tls.AlertDescription)	Mono.Security
Alert_get_Level_m4249630350	Mono.Security.Protocol.Tls.AlertLevel Mono.Security.Protocol.Tls.Alert::get_Level()	Mono.Security
Alert_get_Description_m3833114036	Mono.Security.Protocol.Tls.AlertDescription Mono.Security.Protocol.Tls.Alert::get_Description()	Mono.Security
Alert_get_IsWarning_m1365397992	System.Boolean Mono.Security.Protocol.Tls.Alert::get_IsWarning()	Mono.Security
Alert_get_IsCloseNotify_m3157384796	System.Boolean Mono.Security.Protocol.Tls.Alert::get_IsCloseNotify()	Mono.Security
Alert_inferAlertLevel_m151204576	System.Void Mono.Security.Protocol.Tls.Alert::inferAlertLevel()	Mono.Security
Alert_GetAlertMessage_m1942367141	System.String Mono.Security.Protocol.Tls.Alert::GetAlertMessage(Mono.Security.Protocol.Tls.AlertDescription)	Mono.Security
CertificateSelectionCallback__ctor_m3437537928	System.Void Mono.Security.Protocol.Tls.CertificateSelectionCallback::.ctor(System.Object,System.IntPtr)	Mono.Security
CertificateSelectionCallback_Invoke_m3129973019	System.Security.Cryptography.X509Certificates.X509Certificate Mono.Security.Protocol.Tls.CertificateSelectionCallback::Invoke(System.Security.Cryptography.X509Certificates.X509CertificateCollection,System.Security.Cryptography.X509Certificates.X509Certificate,System.String,System.Security.Cryptography.X509Certificates.X509CertificateCollection)	Mono.Security
CertificateSelectionCallback_BeginInvoke_m598704794	System.IAsyncResult Mono.Security.Protocol.Tls.CertificateSelectionCallback::BeginInvoke(System.Security.Cryptography.X509Certificates.X509CertificateCollection,System.Security.Cryptography.X509Certificates.X509Certificate,System.String,System.Security.Cryptography.X509Certificates.X509CertificateCollection,System.AsyncCallback,System.Object)	Mono.Security
CertificateSelectionCallback_EndInvoke_m916047629	System.Security.Cryptography.X509Certificates.X509Certificate Mono.Security.Protocol.Tls.CertificateSelectionCallback::EndInvoke(System.IAsyncResult)	Mono.Security
CertificateValidationCallback__ctor_m1962610296	System.Void Mono.Security.Protocol.Tls.CertificateValidationCallback::.ctor(System.Object,System.IntPtr)	Mono.Security
CertificateValidationCallback_Invoke_m1014111289	System.Boolean Mono.Security.Protocol.Tls.CertificateValidationCallback::Invoke(System.Security.Cryptography.X509Certificates.X509Certificate,System.Int32[])	Mono.Security
CertificateValidationCallback_BeginInvoke_m3301716879	System.IAsyncResult Mono.Security.Protocol.Tls.CertificateValidationCallback::BeginInvoke(System.Security.Cryptography.X509Certificates.X509Certificate,System.Int32[],System.AsyncCallback,System.Object)	Mono.Security
CertificateValidationCallback_EndInvoke_m4224203910	System.Boolean Mono.Security.Protocol.Tls.CertificateValidationCallback::EndInvoke(System.IAsyncResult)	Mono.Security
CertificateValidationCallback2__ctor_m1685875113	System.Void Mono.Security.Protocol.Tls.CertificateValidationCallback2::.ctor(System.Object,System.IntPtr)	Mono.Security
CertificateValidationCallback2_Invoke_m3381554834	Mono.Security.Protocol.Tls.ValidationResult Mono.Security.Protocol.Tls.CertificateValidationCallback2::Invoke(Mono.Security.X509.X509CertificateCollection)	Mono.Security
CertificateValidationCallback2_BeginInvoke_m3360174801	System.IAsyncResult Mono.Security.Protocol.Tls.CertificateValidationCallback2::BeginInvoke(Mono.Security.X509.X509CertificateCollection,System.AsyncCallback,System.Object)	Mono.Security
CertificateValidationCallback2_EndInvoke_m2456956161	Mono.Security.Protocol.Tls.ValidationResult Mono.Security.Protocol.Tls.CertificateValidationCallback2::EndInvoke(System.IAsyncResult)	Mono.Security
CipherSuite__ctor_m2440635082	System.Void Mono.Security.Protocol.Tls.CipherSuite::.ctor(System.Int16,System.String,Mono.Security.Protocol.Tls.CipherAlgorithmType,Mono.Security.Protocol.Tls.HashAlgorithmType,Mono.Security.Protocol.Tls.ExchangeAlgorithmType,System.Boolean,System.Boolean,System.Byte,System.Byte,System.Int16,System.Byte,System.Byte)	Mono.Security
CipherSuite__cctor_m3668442490	System.Void Mono.Security.Protocol.Tls.CipherSuite::.cctor()	Mono.Security
CipherSuite_get_EncryptionCipher_m3029637613	System.Security.Cryptography.ICryptoTransform Mono.Security.Protocol.Tls.CipherSuite::get_EncryptionCipher()	Mono.Security
CipherSuite_get_DecryptionCipher_m2839827488	System.Security.Cryptography.ICryptoTransform Mono.Security.Protocol.Tls.CipherSuite::get_DecryptionCipher()	Mono.Security
CipherSuite_get_ClientHMAC_m377589750	System.Security.Cryptography.KeyedHashAlgorithm Mono.Security.Protocol.Tls.CipherSuite::get_ClientHMAC()	Mono.Security
CipherSuite_get_ServerHMAC_m714506854	System.Security.Cryptography.KeyedHashAlgorithm Mono.Security.Protocol.Tls.CipherSuite::get_ServerHMAC()	Mono.Security
CipherSuite_get_CipherAlgorithmType_m137858741	Mono.Security.Protocol.Tls.CipherAlgorithmType Mono.Security.Protocol.Tls.CipherSuite::get_CipherAlgorithmType()	Mono.Security
CipherSuite_get_HashAlgorithmName_m3758129154	System.String Mono.Security.Protocol.Tls.CipherSuite::get_HashAlgorithmName()	Mono.Security
CipherSuite_get_HashAlgorithmType_m1029363505	Mono.Security.Protocol.Tls.HashAlgorithmType Mono.Security.Protocol.Tls.CipherSuite::get_HashAlgorithmType()	Mono.Security
CipherSuite_get_HashSize_m4060916532	System.Int32 Mono.Security.Protocol.Tls.CipherSuite::get_HashSize()	Mono.Security
CipherSuite_get_ExchangeAlgorithmType_m1633709183	Mono.Security.Protocol.Tls.ExchangeAlgorithmType Mono.Security.Protocol.Tls.CipherSuite::get_ExchangeAlgorithmType()	Mono.Security
CipherSuite_get_CipherMode_m425550365	System.Security.Cryptography.CipherMode Mono.Security.Protocol.Tls.CipherSuite::get_CipherMode()	Mono.Security
CipherSuite_get_Code_m3847824475	System.Int16 Mono.Security.Protocol.Tls.CipherSuite::get_Code()	Mono.Security
CipherSuite_get_Name_m1137568068	System.String Mono.Security.Protocol.Tls.CipherSuite::get_Name()	Mono.Security
CipherSuite_get_IsExportable_m677202963	System.Boolean Mono.Security.Protocol.Tls.CipherSuite::get_IsExportable()	Mono.Security
CipherSuite_get_KeyMaterialSize_m3569550689	System.Byte Mono.Security.Protocol.Tls.CipherSuite::get_KeyMaterialSize()	Mono.Security
CipherSuite_get_KeyBlockSize_m519075451	System.Int32 Mono.Security.Protocol.Tls.CipherSuite::get_KeyBlockSize()	Mono.Security
CipherSuite_get_ExpandedKeyMaterialSize_m197590106	System.Byte Mono.Security.Protocol.Tls.CipherSuite::get_ExpandedKeyMaterialSize()	Mono.Security
CipherSuite_get_EffectiveKeyBits_m2380229009	System.Int16 Mono.Security.Protocol.Tls.CipherSuite::get_EffectiveKeyBits()	Mono.Security
CipherSuite_get_IvSize_m630778063	System.Byte Mono.Security.Protocol.Tls.CipherSuite::get_IvSize()	Mono.Security
CipherSuite_get_Context_m1621551997	Mono.Security.Protocol.Tls.Context Mono.Security.Protocol.Tls.CipherSuite::get_Context()	Mono.Security
CipherSuite_set_Context_m1978767807	System.Void Mono.Security.Protocol.Tls.CipherSuite::set_Context(Mono.Security.Protocol.Tls.Context)	Mono.Security
CipherSuite_Write_m1172814058	System.Void Mono.Security.Protocol.Tls.CipherSuite::Write(System.Byte[],System.Int32,System.Int16)	Mono.Security
CipherSuite_Write_m1841735015	System.Void Mono.Security.Protocol.Tls.CipherSuite::Write(System.Byte[],System.Int32,System.UInt64)	Mono.Security
CipherSuite_InitializeCipher_m2397698608	System.Void Mono.Security.Protocol.Tls.CipherSuite::InitializeCipher()	Mono.Security
CipherSuite_EncryptRecord_m4196378593	System.Byte[] Mono.Security.Protocol.Tls.CipherSuite::EncryptRecord(System.Byte[],System.Byte[])	Mono.Security
CipherSuite_DecryptRecord_m1495386860	System.Void Mono.Security.Protocol.Tls.CipherSuite::DecryptRecord(System.Byte[],System.Byte[]&,System.Byte[]&)	Mono.Security
CipherSuite_CreatePremasterSecret_m4264566459	System.Byte[] Mono.Security.Protocol.Tls.CipherSuite::CreatePremasterSecret()	Mono.Security
CipherSuite_PRF_m2801806009	System.Byte[] Mono.Security.Protocol.Tls.CipherSuite::PRF(System.Byte[],System.String,System.Byte[],System.Int32)	Mono.Security
CipherSuite_Expand_m2729769226	System.Byte[] Mono.Security.Protocol.Tls.CipherSuite::Expand(System.String,System.Byte[],System.Byte[],System.Int32)	Mono.Security
CipherSuite_createEncryptionCipher_m2533565116	System.Void Mono.Security.Protocol.Tls.CipherSuite::createEncryptionCipher()	Mono.Security
CipherSuite_createDecryptionCipher_m1176259509	System.Void Mono.Security.Protocol.Tls.CipherSuite::createDecryptionCipher()	Mono.Security
CipherSuiteCollection__ctor_m384434353	System.Void Mono.Security.Protocol.Tls.CipherSuiteCollection::.ctor(Mono.Security.Protocol.Tls.SecurityProtocolType)	Mono.Security
CipherSuiteCollection_System_Collections_IList_get_Item_m2175128671	System.Object Mono.Security.Protocol.Tls.CipherSuiteCollection::System.Collections.IList.get_Item(System.Int32)	Mono.Security
CipherSuiteCollection_System_Collections_IList_set_Item_m904255570	System.Void Mono.Security.Protocol.Tls.CipherSuiteCollection::System.Collections.IList.set_Item(System.Int32,System.Object)	Mono.Security
CipherSuiteCollection_System_Collections_ICollection_get_IsSynchronized_m3953211662	System.Boolean Mono.Security.Protocol.Tls.CipherSuiteCollection::System.Collections.ICollection.get_IsSynchronized()	Mono.Security
CipherSuiteCollection_System_Collections_ICollection_get_SyncRoot_m630394386	System.Object Mono.Security.Protocol.Tls.CipherSuiteCollection::System.Collections.ICollection.get_SyncRoot()	Mono.Security
CipherSuiteCollection_System_Collections_IEnumerable_GetEnumerator_m3240848888	System.Collections.IEnumerator Mono.Security.Protocol.Tls.CipherSuiteCollection::System.Collections.IEnumerable.GetEnumerator()	Mono.Security
CipherSuiteCollection_System_Collections_IList_Contains_m1220133031	System.Boolean Mono.Security.Protocol.Tls.CipherSuiteCollection::System.Collections.IList.Contains(System.Object)	Mono.Security
CipherSuiteCollection_System_Collections_IList_IndexOf_m1361500977	System.Int32 Mono.Security.Protocol.Tls.CipherSuiteCollection::System.Collections.IList.IndexOf(System.Object)	Mono.Security
CipherSuiteCollection_System_Collections_IList_Insert_m1567261820	System.Void Mono.Security.Protocol.Tls.CipherSuiteCollection::System.Collections.IList.Insert(System.Int32,System.Object)	Mono.Security
CipherSuiteCollection_System_Collections_IList_Remove_m2463347416	System.Void Mono.Security.Protocol.Tls.CipherSuiteCollection::System.Collections.IList.Remove(System.Object)	Mono.Security
CipherSuiteCollection_System_Collections_IList_RemoveAt_m2600067414	System.Void Mono.Security.Protocol.Tls.CipherSuiteCollection::System.Collections.IList.RemoveAt(System.Int32)	Mono.Security
CipherSuiteCollection_System_Collections_IList_Add_m1178326810	System.Int32 Mono.Security.Protocol.Tls.CipherSuiteCollection::System.Collections.IList.Add(System.Object)	Mono.Security
CipherSuiteCollection_get_Item_m2791953484	Mono.Security.Protocol.Tls.CipherSuite Mono.Security.Protocol.Tls.CipherSuiteCollection::get_Item(System.String)	Mono.Security
CipherSuiteCollection_get_Item_m4188309062	Mono.Security.Protocol.Tls.CipherSuite Mono.Security.Protocol.Tls.CipherSuiteCollection::get_Item(System.Int32)	Mono.Security
CipherSuiteCollection_set_Item_m2392524001	System.Void Mono.Security.Protocol.Tls.CipherSuiteCollection::set_Item(System.Int32,Mono.Security.Protocol.Tls.CipherSuite)	Mono.Security
CipherSuiteCollection_get_Item_m3790183696	Mono.Security.Protocol.Tls.CipherSuite Mono.Security.Protocol.Tls.CipherSuiteCollection::get_Item(System.Int16)	Mono.Security
CipherSuiteCollection_get_Count_m4271692531	System.Int32 Mono.Security.Protocol.Tls.CipherSuiteCollection::get_Count()	Mono.Security
CipherSuiteCollection_get_IsFixedSize_m3127823890	System.Boolean Mono.Security.Protocol.Tls.CipherSuiteCollection::get_IsFixedSize()	Mono.Security
CipherSuiteCollection_get_IsReadOnly_m2263525365	System.Boolean Mono.Security.Protocol.Tls.CipherSuiteCollection::get_IsReadOnly()	Mono.Security
CipherSuiteCollection_CopyTo_m3857518994	System.Void Mono.Security.Protocol.Tls.CipherSuiteCollection::CopyTo(System.Array,System.Int32)	Mono.Security
CipherSuiteCollection_Clear_m2642701260	System.Void Mono.Security.Protocol.Tls.CipherSuiteCollection::Clear()	Mono.Security
CipherSuiteCollection_IndexOf_m2232557119	System.Int32 Mono.Security.Protocol.Tls.CipherSuiteCollection::IndexOf(System.String)	Mono.Security
CipherSuiteCollection_IndexOf_m2770510321	System.Int32 Mono.Security.Protocol.Tls.CipherSuiteCollection::IndexOf(System.Int16)	Mono.Security
CipherSuiteCollection_Add_m2046232751	Mono.Security.Protocol.Tls.CipherSuite Mono.Security.Protocol.Tls.CipherSuiteCollection::Add(System.Int16,System.String,Mono.Security.Protocol.Tls.CipherAlgorithmType,Mono.Security.Protocol.Tls.HashAlgorithmType,Mono.Security.Protocol.Tls.ExchangeAlgorithmType,System.Boolean,System.Boolean,System.Byte,System.Byte,System.Int16,System.Byte,System.Byte)	Mono.Security
CipherSuiteCollection_add_m3005595589	Mono.Security.Protocol.Tls.TlsCipherSuite Mono.Security.Protocol.Tls.CipherSuiteCollection::add(Mono.Security.Protocol.Tls.TlsCipherSuite)	Mono.Security
CipherSuiteCollection_add_m1422128145	Mono.Security.Protocol.Tls.SslCipherSuite Mono.Security.Protocol.Tls.CipherSuiteCollection::add(Mono.Security.Protocol.Tls.SslCipherSuite)	Mono.Security
CipherSuiteCollection_cultureAwareCompare_m2072548979	System.Boolean Mono.Security.Protocol.Tls.CipherSuiteCollection::cultureAwareCompare(System.String,System.String)	Mono.Security
CipherSuiteFactory_GetSupportedCiphers_m3260014148	Mono.Security.Protocol.Tls.CipherSuiteCollection Mono.Security.Protocol.Tls.CipherSuiteFactory::GetSupportedCiphers(Mono.Security.Protocol.Tls.SecurityProtocolType)	Mono.Security
CipherSuiteFactory_GetTls1SupportedCiphers_m3691819504	Mono.Security.Protocol.Tls.CipherSuiteCollection Mono.Security.Protocol.Tls.CipherSuiteFactory::GetTls1SupportedCiphers()	Mono.Security
CipherSuiteFactory_GetSsl3SupportedCiphers_m3757358569	Mono.Security.Protocol.Tls.CipherSuiteCollection Mono.Security.Protocol.Tls.CipherSuiteFactory::GetSsl3SupportedCiphers()	Mono.Security
ClientContext__ctor_m3993227749	System.Void Mono.Security.Protocol.Tls.ClientContext::.ctor(Mono.Security.Protocol.Tls.SslClientStream,Mono.Security.Protocol.Tls.SecurityProtocolType,System.String,System.Security.Cryptography.X509Certificates.X509CertificateCollection)	Mono.Security
ClientContext_get_SslStream_m1583577309	Mono.Security.Protocol.Tls.SslClientStream Mono.Security.Protocol.Tls.ClientContext::get_SslStream()	Mono.Security
ClientContext_get_ClientHelloProtocol_m1654639078	System.Int16 Mono.Security.Protocol.Tls.ClientContext::get_ClientHelloProtocol()	Mono.Security
ClientContext_set_ClientHelloProtocol_m4189379912	System.Void Mono.Security.Protocol.Tls.ClientContext::set_ClientHelloProtocol(System.Int16)	Mono.Security
ClientContext_Clear_m1774063253	System.Void Mono.Security.Protocol.Tls.ClientContext::Clear()	Mono.Security
ClientRecordProtocol__ctor_m2839844778	System.Void Mono.Security.Protocol.Tls.ClientRecordProtocol::.ctor(System.IO.Stream,Mono.Security.Protocol.Tls.ClientContext)	Mono.Security
ClientRecordProtocol_GetMessage_m797000123	Mono.Security.Protocol.Tls.Handshake.HandshakeMessage Mono.Security.Protocol.Tls.ClientRecordProtocol::GetMessage(Mono.Security.Protocol.Tls.Handshake.HandshakeType)	Mono.Security
ClientRecordProtocol_ProcessHandshakeMessage_m1002991731	System.Void Mono.Security.Protocol.Tls.ClientRecordProtocol::ProcessHandshakeMessage(Mono.Security.Protocol.Tls.TlsStream)	Mono.Security
ClientRecordProtocol_createClientHandshakeMessage_m3325677558	Mono.Security.Protocol.Tls.Handshake.HandshakeMessage Mono.Security.Protocol.Tls.ClientRecordProtocol::createClientHandshakeMessage(Mono.Security.Protocol.Tls.Handshake.HandshakeType)	Mono.Security
ClientRecordProtocol_createServerHandshakeMessage_m2804371400	Mono.Security.Protocol.Tls.Handshake.HandshakeMessage Mono.Security.Protocol.Tls.ClientRecordProtocol::createServerHandshakeMessage(Mono.Security.Protocol.Tls.Handshake.HandshakeType,System.Byte[])	Mono.Security
ClientSessionCache__cctor_m1380704214	System.Void Mono.Security.Protocol.Tls.ClientSessionCache::.cctor()	Mono.Security
ClientSessionCache_Add_m964342678	System.Void Mono.Security.Protocol.Tls.ClientSessionCache::Add(System.String,System.Byte[])	Mono.Security
ClientSessionCache_FromHost_m273325760	System.Byte[] Mono.Security.Protocol.Tls.ClientSessionCache::FromHost(System.String)	Mono.Security
ClientSessionCache_FromContext_m343076119	Mono.Security.Protocol.Tls.ClientSessionInfo Mono.Security.Protocol.Tls.ClientSessionCache::FromContext(Mono.Security.Protocol.Tls.Context,System.Boolean)	Mono.Security
ClientSessionCache_SetContextInCache_m2875733100	System.Boolean Mono.Security.Protocol.Tls.ClientSessionCache::SetContextInCache(Mono.Security.Protocol.Tls.Context)	Mono.Security
ClientSessionCache_SetContextFromCache_m3781380849	System.Boolean Mono.Security.Protocol.Tls.ClientSessionCache::SetContextFromCache(Mono.Security.Protocol.Tls.Context)	Mono.Security
ClientSessionInfo__ctor_m2436192270	System.Void Mono.Security.Protocol.Tls.ClientSessionInfo::.ctor(System.String,System.Byte[])	Mono.Security
ClientSessionInfo__cctor_m1143076802	System.Void Mono.Security.Protocol.Tls.ClientSessionInfo::.cctor()	Mono.Security
ClientSessionInfo_Finalize_m2165787049	System.Void Mono.Security.Protocol.Tls.ClientSessionInfo::Finalize()	Mono.Security
ClientSessionInfo_get_HostName_m2118440995	System.String Mono.Security.Protocol.Tls.ClientSessionInfo::get_HostName()	Mono.Security
ClientSessionInfo_get_Id_m2119140021	System.Byte[] Mono.Security.Protocol.Tls.ClientSessionInfo::get_Id()	Mono.Security
ClientSessionInfo_get_Valid_m1260893789	System.Boolean Mono.Security.Protocol.Tls.ClientSessionInfo::get_Valid()	Mono.Security
ClientSessionInfo_GetContext_m1679628259	System.Void Mono.Security.Protocol.Tls.ClientSessionInfo::GetContext(Mono.Security.Protocol.Tls.Context)	Mono.Security
ClientSessionInfo_SetContext_m2115875186	System.Void Mono.Security.Protocol.Tls.ClientSessionInfo::SetContext(Mono.Security.Protocol.Tls.Context)	Mono.Security
ClientSessionInfo_KeepAlive_m1020179566	System.Void Mono.Security.Protocol.Tls.ClientSessionInfo::KeepAlive()	Mono.Security
ClientSessionInfo_Dispose_m1535509451	System.Void Mono.Security.Protocol.Tls.ClientSessionInfo::Dispose()	Mono.Security
ClientSessionInfo_Dispose_m3253728296	System.Void Mono.Security.Protocol.Tls.ClientSessionInfo::Dispose(System.Boolean)	Mono.Security
ClientSessionInfo_CheckDisposed_m1172439856	System.Void Mono.Security.Protocol.Tls.ClientSessionInfo::CheckDisposed()	Mono.Security
Context__ctor_m1288667393	System.Void Mono.Security.Protocol.Tls.Context::.ctor(Mono.Security.Protocol.Tls.SecurityProtocolType)	Mono.Security
Context_get_AbbreviatedHandshake_m3907920227	System.Boolean Mono.Security.Protocol.Tls.Context::get_AbbreviatedHandshake()	Mono.Security
Context_set_AbbreviatedHandshake_m827173393	System.Void Mono.Security.Protocol.Tls.Context::set_AbbreviatedHandshake(System.Boolean)	Mono.Security
Context_get_ProtocolNegotiated_m4220412840	System.Boolean Mono.Security.Protocol.Tls.Context::get_ProtocolNegotiated()	Mono.Security
Context_set_ProtocolNegotiated_m2904861662	System.Void Mono.Security.Protocol.Tls.Context::set_ProtocolNegotiated(System.Boolean)	Mono.Security
Context_get_SecurityProtocol_m3228286292	Mono.Security.Protocol.Tls.SecurityProtocolType Mono.Security.Protocol.Tls.Context::get_SecurityProtocol()	Mono.Security
Context_set_SecurityProtocol_m2833661610	System.Void Mono.Security.Protocol.Tls.Context::set_SecurityProtocol(Mono.Security.Protocol.Tls.SecurityProtocolType)	Mono.Security
Context_get_SecurityProtocolFlags_m2022471746	Mono.Security.Protocol.Tls.SecurityProtocolType Mono.Security.Protocol.Tls.Context::get_SecurityProtocolFlags()	Mono.Security
Context_get_Protocol_m1078422015	System.Int16 Mono.Security.Protocol.Tls.Context::get_Protocol()	Mono.Security
Context_get_SessionId_m1086671147	System.Byte[] Mono.Security.Protocol.Tls.Context::get_SessionId()	Mono.Security
Context_set_SessionId_m942328427	System.Void Mono.Security.Protocol.Tls.Context::set_SessionId(System.Byte[])	Mono.Security
Context_get_CompressionMethod_m2647114016	Mono.Security.Protocol.Tls.SecurityCompressionType Mono.Security.Protocol.Tls.Context::get_CompressionMethod()	Mono.Security
Context_set_CompressionMethod_m2054483993	System.Void Mono.Security.Protocol.Tls.Context::set_CompressionMethod(Mono.Security.Protocol.Tls.SecurityCompressionType)	Mono.Security
Context_get_ServerSettings_m1982578801	Mono.Security.Protocol.Tls.TlsServerSettings Mono.Security.Protocol.Tls.Context::get_ServerSettings()	Mono.Security
Context_get_ClientSettings_m2874391194	Mono.Security.Protocol.Tls.TlsClientSettings Mono.Security.Protocol.Tls.Context::get_ClientSettings()	Mono.Security
Context_get_LastHandshakeMsg_m2730646725	Mono.Security.Protocol.Tls.Handshake.HandshakeType Mono.Security.Protocol.Tls.Context::get_LastHandshakeMsg()	Mono.Security
Context_set_LastHandshakeMsg_m1770618067	System.Void Mono.Security.Protocol.Tls.Context::set_LastHandshakeMsg(Mono.Security.Protocol.Tls.Handshake.HandshakeType)	Mono.Security
Context_get_HandshakeState_m2425796590	Mono.Security.Protocol.Tls.HandshakeState Mono.Security.Protocol.Tls.Context::get_HandshakeState()	Mono.Security
Context_set_HandshakeState_m1329976135	System.Void Mono.Security.Protocol.Tls.Context::set_HandshakeState(Mono.Security.Protocol.Tls.HandshakeState)	Mono.Security
Context_get_ReceivedConnectionEnd_m4011125537	System.Boolean Mono.Security.Protocol.Tls.Context::get_ReceivedConnectionEnd()	Mono.Security
Context_set_ReceivedConnectionEnd_m911334662	System.Void Mono.Security.Protocol.Tls.Context::set_ReceivedConnectionEnd(System.Boolean)	Mono.Security
Context_get_SentConnectionEnd_m963812869	System.Boolean Mono.Security.Protocol.Tls.Context::get_SentConnectionEnd()	Mono.Security
Context_set_SentConnectionEnd_m1367645582	System.Void Mono.Security.Protocol.Tls.Context::set_SentConnectionEnd(System.Boolean)	Mono.Security
Context_get_SupportedCiphers_m1883682196	Mono.Security.Protocol.Tls.CipherSuiteCollection Mono.Security.Protocol.Tls.Context::get_SupportedCiphers()	Mono.Security
Context_set_SupportedCiphers_m4238648387	System.Void Mono.Security.Protocol.Tls.Context::set_SupportedCiphers(Mono.Security.Protocol.Tls.CipherSuiteCollection)	Mono.Security
Context_get_HandshakeMessages_m3655705111	Mono.Security.Protocol.Tls.TlsStream Mono.Security.Protocol.Tls.Context::get_HandshakeMessages()	Mono.Security
Context_get_WriteSequenceNumber_m1115956887	System.UInt64 Mono.Security.Protocol.Tls.Context::get_WriteSequenceNumber()	Mono.Security
Context_set_WriteSequenceNumber_m942577065	System.Void Mono.Security.Protocol.Tls.Context::set_WriteSequenceNumber(System.UInt64)	Mono.Security
Context_get_ReadSequenceNumber_m3883329199	System.UInt64 Mono.Security.Protocol.Tls.Context::get_ReadSequenceNumber()	Mono.Security
Context_set_ReadSequenceNumber_m2154909392	System.Void Mono.Security.Protocol.Tls.Context::set_ReadSequenceNumber(System.UInt64)	Mono.Security
Context_get_ClientRandom_m1437588520	System.Byte[] Mono.Security.Protocol.Tls.Context::get_ClientRandom()	Mono.Security
Context_set_ClientRandom_m2974454575	System.Void Mono.Security.Protocol.Tls.Context::set_ClientRandom(System.Byte[])	Mono.Security
Context_get_ServerRandom_m2710024742	System.Byte[] Mono.Security.Protocol.Tls.Context::get_ServerRandom()	Mono.Security
Context_set_ServerRandom_m2929894009	System.Void Mono.Security.Protocol.Tls.Context::set_ServerRandom(System.Byte[])	Mono.Security
Context_get_RandomCS_m1367948315	System.Byte[] Mono.Security.Protocol.Tls.Context::get_RandomCS()	Mono.Security
Context_set_RandomCS_m2687068745	System.Void Mono.Security.Protocol.Tls.Context::set_RandomCS(System.Byte[])	Mono.Security
Context_get_RandomSC_m1891758699	System.Byte[] Mono.Security.Protocol.Tls.Context::get_RandomSC()	Mono.Security
Context_set_RandomSC_m2364786761	System.Void Mono.Security.Protocol.Tls.Context::set_RandomSC(System.Byte[])	Mono.Security
Context_get_MasterSecret_m676083615	System.Byte[] Mono.Security.Protocol.Tls.Context::get_MasterSecret()	Mono.Security
Context_set_MasterSecret_m3419105191	System.Void Mono.Security.Protocol.Tls.Context::set_MasterSecret(System.Byte[])	Mono.Security
Context_get_ClientWriteKey_m3174706656	System.Byte[] Mono.Security.Protocol.Tls.Context::get_ClientWriteKey()	Mono.Security
Context_set_ClientWriteKey_m1601425248	System.Void Mono.Security.Protocol.Tls.Context::set_ClientWriteKey(System.Byte[])	Mono.Security
Context_get_ServerWriteKey_m2199131569	System.Byte[] Mono.Security.Protocol.Tls.Context::get_ServerWriteKey()	Mono.Security
Context_set_ServerWriteKey_m3347272648	System.Void Mono.Security.Protocol.Tls.Context::set_ServerWriteKey(System.Byte[])	Mono.Security
Context_get_ClientWriteIV_m1729804632	System.Byte[] Mono.Security.Protocol.Tls.Context::get_ClientWriteIV()	Mono.Security
Context_set_ClientWriteIV_m3405909624	System.Void Mono.Security.Protocol.Tls.Context::set_ClientWriteIV(System.Byte[])	Mono.Security
Context_get_ServerWriteIV_m1839374659	System.Byte[] Mono.Security.Protocol.Tls.Context::get_ServerWriteIV()	Mono.Security
Context_set_ServerWriteIV_m1007123427	System.Void Mono.Security.Protocol.Tls.Context::set_ServerWriteIV(System.Byte[])	Mono.Security
Context_get_RecordProtocol_m2261754827	Mono.Security.Protocol.Tls.RecordProtocol Mono.Security.Protocol.Tls.Context::get_RecordProtocol()	Mono.Security
Context_set_RecordProtocol_m3067654641	System.Void Mono.Security.Protocol.Tls.Context::set_RecordProtocol(Mono.Security.Protocol.Tls.RecordProtocol)	Mono.Security
Context_GetUnixTime_m3811151335	System.Int32 Mono.Security.Protocol.Tls.Context::GetUnixTime()	Mono.Security
Context_GetSecureRandomBytes_m3676009387	System.Byte[] Mono.Security.Protocol.Tls.Context::GetSecureRandomBytes(System.Int32)	Mono.Security
Context_Clear_m2678836033	System.Void Mono.Security.Protocol.Tls.Context::Clear()	Mono.Security
Context_ClearKeyInfo_m1155154290	System.Void Mono.Security.Protocol.Tls.Context::ClearKeyInfo()	Mono.Security
Context_DecodeProtocolCode_m2249547310	Mono.Security.Protocol.Tls.SecurityProtocolType Mono.Security.Protocol.Tls.Context::DecodeProtocolCode(System.Int16)	Mono.Security
Context_ChangeProtocol_m2412635871	System.Void Mono.Security.Protocol.Tls.Context::ChangeProtocol(System.Int16)	Mono.Security
Context_get_Current_m2853615040	Mono.Security.Protocol.Tls.SecurityParameters Mono.Security.Protocol.Tls.Context::get_Current()	Mono.Security
Context_get_Negotiating_m2044579817	Mono.Security.Protocol.Tls.SecurityParameters Mono.Security.Protocol.Tls.Context::get_Negotiating()	Mono.Security
Context_get_Read_m4172356735	Mono.Security.Protocol.Tls.SecurityParameters Mono.Security.Protocol.Tls.Context::get_Read()	Mono.Security
Context_get_Write_m1564343513	Mono.Security.Protocol.Tls.SecurityParameters Mono.Security.Protocol.Tls.Context::get_Write()	Mono.Security
Context_StartSwitchingSecurityParameters_m28285865	System.Void Mono.Security.Protocol.Tls.Context::StartSwitchingSecurityParameters(System.Boolean)	Mono.Security
Context_EndSwitchingSecurityParameters_m4148956166	System.Void Mono.Security.Protocol.Tls.Context::EndSwitchingSecurityParameters(System.Boolean)	Mono.Security
TlsClientCertificate__ctor_m101524132	System.Void Mono.Security.Protocol.Tls.Handshake.Client.TlsClientCertificate::.ctor(Mono.Security.Protocol.Tls.Context)	Mono.Security
TlsClientCertificate_get_ClientCertificate_m1637836254	System.Security.Cryptography.X509Certificates.X509Certificate Mono.Security.Protocol.Tls.Handshake.Client.TlsClientCertificate::get_ClientCertificate()	Mono.Security
TlsClientCertificate_Update_m1882970209	System.Void Mono.Security.Protocol.Tls.Handshake.Client.TlsClientCertificate::Update()	Mono.Security
TlsClientCertificate_GetClientCertificate_m566867090	System.Void Mono.Security.Protocol.Tls.Handshake.Client.TlsClientCertificate::GetClientCertificate()	Mono.Security
TlsClientCertificate_SendCertificates_m1965594186	System.Void Mono.Security.Protocol.Tls.Handshake.Client.TlsClientCertificate::SendCertificates()	Mono.Security
TlsClientCertificate_ProcessAsSsl3_m3265529850	System.Void Mono.Security.Protocol.Tls.Handshake.Client.TlsClientCertificate::ProcessAsSsl3()	Mono.Security
TlsClientCertificate_ProcessAsTls1_m3232146441	System.Void Mono.Security.Protocol.Tls.Handshake.Client.TlsClientCertificate::ProcessAsTls1()	Mono.Security
TlsClientCertificate_FindParentCertificate_m3844441401	System.Security.Cryptography.X509Certificates.X509Certificate Mono.Security.Protocol.Tls.Handshake.Client.TlsClientCertificate::FindParentCertificate(System.Security.Cryptography.X509Certificates.X509Certificate)	Mono.Security
TlsClientCertificateVerify__ctor_m1589614281	System.Void Mono.Security.Protocol.Tls.Handshake.Client.TlsClientCertificateVerify::.ctor(Mono.Security.Protocol.Tls.Context)	Mono.Security
TlsClientCertificateVerify_Update_m3046208881	System.Void Mono.Security.Protocol.Tls.Handshake.Client.TlsClientCertificateVerify::Update()	Mono.Security
TlsClientCertificateVerify_ProcessAsSsl3_m1125097704	System.Void Mono.Security.Protocol.Tls.Handshake.Client.TlsClientCertificateVerify::ProcessAsSsl3()	Mono.Security
TlsClientCertificateVerify_ProcessAsTls1_m1051495755	System.Void Mono.Security.Protocol.Tls.Handshake.Client.TlsClientCertificateVerify::ProcessAsTls1()	Mono.Security
TlsClientCertificateVerify_getClientCertRSA_m1205662940	System.Security.Cryptography.RSA Mono.Security.Protocol.Tls.Handshake.Client.TlsClientCertificateVerify::getClientCertRSA(System.Security.Cryptography.RSA)	Mono.Security
TlsClientCertificateVerify_getUnsignedBigInteger_m3003216819	System.Byte[] Mono.Security.Protocol.Tls.Handshake.Client.TlsClientCertificateVerify::getUnsignedBigInteger(System.Byte[])	Mono.Security
TlsClientFinished__ctor_m399357014	System.Void Mono.Security.Protocol.Tls.Handshake.Client.TlsClientFinished::.ctor(Mono.Security.Protocol.Tls.Context)	Mono.Security
TlsClientFinished__cctor_m1023921005	System.Void Mono.Security.Protocol.Tls.Handshake.Client.TlsClientFinished::.cctor()	Mono.Security
TlsClientFinished_Update_m2408925771	System.Void Mono.Security.Protocol.Tls.Handshake.Client.TlsClientFinished::Update()	Mono.Security
TlsClientFinished_ProcessAsSsl3_m3094597606	System.Void Mono.Security.Protocol.Tls.Handshake.Client.TlsClientFinished::ProcessAsSsl3()	Mono.Security
TlsClientFinished_ProcessAsTls1_m2429863130	System.Void Mono.Security.Protocol.Tls.Handshake.Client.TlsClientFinished::ProcessAsTls1()	Mono.Security
TlsClientHello__ctor_m1986768336	System.Void Mono.Security.Protocol.Tls.Handshake.Client.TlsClientHello::.ctor(Mono.Security.Protocol.Tls.Context)	Mono.Security
TlsClientHello_Update_m3773127362	System.Void Mono.Security.Protocol.Tls.Handshake.Client.TlsClientHello::Update()	Mono.Security
TlsClientHello_ProcessAsSsl3_m3427133094	System.Void Mono.Security.Protocol.Tls.Handshake.Client.TlsClientHello::ProcessAsSsl3()	Mono.Security
TlsClientHello_ProcessAsTls1_m2549285167	System.Void Mono.Security.Protocol.Tls.Handshake.Client.TlsClientHello::ProcessAsTls1()	Mono.Security
TlsClientKeyExchange__ctor_m31786095	System.Void Mono.Security.Protocol.Tls.Handshake.Client.TlsClientKeyExchange::.ctor(Mono.Security.Protocol.Tls.Context)	Mono.Security
TlsClientKeyExchange_ProcessAsSsl3_m2576462374	System.Void Mono.Security.Protocol.Tls.Handshake.Client.TlsClientKeyExchange::ProcessAsSsl3()	Mono.Security
TlsClientKeyExchange_ProcessAsTls1_m338960549	System.Void Mono.Security.Protocol.Tls.Handshake.Client.TlsClientKeyExchange::ProcessAsTls1()	Mono.Security
TlsClientKeyExchange_ProcessCommon_m2327374157	System.Void Mono.Security.Protocol.Tls.Handshake.Client.TlsClientKeyExchange::ProcessCommon(System.Boolean)	Mono.Security
TlsServerCertificate__ctor_m389328097	System.Void Mono.Security.Protocol.Tls.Handshake.Client.TlsServerCertificate::.ctor(Mono.Security.Protocol.Tls.Context,System.Byte[])	Mono.Security
TlsServerCertificate_Update_m3204893479	System.Void Mono.Security.Protocol.Tls.Handshake.Client.TlsServerCertificate::Update()	Mono.Security
TlsServerCertificate_ProcessAsSsl3_m1306583193	System.Void Mono.Security.Protocol.Tls.Handshake.Client.TlsServerCertificate::ProcessAsSsl3()	Mono.Security
TlsServerCertificate_ProcessAsTls1_m819212276	System.Void Mono.Security.Protocol.Tls.Handshake.Client.TlsServerCertificate::ProcessAsTls1()	Mono.Security
TlsServerCertificate_checkCertificateUsage_m2152016773	System.Boolean Mono.Security.Protocol.Tls.Handshake.Client.TlsServerCertificate::checkCertificateUsage(Mono.Security.X509.X509Certificate)	Mono.Security
TlsServerCertificate_validateCertificates_m4242999387	System.Void Mono.Security.Protocol.Tls.Handshake.Client.TlsServerCertificate::validateCertificates(Mono.Security.X509.X509CertificateCollection)	Mono.Security
TlsServerCertificate_checkServerIdentity_m2801575130	System.Boolean Mono.Security.Protocol.Tls.Handshake.Client.TlsServerCertificate::checkServerIdentity(Mono.Security.X509.X509Certificate)	Mono.Security
TlsServerCertificate_checkDomainName_m2543190336	System.Boolean Mono.Security.Protocol.Tls.Handshake.Client.TlsServerCertificate::checkDomainName(System.String)	Mono.Security
TlsServerCertificate_Match_m2996121276	System.Boolean Mono.Security.Protocol.Tls.Handshake.Client.TlsServerCertificate::Match(System.String,System.String)	Mono.Security
TlsServerCertificateRequest__ctor_m1334974076	System.Void Mono.Security.Protocol.Tls.Handshake.Client.TlsServerCertificateRequest::.ctor(Mono.Security.Protocol.Tls.Context,System.Byte[])	Mono.Security
TlsServerCertificateRequest_Update_m2763887540	System.Void Mono.Security.Protocol.Tls.Handshake.Client.TlsServerCertificateRequest::Update()	Mono.Security
TlsServerCertificateRequest_ProcessAsSsl3_m1084200341	System.Void Mono.Security.Protocol.Tls.Handshake.Client.TlsServerCertificateRequest::ProcessAsSsl3()	Mono.Security
TlsServerCertificateRequest_ProcessAsTls1_m3214041063	System.Void Mono.Security.Protocol.Tls.Handshake.Client.TlsServerCertificateRequest::ProcessAsTls1()	Mono.Security
TlsServerFinished__ctor_m1445633918	System.Void Mono.Security.Protocol.Tls.Handshake.Client.TlsServerFinished::.ctor(Mono.Security.Protocol.Tls.Context,System.Byte[])	Mono.Security
TlsServerFinished__cctor_m3102699406	System.Void Mono.Security.Protocol.Tls.Handshake.Client.TlsServerFinished::.cctor()	Mono.Security
TlsServerFinished_Update_m4073404386	System.Void Mono.Security.Protocol.Tls.Handshake.Client.TlsServerFinished::Update()	Mono.Security
TlsServerFinished_ProcessAsSsl3_m2791932180	System.Void Mono.Security.Protocol.Tls.Handshake.Client.TlsServerFinished::ProcessAsSsl3()	Mono.Security
TlsServerFinished_ProcessAsTls1_m173877572	System.Void Mono.Security.Protocol.Tls.Handshake.Client.TlsServerFinished::ProcessAsTls1()	Mono.Security
TlsServerHello__ctor_m3887266572	System.Void Mono.Security.Protocol.Tls.Handshake.Client.TlsServerHello::.ctor(Mono.Security.Protocol.Tls.Context,System.Byte[])	Mono.Security
TlsServerHello_Update_m3935081401	System.Void Mono.Security.Protocol.Tls.Handshake.Client.TlsServerHello::Update()	Mono.Security
TlsServerHello_ProcessAsSsl3_m3146647238	System.Void Mono.Security.Protocol.Tls.Handshake.Client.TlsServerHello::ProcessAsSsl3()	Mono.Security
TlsServerHello_ProcessAsTls1_m3844152353	System.Void Mono.Security.Protocol.Tls.Handshake.Client.TlsServerHello::ProcessAsTls1()	Mono.Security
TlsServerHello_processProtocol_m3969427189	System.Void Mono.Security.Protocol.Tls.Handshake.Client.TlsServerHello::processProtocol(System.Int16)	Mono.Security
TlsServerHelloDone__ctor_m173627900	System.Void Mono.Security.Protocol.Tls.Handshake.Client.TlsServerHelloDone::.ctor(Mono.Security.Protocol.Tls.Context,System.Byte[])	Mono.Security
TlsServerHelloDone_ProcessAsSsl3_m3042614798	System.Void Mono.Security.Protocol.Tls.Handshake.Client.TlsServerHelloDone::ProcessAsSsl3()	Mono.Security
TlsServerHelloDone_ProcessAsTls1_m952337401	System.Void Mono.Security.Protocol.Tls.Handshake.Client.TlsServerHelloDone::ProcessAsTls1()	Mono.Security
TlsServerKeyExchange__ctor_m3572942737	System.Void Mono.Security.Protocol.Tls.Handshake.Client.TlsServerKeyExchange::.ctor(Mono.Security.Protocol.Tls.Context,System.Byte[])	Mono.Security
TlsServerKeyExchange_Update_m453798279	System.Void Mono.Security.Protocol.Tls.Handshake.Client.TlsServerKeyExchange::Update()	Mono.Security
TlsServerKeyExchange_ProcessAsSsl3_m2880115419	System.Void Mono.Security.Protocol.Tls.Handshake.Client.TlsServerKeyExchange::ProcessAsSsl3()	Mono.Security
TlsServerKeyExchange_ProcessAsTls1_m49623614	System.Void Mono.Security.Protocol.Tls.Handshake.Client.TlsServerKeyExchange::ProcessAsTls1()	Mono.Security
TlsServerKeyExchange_verifySignature_m3412856769	System.Void Mono.Security.Protocol.Tls.Handshake.Client.TlsServerKeyExchange::verifySignature()	Mono.Security
HandshakeMessage__ctor_m2692487706	System.Void Mono.Security.Protocol.Tls.Handshake.HandshakeMessage::.ctor(Mono.Security.Protocol.Tls.Context,Mono.Security.Protocol.Tls.Handshake.HandshakeType)	Mono.Security
HandshakeMessage__ctor_m1353615444	System.Void Mono.Security.Protocol.Tls.Handshake.HandshakeMessage::.ctor(Mono.Security.Protocol.Tls.Context,Mono.Security.Protocol.Tls.Handshake.HandshakeType,Mono.Security.Protocol.Tls.ContentType)	Mono.Security
HandshakeMessage__ctor_m1555296807	System.Void Mono.Security.Protocol.Tls.Handshake.HandshakeMessage::.ctor(Mono.Security.Protocol.Tls.Context,Mono.Security.Protocol.Tls.Handshake.HandshakeType,System.Byte[])	Mono.Security
HandshakeMessage_get_Context_m3036797856	Mono.Security.Protocol.Tls.Context Mono.Security.Protocol.Tls.Handshake.HandshakeMessage::get_Context()	Mono.Security
HandshakeMessage_get_HandshakeType_m478242308	Mono.Security.Protocol.Tls.Handshake.HandshakeType Mono.Security.Protocol.Tls.Handshake.HandshakeMessage::get_HandshakeType()	Mono.Security
HandshakeMessage_get_ContentType_m1693718190	Mono.Security.Protocol.Tls.ContentType Mono.Security.Protocol.Tls.Handshake.HandshakeMessage::get_ContentType()	Mono.Security
HandshakeMessage_Process_m810828609	System.Void Mono.Security.Protocol.Tls.Handshake.HandshakeMessage::Process()	Mono.Security
HandshakeMessage_Update_m2417837686	System.Void Mono.Security.Protocol.Tls.Handshake.HandshakeMessage::Update()	Mono.Security
HandshakeMessage_EncodeMessage_m3919107786	System.Byte[] Mono.Security.Protocol.Tls.Handshake.HandshakeMessage::EncodeMessage()	Mono.Security
HandshakeMessage_Compare_m2214647946	System.Boolean Mono.Security.Protocol.Tls.Handshake.HandshakeMessage::Compare(System.Byte[],System.Byte[])	Mono.Security
HttpsClientStream__ctor_m3125726871	System.Void Mono.Security.Protocol.Tls.HttpsClientStream::.ctor(System.IO.Stream,System.Security.Cryptography.X509Certificates.X509CertificateCollection,System.Net.HttpWebRequest,System.Byte[])	Mono.Security
HttpsClientStream_get_TrustFailure_m1151901888	System.Boolean Mono.Security.Protocol.Tls.HttpsClientStream::get_TrustFailure()	Mono.Security
HttpsClientStream_RaiseServerCertificateValidation_m3782467213	System.Boolean Mono.Security.Protocol.Tls.HttpsClientStream::RaiseServerCertificateValidation(System.Security.Cryptography.X509Certificates.X509Certificate,System.Int32[])	Mono.Security
HttpsClientStream_U3CHttpsClientStreamU3Em__0_m2058474197	System.Security.Cryptography.X509Certificates.X509Certificate Mono.Security.Protocol.Tls.HttpsClientStream::<HttpsClientStream>m__0(System.Security.Cryptography.X509Certificates.X509CertificateCollection,System.Security.Cryptography.X509Certificates.X509Certificate,System.String,System.Security.Cryptography.X509Certificates.X509CertificateCollection)	Mono.Security
HttpsClientStream_U3CHttpsClientStreamU3Em__1_m1202173386	System.Security.Cryptography.AsymmetricAlgorithm Mono.Security.Protocol.Tls.HttpsClientStream::<HttpsClientStream>m__1(System.Security.Cryptography.X509Certificates.X509Certificate,System.String)	Mono.Security
PrivateKeySelectionCallback__ctor_m265141085	System.Void Mono.Security.Protocol.Tls.PrivateKeySelectionCallback::.ctor(System.Object,System.IntPtr)	Mono.Security
PrivateKeySelectionCallback_Invoke_m921844982	System.Security.Cryptography.AsymmetricAlgorithm Mono.Security.Protocol.Tls.PrivateKeySelectionCallback::Invoke(System.Security.Cryptography.X509Certificates.X509Certificate,System.String)	Mono.Security
PrivateKeySelectionCallback_BeginInvoke_m2814232473	System.IAsyncResult Mono.Security.Protocol.Tls.PrivateKeySelectionCallback::BeginInvoke(System.Security.Cryptography.X509Certificates.X509Certificate,System.String,System.AsyncCallback,System.Object)	Mono.Security
PrivateKeySelectionCallback_EndInvoke_m2229365437	System.Security.Cryptography.AsymmetricAlgorithm Mono.Security.Protocol.Tls.PrivateKeySelectionCallback::EndInvoke(System.IAsyncResult)	Mono.Security
RecordProtocol__ctor_m1695232390	System.Void Mono.Security.Protocol.Tls.RecordProtocol::.ctor(System.IO.Stream,Mono.Security.Protocol.Tls.Context)	Mono.Security
RecordProtocol__cctor_m1280873827	System.Void Mono.Security.Protocol.Tls.RecordProtocol::.cctor()	Mono.Security
RecordProtocol_get_Context_m3273611300	Mono.Security.Protocol.Tls.Context Mono.Security.Protocol.Tls.RecordProtocol::get_Context()	Mono.Security
RecordProtocol_SendRecord_m515492272	System.Void Mono.Security.Protocol.Tls.RecordProtocol::SendRecord(Mono.Security.Protocol.Tls.Handshake.HandshakeType)	Mono.Security
RecordProtocol_ProcessChangeCipherSpec_m15839975	System.Void Mono.Security.Protocol.Tls.RecordProtocol::ProcessChangeCipherSpec()	Mono.Security
RecordProtocol_GetMessage_m2086135164	Mono.Security.Protocol.Tls.Handshake.HandshakeMessage Mono.Security.Protocol.Tls.RecordProtocol::GetMessage(Mono.Security.Protocol.Tls.Handshake.HandshakeType)	Mono.Security
RecordProtocol_BeginReceiveRecord_m295321170	System.IAsyncResult Mono.Security.Protocol.Tls.RecordProtocol::BeginReceiveRecord(System.IO.Stream,System.AsyncCallback,System.Object)	Mono.Security
RecordProtocol_InternalReceiveRecordCallback_m1713318629	System.Void Mono.Security.Protocol.Tls.RecordProtocol::InternalReceiveRecordCallback(System.IAsyncResult)	Mono.Security
RecordProtocol_EndReceiveRecord_m1872541318	System.Byte[] Mono.Security.Protocol.Tls.RecordProtocol::EndReceiveRecord(System.IAsyncResult)	Mono.Security
RecordProtocol_ReceiveRecord_m3797641756	System.Byte[] Mono.Security.Protocol.Tls.RecordProtocol::ReceiveRecord(System.IO.Stream)	Mono.Security
RecordProtocol_ReadRecordBuffer_m180543381	System.Byte[] Mono.Security.Protocol.Tls.RecordProtocol::ReadRecordBuffer(System.Int32,System.IO.Stream)	Mono.Security
RecordProtocol_ReadClientHelloV2_m4052496367	System.Byte[] Mono.Security.Protocol.Tls.RecordProtocol::ReadClientHelloV2(System.IO.Stream)	Mono.Security
RecordProtocol_ReadStandardRecordBuffer_m3738063864	System.Byte[] Mono.Security.Protocol.Tls.RecordProtocol::ReadStandardRecordBuffer(System.IO.Stream)	Mono.Security
RecordProtocol_ProcessAlert_m1036912531	System.Void Mono.Security.Protocol.Tls.RecordProtocol::ProcessAlert(Mono.Security.Protocol.Tls.AlertLevel,Mono.Security.Protocol.Tls.AlertDescription)	Mono.Security
RecordProtocol_SendAlert_m1931708341	System.Void Mono.Security.Protocol.Tls.RecordProtocol::SendAlert(Mono.Security.Protocol.Tls.AlertDescription)	Mono.Security
RecordProtocol_SendAlert_m2670098001	System.Void Mono.Security.Protocol.Tls.RecordProtocol::SendAlert(Mono.Security.Protocol.Tls.AlertLevel,Mono.Security.Protocol.Tls.AlertDescription)	Mono.Security
RecordProtocol_SendAlert_m3736432480	System.Void Mono.Security.Protocol.Tls.RecordProtocol::SendAlert(Mono.Security.Protocol.Tls.Alert)	Mono.Security
RecordProtocol_SendChangeCipherSpec_m464005157	System.Void Mono.Security.Protocol.Tls.RecordProtocol::SendChangeCipherSpec()	Mono.Security
RecordProtocol_BeginSendRecord_m615249746	System.IAsyncResult Mono.Security.Protocol.Tls.RecordProtocol::BeginSendRecord(Mono.Security.Protocol.Tls.Handshake.HandshakeType,System.AsyncCallback,System.Object)	Mono.Security
RecordProtocol_InternalSendRecordCallback_m682661965	System.Void Mono.Security.Protocol.Tls.RecordProtocol::InternalSendRecordCallback(System.IAsyncResult)	Mono.Security
RecordProtocol_BeginSendRecord_m3926976520	System.IAsyncResult Mono.Security.Protocol.Tls.RecordProtocol::BeginSendRecord(Mono.Security.Protocol.Tls.ContentType,System.Byte[],System.AsyncCallback,System.Object)	Mono.Security
RecordProtocol_EndSendRecord_m4264777321	System.Void Mono.Security.Protocol.Tls.RecordProtocol::EndSendRecord(System.IAsyncResult)	Mono.Security
RecordProtocol_SendRecord_m927045752	System.Void Mono.Security.Protocol.Tls.RecordProtocol::SendRecord(Mono.Security.Protocol.Tls.ContentType,System.Byte[])	Mono.Security
RecordProtocol_EncodeRecord_m164201598	System.Byte[] Mono.Security.Protocol.Tls.RecordProtocol::EncodeRecord(Mono.Security.Protocol.Tls.ContentType,System.Byte[])	Mono.Security
RecordProtocol_EncodeRecord_m3312835762	System.Byte[] Mono.Security.Protocol.Tls.RecordProtocol::EncodeRecord(Mono.Security.Protocol.Tls.ContentType,System.Byte[],System.Int32,System.Int32)	Mono.Security
RecordProtocol_encryptRecordFragment_m710101985	System.Byte[] Mono.Security.Protocol.Tls.RecordProtocol::encryptRecordFragment(Mono.Security.Protocol.Tls.ContentType,System.Byte[])	Mono.Security
RecordProtocol_decryptRecordFragment_m66623237	System.Byte[] Mono.Security.Protocol.Tls.RecordProtocol::decryptRecordFragment(Mono.Security.Protocol.Tls.ContentType,System.Byte[])	Mono.Security
RecordProtocol_Compare_m4182754688	System.Boolean Mono.Security.Protocol.Tls.RecordProtocol::Compare(System.Byte[],System.Byte[])	Mono.Security
RecordProtocol_ProcessCipherSpecV2Buffer_m487045483	System.Void Mono.Security.Protocol.Tls.RecordProtocol::ProcessCipherSpecV2Buffer(Mono.Security.Protocol.Tls.SecurityProtocolType,System.Byte[])	Mono.Security
RecordProtocol_MapV2CipherCode_m4087331414	Mono.Security.Protocol.Tls.CipherSuite Mono.Security.Protocol.Tls.RecordProtocol::MapV2CipherCode(System.String,System.Int32)	Mono.Security
ReceiveRecordAsyncResult__ctor_m277637112	System.Void Mono.Security.Protocol.Tls.RecordProtocol/ReceiveRecordAsyncResult::.ctor(System.AsyncCallback,System.Object,System.Byte[],System.IO.Stream)	Mono.Security
ReceiveRecordAsyncResult_get_Record_m223479150	System.IO.Stream Mono.Security.Protocol.Tls.RecordProtocol/ReceiveRecordAsyncResult::get_Record()	Mono.Security
ReceiveRecordAsyncResult_get_ResultingBuffer_m1839161335	System.Byte[] Mono.Security.Protocol.Tls.RecordProtocol/ReceiveRecordAsyncResult::get_ResultingBuffer()	Mono.Security
ReceiveRecordAsyncResult_get_InitialBuffer_m2924495696	System.Byte[] Mono.Security.Protocol.Tls.RecordProtocol/ReceiveRecordAsyncResult::get_InitialBuffer()	Mono.Security
ReceiveRecordAsyncResult_get_AsyncState_m431861941	System.Object Mono.Security.Protocol.Tls.RecordProtocol/ReceiveRecordAsyncResult::get_AsyncState()	Mono.Security
ReceiveRecordAsyncResult_get_AsyncException_m631453737	System.Exception Mono.Security.Protocol.Tls.RecordProtocol/ReceiveRecordAsyncResult::get_AsyncException()	Mono.Security
ReceiveRecordAsyncResult_get_CompletedWithError_m2856009536	System.Boolean Mono.Security.Protocol.Tls.RecordProtocol/ReceiveRecordAsyncResult::get_CompletedWithError()	Mono.Security
ReceiveRecordAsyncResult_get_AsyncWaitHandle_m1781023438	System.Threading.WaitHandle Mono.Security.Protocol.Tls.RecordProtocol/ReceiveRecordAsyncResult::get_AsyncWaitHandle()	Mono.Security
ReceiveRecordAsyncResult_get_IsCompleted_m1918259948	System.Boolean Mono.Security.Protocol.Tls.RecordProtocol/ReceiveRecordAsyncResult::get_IsCompleted()	Mono.Security
ReceiveRecordAsyncResult_SetComplete_m1372905673	System.Void Mono.Security.Protocol.Tls.RecordProtocol/ReceiveRecordAsyncResult::SetComplete(System.Exception,System.Byte[])	Mono.Security
ReceiveRecordAsyncResult_SetComplete_m1568733499	System.Void Mono.Security.Protocol.Tls.RecordProtocol/ReceiveRecordAsyncResult::SetComplete(System.Exception)	Mono.Security
ReceiveRecordAsyncResult_SetComplete_m464469214	System.Void Mono.Security.Protocol.Tls.RecordProtocol/ReceiveRecordAsyncResult::SetComplete(System.Byte[])	Mono.Security
SendRecordAsyncResult__ctor_m425551707	System.Void Mono.Security.Protocol.Tls.RecordProtocol/SendRecordAsyncResult::.ctor(System.AsyncCallback,System.Object,Mono.Security.Protocol.Tls.Handshake.HandshakeMessage)	Mono.Security
SendRecordAsyncResult_get_Message_m1204240861	Mono.Security.Protocol.Tls.Handshake.HandshakeMessage Mono.Security.Protocol.Tls.RecordProtocol/SendRecordAsyncResult::get_Message()	Mono.Security
SendRecordAsyncResult_get_AsyncState_m4196194494	System.Object Mono.Security.Protocol.Tls.RecordProtocol/SendRecordAsyncResult::get_AsyncState()	Mono.Security
SendRecordAsyncResult_get_AsyncException_m3556917569	System.Exception Mono.Security.Protocol.Tls.RecordProtocol/SendRecordAsyncResult::get_AsyncException()	Mono.Security
SendRecordAsyncResult_get_CompletedWithError_m3232037803	System.Boolean Mono.Security.Protocol.Tls.RecordProtocol/SendRecordAsyncResult::get_CompletedWithError()	Mono.Security
SendRecordAsyncResult_get_AsyncWaitHandle_m1466641472	System.Threading.WaitHandle Mono.Security.Protocol.Tls.RecordProtocol/SendRecordAsyncResult::get_AsyncWaitHandle()	Mono.Security
SendRecordAsyncResult_get_IsCompleted_m3929307031	System.Boolean Mono.Security.Protocol.Tls.RecordProtocol/SendRecordAsyncResult::get_IsCompleted()	Mono.Security
SendRecordAsyncResult_SetComplete_m153213906	System.Void Mono.Security.Protocol.Tls.RecordProtocol/SendRecordAsyncResult::SetComplete(System.Exception)	Mono.Security
SendRecordAsyncResult_SetComplete_m170417386	System.Void Mono.Security.Protocol.Tls.RecordProtocol/SendRecordAsyncResult::SetComplete()	Mono.Security
RSASslSignatureDeformatter__ctor_m4026549112	System.Void Mono.Security.Protocol.Tls.RSASslSignatureDeformatter::.ctor(System.Security.Cryptography.AsymmetricAlgorithm)	Mono.Security
RSASslSignatureDeformatter_VerifySignature_m1061897602	System.Boolean Mono.Security.Protocol.Tls.RSASslSignatureDeformatter::VerifySignature(System.Byte[],System.Byte[])	Mono.Security
RSASslSignatureDeformatter_SetHashAlgorithm_m895570787	System.Void Mono.Security.Protocol.Tls.RSASslSignatureDeformatter::SetHashAlgorithm(System.String)	Mono.Security
RSASslSignatureDeformatter_SetKey_m2204705853	System.Void Mono.Security.Protocol.Tls.RSASslSignatureDeformatter::SetKey(System.Security.Cryptography.AsymmetricAlgorithm)	Mono.Security
RSASslSignatureFormatter__ctor_m1299283008	System.Void Mono.Security.Protocol.Tls.RSASslSignatureFormatter::.ctor(System.Security.Cryptography.AsymmetricAlgorithm)	Mono.Security
RSASslSignatureFormatter_CreateSignature_m2614788251	System.Byte[] Mono.Security.Protocol.Tls.RSASslSignatureFormatter::CreateSignature(System.Byte[])	Mono.Security
RSASslSignatureFormatter_SetHashAlgorithm_m3864232300	System.Void Mono.Security.Protocol.Tls.RSASslSignatureFormatter::SetHashAlgorithm(System.String)	Mono.Security
RSASslSignatureFormatter_SetKey_m979790541	System.Void Mono.Security.Protocol.Tls.RSASslSignatureFormatter::SetKey(System.Security.Cryptography.AsymmetricAlgorithm)	Mono.Security
SecurityParameters__ctor_m3952189175	System.Void Mono.Security.Protocol.Tls.SecurityParameters::.ctor()	Mono.Security
SecurityParameters_get_Cipher_m108846204	Mono.Security.Protocol.Tls.CipherSuite Mono.Security.Protocol.Tls.SecurityParameters::get_Cipher()	Mono.Security
SecurityParameters_set_Cipher_m588445085	System.Void Mono.Security.Protocol.Tls.SecurityParameters::set_Cipher(Mono.Security.Protocol.Tls.CipherSuite)	Mono.Security
SecurityParameters_get_ClientWriteMAC_m225554750	System.Byte[] Mono.Security.Protocol.Tls.SecurityParameters::get_ClientWriteMAC()	Mono.Security
SecurityParameters_set_ClientWriteMAC_m2984527188	System.Void Mono.Security.Protocol.Tls.SecurityParameters::set_ClientWriteMAC(System.Byte[])	Mono.Security
SecurityParameters_get_ServerWriteMAC_m3430427271	System.Byte[] Mono.Security.Protocol.Tls.SecurityParameters::get_ServerWriteMAC()	Mono.Security
SecurityParameters_set_ServerWriteMAC_m3003817350	System.Void Mono.Security.Protocol.Tls.SecurityParameters::set_ServerWriteMAC(System.Byte[])	Mono.Security
SecurityParameters_Clear_m680574382	System.Void Mono.Security.Protocol.Tls.SecurityParameters::Clear()	Mono.Security
SslCipherSuite__ctor_m1470082018	System.Void Mono.Security.Protocol.Tls.SslCipherSuite::.ctor(System.Int16,System.String,Mono.Security.Protocol.Tls.CipherAlgorithmType,Mono.Security.Protocol.Tls.HashAlgorithmType,Mono.Security.Protocol.Tls.ExchangeAlgorithmType,System.Boolean,System.Boolean,System.Byte,System.Byte,System.Int16,System.Byte,System.Byte)	Mono.Security
SslCipherSuite_ComputeServerRecordMAC_m1297079805	System.Byte[] Mono.Security.Protocol.Tls.SslCipherSuite::ComputeServerRecordMAC(Mono.Security.Protocol.Tls.ContentType,System.Byte[])	Mono.Security
SslCipherSuite_ComputeClientRecordMAC_m3756410489	System.Byte[] Mono.Security.Protocol.Tls.SslCipherSuite::ComputeClientRecordMAC(Mono.Security.Protocol.Tls.ContentType,System.Byte[])	Mono.Security
SslCipherSuite_ComputeMasterSecret_m3963626850	System.Void Mono.Security.Protocol.Tls.SslCipherSuite::ComputeMasterSecret(System.Byte[])	Mono.Security
SslCipherSuite_ComputeKeys_m661027754	System.Void Mono.Security.Protocol.Tls.SslCipherSuite::ComputeKeys()	Mono.Security
SslCipherSuite_prf_m922878400	System.Byte[] Mono.Security.Protocol.Tls.SslCipherSuite::prf(System.Byte[],System.String,System.Byte[])	Mono.Security
SslClientStream__ctor_m2402546929	System.Void Mono.Security.Protocol.Tls.SslClientStream::.ctor(System.IO.Stream,System.String,System.Boolean)	Mono.Security
SslClientStream__ctor_m4190306291	System.Void Mono.Security.Protocol.Tls.SslClientStream::.ctor(System.IO.Stream,System.String,System.Security.Cryptography.X509Certificates.X509Certificate)	Mono.Security
SslClientStream__ctor_m3745813135	System.Void Mono.Security.Protocol.Tls.SslClientStream::.ctor(System.IO.Stream,System.String,System.Security.Cryptography.X509Certificates.X509CertificateCollection)	Mono.Security
SslClientStream__ctor_m3478574780	System.Void Mono.Security.Protocol.Tls.SslClientStream::.ctor(System.IO.Stream,System.String,System.Boolean,Mono.Security.Protocol.Tls.SecurityProtocolType)	Mono.Security
SslClientStream__ctor_m3351906728	System.Void Mono.Security.Protocol.Tls.SslClientStream::.ctor(System.IO.Stream,System.String,System.Boolean,Mono.Security.Protocol.Tls.SecurityProtocolType,System.Security.Cryptography.X509Certificates.X509CertificateCollection)	Mono.Security
SslClientStream_add_ServerCertValidation_m2218216724	System.Void Mono.Security.Protocol.Tls.SslClientStream::add_ServerCertValidation(Mono.Security.Protocol.Tls.CertificateValidationCallback)	Mono.Security
SslClientStream_remove_ServerCertValidation_m1143339871	System.Void Mono.Security.Protocol.Tls.SslClientStream::remove_ServerCertValidation(Mono.Security.Protocol.Tls.CertificateValidationCallback)	Mono.Security
SslClientStream_add_ClientCertSelection_m1387948363	System.Void Mono.Security.Protocol.Tls.SslClientStream::add_ClientCertSelection(Mono.Security.Protocol.Tls.CertificateSelectionCallback)	Mono.Security
SslClientStream_remove_ClientCertSelection_m24681826	System.Void Mono.Security.Protocol.Tls.SslClientStream::remove_ClientCertSelection(Mono.Security.Protocol.Tls.CertificateSelectionCallback)	Mono.Security
SslClientStream_add_PrivateKeySelection_m1663125063	System.Void Mono.Security.Protocol.Tls.SslClientStream::add_PrivateKeySelection(Mono.Security.Protocol.Tls.PrivateKeySelectionCallback)	Mono.Security
SslClientStream_remove_PrivateKeySelection_m3637735463	System.Void Mono.Security.Protocol.Tls.SslClientStream::remove_PrivateKeySelection(Mono.Security.Protocol.Tls.PrivateKeySelectionCallback)	Mono.Security
SslClientStream_add_ServerCertValidation2_m3943665702	System.Void Mono.Security.Protocol.Tls.SslClientStream::add_ServerCertValidation2(Mono.Security.Protocol.Tls.CertificateValidationCallback2)	Mono.Security
SslClientStream_remove_ServerCertValidation2_m4151895043	System.Void Mono.Security.Protocol.Tls.SslClientStream::remove_ServerCertValidation2(Mono.Security.Protocol.Tls.CertificateValidationCallback2)	Mono.Security
SslClientStream_get_InputBuffer_m4092356391	System.IO.Stream Mono.Security.Protocol.Tls.SslClientStream::get_InputBuffer()	Mono.Security
SslClientStream_get_ClientCertificates_m998716871	System.Security.Cryptography.X509Certificates.X509CertificateCollection Mono.Security.Protocol.Tls.SslClientStream::get_ClientCertificates()	Mono.Security
SslClientStream_get_SelectedClientCertificate_m2941927287	System.Security.Cryptography.X509Certificates.X509Certificate Mono.Security.Protocol.Tls.SslClientStream::get_SelectedClientCertificate()	Mono.Security
SslClientStream_get_ServerCertValidationDelegate_m2765155187	Mono.Security.Protocol.Tls.CertificateValidationCallback Mono.Security.Protocol.Tls.SslClientStream::get_ServerCertValidationDelegate()	Mono.Security
SslClientStream_set_ServerCertValidationDelegate_m466396564	System.Void Mono.Security.Protocol.Tls.SslClientStream::set_ServerCertValidationDelegate(Mono.Security.Protocol.Tls.CertificateValidationCallback)	Mono.Security
SslClientStream_get_ClientCertSelectionDelegate_m473995521	Mono.Security.Protocol.Tls.CertificateSelectionCallback Mono.Security.Protocol.Tls.SslClientStream::get_ClientCertSelectionDelegate()	Mono.Security
SslClientStream_set_ClientCertSelectionDelegate_m1261530976	System.Void Mono.Security.Protocol.Tls.SslClientStream::set_ClientCertSelectionDelegate(Mono.Security.Protocol.Tls.CertificateSelectionCallback)	Mono.Security
SslClientStream_get_PrivateKeyCertSelectionDelegate_m3868652817	Mono.Security.Protocol.Tls.PrivateKeySelectionCallback Mono.Security.Protocol.Tls.SslClientStream::get_PrivateKeyCertSelectionDelegate()	Mono.Security
SslClientStream_set_PrivateKeyCertSelectionDelegate_m4100936974	System.Void Mono.Security.Protocol.Tls.SslClientStream::set_PrivateKeyCertSelectionDelegate(Mono.Security.Protocol.Tls.PrivateKeySelectionCallback)	Mono.Security
SslClientStream_Finalize_m1251363641	System.Void Mono.Security.Protocol.Tls.SslClientStream::Finalize()	Mono.Security
SslClientStream_Dispose_m232031134	System.Void Mono.Security.Protocol.Tls.SslClientStream::Dispose(System.Boolean)	Mono.Security
SslClientStream_OnBeginNegotiateHandshake_m3734240069	System.IAsyncResult Mono.Security.Protocol.Tls.SslClientStream::OnBeginNegotiateHandshake(System.AsyncCallback,System.Object)	Mono.Security
SslClientStream_SafeReceiveRecord_m2217679740	System.Void Mono.Security.Protocol.Tls.SslClientStream::SafeReceiveRecord(System.IO.Stream)	Mono.Security
SslClientStream_OnNegotiateHandshakeCallback_m4211921295	System.Void Mono.Security.Protocol.Tls.SslClientStream::OnNegotiateHandshakeCallback(System.IAsyncResult)	Mono.Security
SslClientStream_OnLocalCertificateSelection_m205226847	System.Security.Cryptography.X509Certificates.X509Certificate Mono.Security.Protocol.Tls.SslClientStream::OnLocalCertificateSelection(System.Security.Cryptography.X509Certificates.X509CertificateCollection,System.Security.Cryptography.X509Certificates.X509Certificate,System.String,System.Security.Cryptography.X509Certificates.X509CertificateCollection)	Mono.Security
SslClientStream_get_HaveRemoteValidation2Callback_m2858953511	System.Boolean Mono.Security.Protocol.Tls.SslClientStream::get_HaveRemoteValidation2Callback()	Mono.Security
SslClientStream_OnRemoteCertificateValidation2_m2342781980	Mono.Security.Protocol.Tls.ValidationResult Mono.Security.Protocol.Tls.SslClientStream::OnRemoteCertificateValidation2(Mono.Security.X509.X509CertificateCollection)	Mono.Security
SslClientStream_OnRemoteCertificateValidation_m2343517080	System.Boolean Mono.Security.Protocol.Tls.SslClientStream::OnRemoteCertificateValidation(System.Security.Cryptography.X509Certificates.X509Certificate,System.Int32[])	Mono.Security
SslClientStream_RaiseServerCertificateValidation_m3477149273	System.Boolean Mono.Security.Protocol.Tls.SslClientStream::RaiseServerCertificateValidation(System.Security.Cryptography.X509Certificates.X509Certificate,System.Int32[])	Mono.Security
SslClientStream_RaiseServerCertificateValidation2_m2589974695	Mono.Security.Protocol.Tls.ValidationResult Mono.Security.Protocol.Tls.SslClientStream::RaiseServerCertificateValidation2(Mono.Security.X509.X509CertificateCollection)	Mono.Security
SslClientStream_RaiseClientCertificateSelection_m3936211295	System.Security.Cryptography.X509Certificates.X509Certificate Mono.Security.Protocol.Tls.SslClientStream::RaiseClientCertificateSelection(System.Security.Cryptography.X509Certificates.X509CertificateCollection,System.Security.Cryptography.X509Certificates.X509Certificate,System.String,System.Security.Cryptography.X509Certificates.X509CertificateCollection)	Mono.Security
SslClientStream_OnLocalPrivateKeySelection_m1934775249	System.Security.Cryptography.AsymmetricAlgorithm Mono.Security.Protocol.Tls.SslClientStream::OnLocalPrivateKeySelection(System.Security.Cryptography.X509Certificates.X509Certificate,System.String)	Mono.Security
SslClientStream_RaisePrivateKeySelection_m3394190501	System.Security.Cryptography.AsymmetricAlgorithm Mono.Security.Protocol.Tls.SslClientStream::RaisePrivateKeySelection(System.Security.Cryptography.X509Certificates.X509Certificate,System.String)	Mono.Security
SslHandshakeHash__ctor_m4169387017	System.Void Mono.Security.Protocol.Tls.SslHandshakeHash::.ctor(System.Byte[])	Mono.Security
SslHandshakeHash_Initialize_m290045843	System.Void Mono.Security.Protocol.Tls.SslHandshakeHash::Initialize()	Mono.Security
SslHandshakeHash_HashFinal_m2573455475	System.Byte[] Mono.Security.Protocol.Tls.SslHandshakeHash::HashFinal()	Mono.Security
SslHandshakeHash_HashCore_m2801927991	System.Void Mono.Security.Protocol.Tls.SslHandshakeHash::HashCore(System.Byte[],System.Int32,System.Int32)	Mono.Security
SslHandshakeHash_CreateSignature_m1634235041	System.Byte[] Mono.Security.Protocol.Tls.SslHandshakeHash::CreateSignature(System.Security.Cryptography.RSA)	Mono.Security
SslHandshakeHash_initializePad_m1074089276	System.Void Mono.Security.Protocol.Tls.SslHandshakeHash::initializePad()	Mono.Security
SslStreamBase__ctor_m3009266308	System.Void Mono.Security.Protocol.Tls.SslStreamBase::.ctor(System.IO.Stream,System.Boolean)	Mono.Security
SslStreamBase__cctor_m548992348	System.Void Mono.Security.Protocol.Tls.SslStreamBase::.cctor()	Mono.Security
SslStreamBase_AsyncHandshakeCallback_m2936782521	System.Void Mono.Security.Protocol.Tls.SslStreamBase::AsyncHandshakeCallback(System.IAsyncResult)	Mono.Security
SslStreamBase_get_MightNeedHandshake_m909005056	System.Boolean Mono.Security.Protocol.Tls.SslStreamBase::get_MightNeedHandshake()	Mono.Security
SslStreamBase_NegotiateHandshake_m2455724401	System.Void Mono.Security.Protocol.Tls.SslStreamBase::NegotiateHandshake()	Mono.Security
SslStreamBase_RaiseLocalCertificateSelection_m980106471	System.Security.Cryptography.X509Certificates.X509Certificate Mono.Security.Protocol.Tls.SslStreamBase::RaiseLocalCertificateSelection(System.Security.Cryptography.X509Certificates.X509CertificateCollection,System.Security.Cryptography.X509Certificates.X509Certificate,System.String,System.Security.Cryptography.X509Certificates.X509CertificateCollection)	Mono.Security
SslStreamBase_RaiseRemoteCertificateValidation_m944390272	System.Boolean Mono.Security.Protocol.Tls.SslStreamBase::RaiseRemoteCertificateValidation(System.Security.Cryptography.X509Certificates.X509Certificate,System.Int32[])	Mono.Security
SslStreamBase_RaiseRemoteCertificateValidation2_m2908038766	Mono.Security.Protocol.Tls.ValidationResult Mono.Security.Protocol.Tls.SslStreamBase::RaiseRemoteCertificateValidation2(Mono.Security.X509.X509CertificateCollection)	Mono.Security
SslStreamBase_RaiseLocalPrivateKeySelection_m4112368540	System.Security.Cryptography.AsymmetricAlgorithm Mono.Security.Protocol.Tls.SslStreamBase::RaiseLocalPrivateKeySelection(System.Security.Cryptography.X509Certificates.X509Certificate,System.String)	Mono.Security
SslStreamBase_get_CheckCertRevocationStatus_m2739906607	System.Boolean Mono.Security.Protocol.Tls.SslStreamBase::get_CheckCertRevocationStatus()	Mono.Security
SslStreamBase_set_CheckCertRevocationStatus_m912861213	System.Void Mono.Security.Protocol.Tls.SslStreamBase::set_CheckCertRevocationStatus(System.Boolean)	Mono.Security
SslStreamBase_get_CipherAlgorithm_m2320969781	Mono.Security.Protocol.Tls.CipherAlgorithmType Mono.Security.Protocol.Tls.SslStreamBase::get_CipherAlgorithm()	Mono.Security
SslStreamBase_get_CipherStrength_m449292740	System.Int32 Mono.Security.Protocol.Tls.SslStreamBase::get_CipherStrength()	Mono.Security
SslStreamBase_get_HashAlgorithm_m2687781311	Mono.Security.Protocol.Tls.HashAlgorithmType Mono.Security.Protocol.Tls.SslStreamBase::get_HashAlgorithm()	Mono.Security
SslStreamBase_get_HashStrength_m2770482134	System.Int32 Mono.Security.Protocol.Tls.SslStreamBase::get_HashStrength()	Mono.Security
SslStreamBase_get_KeyExchangeStrength_m217695965	System.Int32 Mono.Security.Protocol.Tls.SslStreamBase::get_KeyExchangeStrength()	Mono.Security
SslStreamBase_get_KeyExchangeAlgorithm_m1073399962	Mono.Security.Protocol.Tls.ExchangeAlgorithmType Mono.Security.Protocol.Tls.SslStreamBase::get_KeyExchangeAlgorithm()	Mono.Security
SslStreamBase_get_SecurityProtocol_m596101988	Mono.Security.Protocol.Tls.SecurityProtocolType Mono.Security.Protocol.Tls.SslStreamBase::get_SecurityProtocol()	Mono.Security
SslStreamBase_get_ServerCertificate_m656316972	System.Security.Cryptography.X509Certificates.X509Certificate Mono.Security.Protocol.Tls.SslStreamBase::get_ServerCertificate()	Mono.Security
SslStreamBase_get_ServerCertificates_m2154373069	Mono.Security.X509.X509CertificateCollection Mono.Security.Protocol.Tls.SslStreamBase::get_ServerCertificates()	Mono.Security
SslStreamBase_BeginNegotiateHandshake_m4180435790	System.Boolean Mono.Security.Protocol.Tls.SslStreamBase::BeginNegotiateHandshake(Mono.Security.Protocol.Tls.SslStreamBase/InternalAsyncResult)	Mono.Security
SslStreamBase_EndNegotiateHandshake_m1124299797	System.Void Mono.Security.Protocol.Tls.SslStreamBase::EndNegotiateHandshake(Mono.Security.Protocol.Tls.SslStreamBase/InternalAsyncResult)	Mono.Security
SslStreamBase_BeginRead_m3146234303	System.IAsyncResult Mono.Security.Protocol.Tls.SslStreamBase::BeginRead(System.Byte[],System.Int32,System.Int32,System.AsyncCallback,System.Object)	Mono.Security
SslStreamBase_InternalBeginRead_m3419999901	System.Void Mono.Security.Protocol.Tls.SslStreamBase::InternalBeginRead(Mono.Security.Protocol.Tls.SslStreamBase/InternalAsyncResult)	Mono.Security
SslStreamBase_InternalReadCallback_m3350299308	System.Void Mono.Security.Protocol.Tls.SslStreamBase::InternalReadCallback(System.IAsyncResult)	Mono.Security
SslStreamBase_InternalBeginWrite_m1722032773	System.Void Mono.Security.Protocol.Tls.SslStreamBase::InternalBeginWrite(Mono.Security.Protocol.Tls.SslStreamBase/InternalAsyncResult)	Mono.Security
SslStreamBase_InternalWriteCallback_m3466627959	System.Void Mono.Security.Protocol.Tls.SslStreamBase::InternalWriteCallback(System.IAsyncResult)	Mono.Security
SslStreamBase_BeginWrite_m2003981130	System.IAsyncResult Mono.Security.Protocol.Tls.SslStreamBase::BeginWrite(System.Byte[],System.Int32,System.Int32,System.AsyncCallback,System.Object)	Mono.Security
SslStreamBase_EndRead_m495357226	System.Int32 Mono.Security.Protocol.Tls.SslStreamBase::EndRead(System.IAsyncResult)	Mono.Security
SslStreamBase_EndWrite_m4073224031	System.Void Mono.Security.Protocol.Tls.SslStreamBase::EndWrite(System.IAsyncResult)	Mono.Security
SslStreamBase_Close_m967013602	System.Void Mono.Security.Protocol.Tls.SslStreamBase::Close()	Mono.Security
SslStreamBase_Flush_m3601530442	System.Void Mono.Security.Protocol.Tls.SslStreamBase::Flush()	Mono.Security
SslStreamBase_Read_m2534198002	System.Int32 Mono.Security.Protocol.Tls.SslStreamBase::Read(System.Byte[])	Mono.Security
SslStreamBase_Read_m231548581	System.Int32 Mono.Security.Protocol.Tls.SslStreamBase::Read(System.Byte[],System.Int32,System.Int32)	Mono.Security
SslStreamBase_Seek_m270320723	System.Int64 Mono.Security.Protocol.Tls.SslStreamBase::Seek(System.Int64,System.IO.SeekOrigin)	Mono.Security
SslStreamBase_SetLength_m844764688	System.Void Mono.Security.Protocol.Tls.SslStreamBase::SetLength(System.Int64)	Mono.Security
SslStreamBase_Write_m1052022549	System.Void Mono.Security.Protocol.Tls.SslStreamBase::Write(System.Byte[])	Mono.Security
SslStreamBase_Write_m2024331816	System.Void Mono.Security.Protocol.Tls.SslStreamBase::Write(System.Byte[],System.Int32,System.Int32)	Mono.Security
SslStreamBase_get_CanRead_m2005873964	System.Boolean Mono.Security.Protocol.Tls.SslStreamBase::get_CanRead()	Mono.Security
SslStreamBase_get_CanSeek_m701584365	System.Boolean Mono.Security.Protocol.Tls.SslStreamBase::get_CanSeek()	Mono.Security
SslStreamBase_get_CanWrite_m1622082918	System.Boolean Mono.Security.Protocol.Tls.SslStreamBase::get_CanWrite()	Mono.Security
SslStreamBase_get_Length_m561490526	System.Int64 Mono.Security.Protocol.Tls.SslStreamBase::get_Length()	Mono.Security
SslStreamBase_get_Position_m3505809821	System.Int64 Mono.Security.Protocol.Tls.SslStreamBase::get_Position()	Mono.Security
SslStreamBase_set_Position_m1470736124	System.Void Mono.Security.Protocol.Tls.SslStreamBase::set_Position(System.Int64)	Mono.Security
SslStreamBase_Finalize_m3260913635	System.Void Mono.Security.Protocol.Tls.SslStreamBase::Finalize()	Mono.Security
SslStreamBase_Dispose_m3190415328	System.Void Mono.Security.Protocol.Tls.SslStreamBase::Dispose(System.Boolean)	Mono.Security
SslStreamBase_resetBuffer_m3910686848	System.Void Mono.Security.Protocol.Tls.SslStreamBase::resetBuffer()	Mono.Security
SslStreamBase_checkDisposed_m1981591244	System.Void Mono.Security.Protocol.Tls.SslStreamBase::checkDisposed()	Mono.Security
InternalAsyncResult__ctor_m2194591319	System.Void Mono.Security.Protocol.Tls.SslStreamBase/InternalAsyncResult::.ctor(System.AsyncCallback,System.Object,System.Byte[],System.Int32,System.Int32,System.Boolean,System.Boolean)	Mono.Security
InternalAsyncResult_get_ProceedAfterHandshake_m2508379800	System.Boolean Mono.Security.Protocol.Tls.SslStreamBase/InternalAsyncResult::get_ProceedAfterHandshake()	Mono.Security
InternalAsyncResult_get_FromWrite_m4228047810	System.Boolean Mono.Security.Protocol.Tls.SslStreamBase/InternalAsyncResult::get_FromWrite()	Mono.Security
InternalAsyncResult_get_Buffer_m228115020	System.Byte[] Mono.Security.Protocol.Tls.SslStreamBase/InternalAsyncResult::get_Buffer()	Mono.Security
InternalAsyncResult_get_Offset_m2101861835	System.Int32 Mono.Security.Protocol.Tls.SslStreamBase/InternalAsyncResult::get_Offset()	Mono.Security
InternalAsyncResult_get_Count_m2015941083	System.Int32 Mono.Security.Protocol.Tls.SslStreamBase/InternalAsyncResult::get_Count()	Mono.Security
InternalAsyncResult_get_BytesRead_m3975435112	System.Int32 Mono.Security.Protocol.Tls.SslStreamBase/InternalAsyncResult::get_BytesRead()	Mono.Security
InternalAsyncResult_get_AsyncState_m1436290550	System.Object Mono.Security.Protocol.Tls.SslStreamBase/InternalAsyncResult::get_AsyncState()	Mono.Security
InternalAsyncResult_get_AsyncException_m3185530354	System.Exception Mono.Security.Protocol.Tls.SslStreamBase/InternalAsyncResult::get_AsyncException()	Mono.Security
InternalAsyncResult_get_CompletedWithError_m3777099678	System.Boolean Mono.Security.Protocol.Tls.SslStreamBase/InternalAsyncResult::get_CompletedWithError()	Mono.Security
InternalAsyncResult_get_AsyncWaitHandle_m2580490319	System.Threading.WaitHandle Mono.Security.Protocol.Tls.SslStreamBase/InternalAsyncResult::get_AsyncWaitHandle()	Mono.Security
InternalAsyncResult_get_IsCompleted_m2607263611	System.Boolean Mono.Security.Protocol.Tls.SslStreamBase/InternalAsyncResult::get_IsCompleted()	Mono.Security
InternalAsyncResult_SetComplete_m3332189472	System.Void Mono.Security.Protocol.Tls.SslStreamBase/InternalAsyncResult::SetComplete(System.Exception,System.Int32)	Mono.Security
InternalAsyncResult_SetComplete_m693091794	System.Void Mono.Security.Protocol.Tls.SslStreamBase/InternalAsyncResult::SetComplete(System.Exception)	Mono.Security
InternalAsyncResult_SetComplete_m963842420	System.Void Mono.Security.Protocol.Tls.SslStreamBase/InternalAsyncResult::SetComplete(System.Int32)	Mono.Security
InternalAsyncResult_SetComplete_m544889140	System.Void Mono.Security.Protocol.Tls.SslStreamBase/InternalAsyncResult::SetComplete()	Mono.Security
TlsCipherSuite__ctor_m3580955828	System.Void Mono.Security.Protocol.Tls.TlsCipherSuite::.ctor(System.Int16,System.String,Mono.Security.Protocol.Tls.CipherAlgorithmType,Mono.Security.Protocol.Tls.HashAlgorithmType,Mono.Security.Protocol.Tls.ExchangeAlgorithmType,System.Boolean,System.Boolean,System.Byte,System.Byte,System.Int16,System.Byte,System.Byte)	Mono.Security
TlsCipherSuite_ComputeServerRecordMAC_m3941098609	System.Byte[] Mono.Security.Protocol.Tls.TlsCipherSuite::ComputeServerRecordMAC(Mono.Security.Protocol.Tls.ContentType,System.Byte[])	Mono.Security
TlsCipherSuite_ComputeClientRecordMAC_m886198623	System.Byte[] Mono.Security.Protocol.Tls.TlsCipherSuite::ComputeClientRecordMAC(Mono.Security.Protocol.Tls.ContentType,System.Byte[])	Mono.Security
TlsCipherSuite_ComputeMasterSecret_m362444953	System.Void Mono.Security.Protocol.Tls.TlsCipherSuite::ComputeMasterSecret(System.Byte[])	Mono.Security
TlsCipherSuite_ComputeKeys_m1386728983	System.Void Mono.Security.Protocol.Tls.TlsCipherSuite::ComputeKeys()	Mono.Security
TlsClientSettings__ctor_m3220697265	System.Void Mono.Security.Protocol.Tls.TlsClientSettings::.ctor()	Mono.Security
TlsClientSettings_get_TargetHost_m2463481414	System.String Mono.Security.Protocol.Tls.TlsClientSettings::get_TargetHost()	Mono.Security
TlsClientSettings_set_TargetHost_m3350021121	System.Void Mono.Security.Protocol.Tls.TlsClientSettings::set_TargetHost(System.String)	Mono.Security
TlsClientSettings_get_Certificates_m2671943654	System.Security.Cryptography.X509Certificates.X509CertificateCollection Mono.Security.Protocol.Tls.TlsClientSettings::get_Certificates()	Mono.Security
TlsClientSettings_set_Certificates_m3887201895	System.Void Mono.Security.Protocol.Tls.TlsClientSettings::set_Certificates(System.Security.Cryptography.X509Certificates.X509CertificateCollection)	Mono.Security
TlsClientSettings_get_ClientCertificate_m3139459118	System.Security.Cryptography.X509Certificates.X509Certificate Mono.Security.Protocol.Tls.TlsClientSettings::get_ClientCertificate()	Mono.Security
TlsClientSettings_set_ClientCertificate_m3374228612	System.Void Mono.Security.Protocol.Tls.TlsClientSettings::set_ClientCertificate(System.Security.Cryptography.X509Certificates.X509Certificate)	Mono.Security
TlsClientSettings_UpdateCertificateRSA_m3878128853	System.Void Mono.Security.Protocol.Tls.TlsClientSettings::UpdateCertificateRSA()	Mono.Security
TlsException__ctor_m3652817735	System.Void Mono.Security.Protocol.Tls.TlsException::.ctor(System.String)	Mono.Security
TlsException__ctor_m2342093437	System.Void Mono.Security.Protocol.Tls.TlsException::.ctor(System.Runtime.Serialization.SerializationInfo,System.Runtime.Serialization.StreamingContext)	Mono.Security
TlsException__ctor_m596254082	System.Void Mono.Security.Protocol.Tls.TlsException::.ctor(Mono.Security.Protocol.Tls.AlertLevel,Mono.Security.Protocol.Tls.AlertDescription)	Mono.Security
TlsException__ctor_m3717683709	System.Void Mono.Security.Protocol.Tls.TlsException::.ctor(Mono.Security.Protocol.Tls.AlertLevel,Mono.Security.Protocol.Tls.AlertDescription,System.String)	Mono.Security
TlsException__ctor_m818940807	System.Void Mono.Security.Protocol.Tls.TlsException::.ctor(Mono.Security.Protocol.Tls.AlertDescription)	Mono.Security
TlsException__ctor_m3242533711	System.Void Mono.Security.Protocol.Tls.TlsException::.ctor(Mono.Security.Protocol.Tls.AlertDescription,System.String)	Mono.Security
TlsException_get_Alert_m1206526559	Mono.Security.Protocol.Tls.Alert Mono.Security.Protocol.Tls.TlsException::get_Alert()	Mono.Security
TlsServerSettings__ctor_m373357120	System.Void Mono.Security.Protocol.Tls.TlsServerSettings::.ctor()	Mono.Security
TlsServerSettings_get_ServerKeyExchange_m691183033	System.Boolean Mono.Security.Protocol.Tls.TlsServerSettings::get_ServerKeyExchange()	Mono.Security
TlsServerSettings_set_ServerKeyExchange_m3302765325	System.Void Mono.Security.Protocol.Tls.TlsServerSettings::set_ServerKeyExchange(System.Boolean)	Mono.Security
TlsServerSettings_get_Certificates_m3981837031	Mono.Security.X509.X509CertificateCollection Mono.Security.Protocol.Tls.TlsServerSettings::get_Certificates()	Mono.Security
TlsServerSettings_set_Certificates_m3313375596	System.Void Mono.Security.Protocol.Tls.TlsServerSettings::set_Certificates(Mono.Security.X509.X509CertificateCollection)	Mono.Security
TlsServerSettings_get_CertificateRSA_m597274968	System.Security.Cryptography.RSA Mono.Security.Protocol.Tls.TlsServerSettings::get_CertificateRSA()	Mono.Security
TlsServerSettings_get_RsaParameters_m2264301690	System.Security.Cryptography.RSAParameters Mono.Security.Protocol.Tls.TlsServerSettings::get_RsaParameters()	Mono.Security
TlsServerSettings_set_RsaParameters_m853026166	System.Void Mono.Security.Protocol.Tls.TlsServerSettings::set_RsaParameters(System.Security.Cryptography.RSAParameters)	Mono.Security
TlsServerSettings_set_SignedParams_m3618693098	System.Void Mono.Security.Protocol.Tls.TlsServerSettings::set_SignedParams(System.Byte[])	Mono.Security
TlsServerSettings_get_CertificateRequest_m842655670	System.Boolean Mono.Security.Protocol.Tls.TlsServerSettings::get_CertificateRequest()	Mono.Security
TlsServerSettings_set_CertificateRequest_m1039729760	System.Void Mono.Security.Protocol.Tls.TlsServerSettings::set_CertificateRequest(System.Boolean)	Mono.Security
TlsServerSettings_set_CertificateTypes_m2047242411	System.Void Mono.Security.Protocol.Tls.TlsServerSettings::set_CertificateTypes(Mono.Security.Protocol.Tls.Handshake.ClientCertificateType[])	Mono.Security
TlsServerSettings_set_DistinguisedNames_m787752700	System.Void Mono.Security.Protocol.Tls.TlsServerSettings::set_DistinguisedNames(System.String[])	Mono.Security
TlsServerSettings_UpdateCertificateRSA_m3985265846	System.Void Mono.Security.Protocol.Tls.TlsServerSettings::UpdateCertificateRSA()	Mono.Security
TlsStream__ctor_m787793111	System.Void Mono.Security.Protocol.Tls.TlsStream::.ctor()	Mono.Security
TlsStream__ctor_m277557575	System.Void Mono.Security.Protocol.Tls.TlsStream::.ctor(System.Byte[])	Mono.Security
TlsStream_get_EOF_m953226442	System.Boolean Mono.Security.Protocol.Tls.TlsStream::get_EOF()	Mono.Security
TlsStream_get_CanWrite_m16389328	System.Boolean Mono.Security.Protocol.Tls.TlsStream::get_CanWrite()	Mono.Security
TlsStream_get_CanRead_m2847511450	System.Boolean Mono.Security.Protocol.Tls.TlsStream::get_CanRead()	Mono.Security
TlsStream_get_CanSeek_m1261421145	System.Boolean Mono.Security.Protocol.Tls.TlsStream::get_CanSeek()	Mono.Security
TlsStream_get_Position_m1904146856	System.Int64 Mono.Security.Protocol.Tls.TlsStream::get_Position()	Mono.Security
TlsStream_set_Position_m3867366920	System.Void Mono.Security.Protocol.Tls.TlsStream::set_Position(System.Int64)	Mono.Security
TlsStream_get_Length_m1907852793	System.Int64 Mono.Security.Protocol.Tls.TlsStream::get_Length()	Mono.Security
TlsStream_ReadSmallValue_m2559586275	System.Byte[] Mono.Security.Protocol.Tls.TlsStream::ReadSmallValue(System.Int32)	Mono.Security
TlsStream_ReadByte_m3396126844	System.Byte Mono.Security.Protocol.Tls.TlsStream::ReadByte()	Mono.Security
TlsStream_ReadInt16_m1728211431	System.Int16 Mono.Security.Protocol.Tls.TlsStream::ReadInt16()	Mono.Security
TlsStream_ReadInt24_m3096782201	System.Int32 Mono.Security.Protocol.Tls.TlsStream::ReadInt24()	Mono.Security
TlsStream_ReadBytes_m2334803179	System.Byte[] Mono.Security.Protocol.Tls.TlsStream::ReadBytes(System.Int32)	Mono.Security
TlsStream_Write_m4246040664	System.Void Mono.Security.Protocol.Tls.TlsStream::Write(System.Byte)	Mono.Security
TlsStream_Write_m1412844442	System.Void Mono.Security.Protocol.Tls.TlsStream::Write(System.Int16)	Mono.Security
TlsStream_WriteInt24_m58952549	System.Void Mono.Security.Protocol.Tls.TlsStream::WriteInt24(System.Int32)	Mono.Security
TlsStream_Write_m1413106584	System.Void Mono.Security.Protocol.Tls.TlsStream::Write(System.Int32)	Mono.Security
TlsStream_Write_m4133894341	System.Void Mono.Security.Protocol.Tls.TlsStream::Write(System.Byte[])	Mono.Security
TlsStream_Reset_m369197964	System.Void Mono.Security.Protocol.Tls.TlsStream::Reset()	Mono.Security
TlsStream_ToArray_m4177184296	System.Byte[] Mono.Security.Protocol.Tls.TlsStream::ToArray()	Mono.Security
TlsStream_Flush_m3793197834	System.Void Mono.Security.Protocol.Tls.TlsStream::Flush()	Mono.Security
TlsStream_SetLength_m2444039643	System.Void Mono.Security.Protocol.Tls.TlsStream::SetLength(System.Int64)	Mono.Security
TlsStream_Seek_m895611617	System.Int64 Mono.Security.Protocol.Tls.TlsStream::Seek(System.Int64,System.IO.SeekOrigin)	Mono.Security
TlsStream_Read_m3392972801	System.Int32 Mono.Security.Protocol.Tls.TlsStream::Read(System.Byte[],System.Int32,System.Int32)	Mono.Security
TlsStream_Write_m188217214	System.Void Mono.Security.Protocol.Tls.TlsStream::Write(System.Byte[],System.Int32,System.Int32)	Mono.Security
ValidationResult_get_Trusted_m2108852505	System.Boolean Mono.Security.Protocol.Tls.ValidationResult::get_Trusted()	Mono.Security
ValidationResult_get_ErrorCode_m1533688152	System.Int32 Mono.Security.Protocol.Tls.ValidationResult::get_ErrorCode()	Mono.Security
AuthorityKeyIdentifierExtension__ctor_m2197389230	System.Void Mono.Security.X509.Extensions.AuthorityKeyIdentifierExtension::.ctor(Mono.Security.X509.X509Extension)	Mono.Security
AuthorityKeyIdentifierExtension_Decode_m1082741678	System.Void Mono.Security.X509.Extensions.AuthorityKeyIdentifierExtension::Decode()	Mono.Security
AuthorityKeyIdentifierExtension_get_Identifier_m4081788918	System.Byte[] Mono.Security.X509.Extensions.AuthorityKeyIdentifierExtension::get_Identifier()	Mono.Security
AuthorityKeyIdentifierExtension_ToString_m1643863557	System.String Mono.Security.X509.Extensions.AuthorityKeyIdentifierExtension::ToString()	Mono.Security
BasicConstraintsExtension__ctor_m3191645544	System.Void Mono.Security.X509.Extensions.BasicConstraintsExtension::.ctor(Mono.Security.X509.X509Extension)	Mono.Security
BasicConstraintsExtension_Decode_m2935957709	System.Void Mono.Security.X509.Extensions.BasicConstraintsExtension::Decode()	Mono.Security
BasicConstraintsExtension_Encode_m2009213240	System.Void Mono.Security.X509.Extensions.BasicConstraintsExtension::Encode()	Mono.Security
BasicConstraintsExtension_get_CertificateAuthority_m391198292	System.Boolean Mono.Security.X509.Extensions.BasicConstraintsExtension::get_CertificateAuthority()	Mono.Security
BasicConstraintsExtension_ToString_m2170556997	System.String Mono.Security.X509.Extensions.BasicConstraintsExtension::ToString()	Mono.Security
ExtendedKeyUsageExtension__ctor_m3228998638	System.Void Mono.Security.X509.Extensions.ExtendedKeyUsageExtension::.ctor(Mono.Security.X509.X509Extension)	Mono.Security
ExtendedKeyUsageExtension_Decode_m2326833343	System.Void Mono.Security.X509.Extensions.ExtendedKeyUsageExtension::Decode()	Mono.Security
ExtendedKeyUsageExtension_Encode_m2182457162	System.Void Mono.Security.X509.Extensions.ExtendedKeyUsageExtension::Encode()	Mono.Security
ExtendedKeyUsageExtension_get_KeyPurpose_m187586919	System.Collections.ArrayList Mono.Security.X509.Extensions.ExtendedKeyUsageExtension::get_KeyPurpose()	Mono.Security
ExtendedKeyUsageExtension_ToString_m2116504780	System.String Mono.Security.X509.Extensions.ExtendedKeyUsageExtension::ToString()	Mono.Security
GeneralNames__ctor_m3642449536	System.Void Mono.Security.X509.Extensions.GeneralNames::.ctor(Mono.Security.ASN1)	Mono.Security
GeneralNames_get_DNSNames_m3788548987	System.String[] Mono.Security.X509.Extensions.GeneralNames::get_DNSNames()	Mono.Security
GeneralNames_get_IPAddresses_m4242915644	System.String[] Mono.Security.X509.Extensions.GeneralNames::get_IPAddresses()	Mono.Security
GeneralNames_ToString_m489778282	System.String Mono.Security.X509.Extensions.GeneralNames::ToString()	Mono.Security
KeyUsageExtension__ctor_m3414452076	System.Void Mono.Security.X509.Extensions.KeyUsageExtension::.ctor(Mono.Security.X509.X509Extension)	Mono.Security
KeyUsageExtension_Decode_m1408685233	System.Void Mono.Security.X509.Extensions.KeyUsageExtension::Decode()	Mono.Security
KeyUsageExtension_Encode_m2561267096	System.Void Mono.Security.X509.Extensions.KeyUsageExtension::Encode()	Mono.Security
KeyUsageExtension_Support_m3508856672	System.Boolean Mono.Security.X509.Extensions.KeyUsageExtension::Support(Mono.Security.X509.Extensions.KeyUsages)	Mono.Security
KeyUsageExtension_ToString_m3134109315	System.String Mono.Security.X509.Extensions.KeyUsageExtension::ToString()	Mono.Security
NetscapeCertTypeExtension__ctor_m323882095	System.Void Mono.Security.X509.Extensions.NetscapeCertTypeExtension::.ctor(Mono.Security.X509.X509Extension)	Mono.Security
NetscapeCertTypeExtension_Decode_m251886799	System.Void Mono.Security.X509.Extensions.NetscapeCertTypeExtension::Decode()	Mono.Security
NetscapeCertTypeExtension_Support_m3981181230	System.Boolean Mono.Security.X509.Extensions.NetscapeCertTypeExtension::Support(Mono.Security.X509.Extensions.NetscapeCertTypeExtension/CertTypes)	Mono.Security
NetscapeCertTypeExtension_ToString_m1800688476	System.String Mono.Security.X509.Extensions.NetscapeCertTypeExtension::ToString()	Mono.Security
SubjectAltNameExtension__ctor_m1991362362	System.Void Mono.Security.X509.Extensions.SubjectAltNameExtension::.ctor(Mono.Security.X509.X509Extension)	Mono.Security
SubjectAltNameExtension_Decode_m2617923884	System.Void Mono.Security.X509.Extensions.SubjectAltNameExtension::Decode()	Mono.Security
SubjectAltNameExtension_get_DNSNames_m2346000460	System.String[] Mono.Security.X509.Extensions.SubjectAltNameExtension::get_DNSNames()	Mono.Security
SubjectAltNameExtension_get_IPAddresses_m1641002124	System.String[] Mono.Security.X509.Extensions.SubjectAltNameExtension::get_IPAddresses()	Mono.Security
SubjectAltNameExtension_ToString_m3628154311	System.String Mono.Security.X509.Extensions.SubjectAltNameExtension::ToString()	Mono.Security
PKCS12__ctor_m1854440921	System.Void Mono.Security.X509.PKCS12::.ctor()	Mono.Security
PKCS12__ctor_m1587304645	System.Void Mono.Security.X509.PKCS12::.ctor(System.Byte[])	Mono.Security
PKCS12__ctor_m3378639364	System.Void Mono.Security.X509.PKCS12::.ctor(System.Byte[],System.String)	Mono.Security
PKCS12__cctor_m3271060407	System.Void Mono.Security.X509.PKCS12::.cctor()	Mono.Security
PKCS12_Decode_m163534693	System.Void Mono.Security.X509.PKCS12::Decode(System.Byte[])	Mono.Security
PKCS12_Finalize_m507756088	System.Void Mono.Security.X509.PKCS12::Finalize()	Mono.Security
PKCS12_set_Password_m4088935795	System.Void Mono.Security.X509.PKCS12::set_Password(System.String)	Mono.Security
PKCS12_get_IterationCount_m3005687235	System.Int32 Mono.Security.X509.PKCS12::get_IterationCount()	Mono.Security
PKCS12_set_IterationCount_m2605460921	System.Void Mono.Security.X509.PKCS12::set_IterationCount(System.Int32)	Mono.Security
PKCS12_get_Keys_m2165478388	System.Collections.ArrayList Mono.Security.X509.PKCS12::get_Keys()	Mono.Security
PKCS12_get_Certificates_m26161562	Mono.Security.X509.X509CertificateCollection Mono.Security.X509.PKCS12::get_Certificates()	Mono.Security
PKCS12_get_RNG_m64541056	System.Security.Cryptography.RandomNumberGenerator Mono.Security.X509.PKCS12::get_RNG()	Mono.Security
PKCS12_Compare_m219153845	System.Boolean Mono.Security.X509.PKCS12::Compare(System.Byte[],System.Byte[])	Mono.Security
PKCS12_GetSymmetricAlgorithm_m3480654844	System.Security.Cryptography.SymmetricAlgorithm Mono.Security.X509.PKCS12::GetSymmetricAlgorithm(System.String,System.Byte[],System.Int32)	Mono.Security
PKCS12_Decrypt_m1280162536	System.Byte[] Mono.Security.X509.PKCS12::Decrypt(System.String,System.Byte[],System.Int32,System.Byte[])	Mono.Security
PKCS12_Decrypt_m3441995779	System.Byte[] Mono.Security.X509.PKCS12::Decrypt(Mono.Security.PKCS7/EncryptedData)	Mono.Security
PKCS12_Encrypt_m3618991685	System.Byte[] Mono.Security.X509.PKCS12::Encrypt(System.String,System.Byte[],System.Int32,System.Byte[])	Mono.Security
PKCS12_GetExistingParameters_m3446652479	System.Security.Cryptography.DSAParameters Mono.Security.X509.PKCS12::GetExistingParameters(System.Boolean&)	Mono.Security
PKCS12_AddPrivateKey_m1877554254	System.Void Mono.Security.X509.PKCS12::AddPrivateKey(Mono.Security.Cryptography.PKCS8/PrivateKeyInfo)	Mono.Security
PKCS12_ReadSafeBag_m3435973087	System.Void Mono.Security.X509.PKCS12::ReadSafeBag(Mono.Security.ASN1)	Mono.Security
PKCS12_CertificateSafeBag_m1505366012	Mono.Security.ASN1 Mono.Security.X509.PKCS12::CertificateSafeBag(Mono.Security.X509.X509Certificate,System.Collections.IDictionary)	Mono.Security
PKCS12_MAC_m3355614022	System.Byte[] Mono.Security.X509.PKCS12::MAC(System.Byte[],System.Byte[],System.Int32,System.Byte[])	Mono.Security
PKCS12_GetBytes_m415958948	System.Byte[] Mono.Security.X509.PKCS12::GetBytes()	Mono.Security
PKCS12_EncryptedContentInfo_m729936927	Mono.Security.PKCS7/ContentInfo Mono.Security.X509.PKCS12::EncryptedContentInfo(Mono.Security.ASN1,System.String)	Mono.Security
PKCS12_AddCertificate_m3679554094	System.Void Mono.Security.X509.PKCS12::AddCertificate(Mono.Security.X509.X509Certificate)	Mono.Security
PKCS12_AddCertificate_m3820167082	System.Void Mono.Security.X509.PKCS12::AddCertificate(Mono.Security.X509.X509Certificate,System.Collections.IDictionary)	Mono.Security
PKCS12_RemoveCertificate_m3555301339	System.Void Mono.Security.X509.PKCS12::RemoveCertificate(Mono.Security.X509.X509Certificate)	Mono.Security
PKCS12_RemoveCertificate_m2774912578	System.Void Mono.Security.X509.PKCS12::RemoveCertificate(Mono.Security.X509.X509Certificate,System.Collections.IDictionary)	Mono.Security
PKCS12_Clone_m2085085101	System.Object Mono.Security.X509.PKCS12::Clone()	Mono.Security
PKCS12_get_MaximumPasswordLength_m3603260090	System.Int32 Mono.Security.X509.PKCS12::get_MaximumPasswordLength()	Mono.Security
DeriveBytes__ctor_m2211845228	System.Void Mono.Security.X509.PKCS12/DeriveBytes::.ctor()	Mono.Security
DeriveBytes__cctor_m3019062497	System.Void Mono.Security.X509.PKCS12/DeriveBytes::.cctor()	Mono.Security
DeriveBytes_set_HashName_m3612196732	System.Void Mono.Security.X509.PKCS12/DeriveBytes::set_HashName(System.String)	Mono.Security
DeriveBytes_set_IterationCount_m3824132378	System.Void Mono.Security.X509.PKCS12/DeriveBytes::set_IterationCount(System.Int32)	Mono.Security
DeriveBytes_set_Password_m4086840123	System.Void Mono.Security.X509.PKCS12/DeriveBytes::set_Password(System.Byte[])	Mono.Security
DeriveBytes_set_Salt_m1400945044	System.Void Mono.Security.X509.PKCS12/DeriveBytes::set_Salt(System.Byte[])	Mono.Security
DeriveBytes_Adjust_m1814768799	System.Void Mono.Security.X509.PKCS12/DeriveBytes::Adjust(System.Byte[],System.Int32,System.Byte[])	Mono.Security
DeriveBytes_Derive_m1232352666	System.Byte[] Mono.Security.X509.PKCS12/DeriveBytes::Derive(System.Byte[],System.Int32)	Mono.Security
DeriveBytes_DeriveKey_m2933043667	System.Byte[] Mono.Security.X509.PKCS12/DeriveBytes::DeriveKey(System.Int32)	Mono.Security
DeriveBytes_DeriveIV_m973925711	System.Byte[] Mono.Security.X509.PKCS12/DeriveBytes::DeriveIV(System.Int32)	Mono.Security
DeriveBytes_DeriveMAC_m2121691743	System.Byte[] Mono.Security.X509.PKCS12/DeriveBytes::DeriveMAC(System.Int32)	Mono.Security
SafeBag__ctor_m3881032521	System.Void Mono.Security.X509.SafeBag::.ctor(System.String,Mono.Security.ASN1)	Mono.Security
SafeBag_get_BagOID_m2153399743	System.String Mono.Security.X509.SafeBag::get_BagOID()	Mono.Security
SafeBag_get_ASN1_m2293701606	Mono.Security.ASN1 Mono.Security.X509.SafeBag::get_ASN1()	Mono.Security
X501__cctor_m2428304915	System.Void Mono.Security.X509.X501::.cctor()	Mono.Security
X501_ToString_m2260475203	System.String Mono.Security.X509.X501::ToString(Mono.Security.ASN1)	Mono.Security
X501_ToString_m1148552872	System.String Mono.Security.X509.X501::ToString(Mono.Security.ASN1,System.Boolean,System.String,System.Boolean)	Mono.Security
X501_AppendEntry_m2479013363	System.Void Mono.Security.X509.X501::AppendEntry(System.Text.StringBuilder,Mono.Security.ASN1,System.Boolean)	Mono.Security
X509Certificate__ctor_m2595927506	System.Void Mono.Security.X509.X509Certificate::.ctor(System.Byte[])	Mono.Security
X509Certificate__cctor_m1746020738	System.Void Mono.Security.X509.X509Certificate::.cctor()	Mono.Security
X509Certificate_Parse_m54358579	System.Void Mono.Security.X509.X509Certificate::Parse(System.Byte[])	Mono.Security
X509Certificate_GetUnsignedBigInteger_m877462855	System.Byte[] Mono.Security.X509.X509Certificate::GetUnsignedBigInteger(System.Byte[])	Mono.Security
X509Certificate_get_DSA_m565099499	System.Security.Cryptography.DSA Mono.Security.X509.X509Certificate::get_DSA()	Mono.Security
X509Certificate_set_DSA_m1073880156	System.Void Mono.Security.X509.X509Certificate::set_DSA(System.Security.Cryptography.DSA)	Mono.Security
X509Certificate_get_Extensions_m1217872579	Mono.Security.X509.X509ExtensionCollection Mono.Security.X509.X509Certificate::get_Extensions()	Mono.Security
X509Certificate_get_Hash_m410033711	System.Byte[] Mono.Security.X509.X509Certificate::get_Hash()	Mono.Security
X509Certificate_get_IssuerName_m47554030	System.String Mono.Security.X509.X509Certificate::get_IssuerName()	Mono.Security
X509Certificate_get_KeyAlgorithm_m3935660380	System.String Mono.Security.X509.X509Certificate::get_KeyAlgorithm()	Mono.Security
X509Certificate_get_KeyAlgorithmParameters_m3698130868	System.Byte[] Mono.Security.X509.X509Certificate::get_KeyAlgorithmParameters()	Mono.Security
X509Certificate_set_KeyAlgorithmParameters_m2010117999	System.Void Mono.Security.X509.X509Certificate::set_KeyAlgorithmParameters(System.Byte[])	Mono.Security
X509Certificate_get_PublicKey_m950835056	System.Byte[] Mono.Security.X509.X509Certificate::get_PublicKey()	Mono.Security
X509Certificate_get_RSA_m1755006809	System.Security.Cryptography.RSA Mono.Security.X509.X509Certificate::get_RSA()	Mono.Security
X509Certificate_set_RSA_m3534515075	System.Void Mono.Security.X509.X509Certificate::set_RSA(System.Security.Cryptography.RSA)	Mono.Security
X509Certificate_get_RawData_m2626675988	System.Byte[] Mono.Security.X509.X509Certificate::get_RawData()	Mono.Security
X509Certificate_get_SerialNumber_m3924188880	System.Byte[] Mono.Security.X509.X509Certificate::get_SerialNumber()	Mono.Security
X509Certificate_get_Signature_m2498854864	System.Byte[] Mono.Security.X509.X509Certificate::get_Signature()	Mono.Security
X509Certificate_get_SignatureAlgorithm_m122054440	System.String Mono.Security.X509.X509Certificate::get_SignatureAlgorithm()	Mono.Security
X509Certificate_get_SubjectName_m3871411396	System.String Mono.Security.X509.X509Certificate::get_SubjectName()	Mono.Security
X509Certificate_get_ValidFrom_m845748800	System.DateTime Mono.Security.X509.X509Certificate::get_ValidFrom()	Mono.Security
X509Certificate_get_ValidUntil_m1838041919	System.DateTime Mono.Security.X509.X509Certificate::get_ValidUntil()	Mono.Security
X509Certificate_get_Version_m2908311682	System.Int32 Mono.Security.X509.X509Certificate::get_Version()	Mono.Security
X509Certificate_get_IsCurrent_m469817010	System.Boolean Mono.Security.X509.X509Certificate::get_IsCurrent()	Mono.Security
X509Certificate_WasCurrent_m1146083014	System.Boolean Mono.Security.X509.X509Certificate::WasCurrent(System.DateTime)	Mono.Security
X509Certificate_VerifySignature_m3988463526	System.Boolean Mono.Security.X509.X509Certificate::VerifySignature(System.Security.Cryptography.DSA)	Mono.Security
X509Certificate_VerifySignature_m3538124832	System.Boolean Mono.Security.X509.X509Certificate::VerifySignature(System.Security.Cryptography.RSA)	Mono.Security
X509Certificate_VerifySignature_m2813642028	System.Boolean Mono.Security.X509.X509Certificate::VerifySignature(System.Security.Cryptography.AsymmetricAlgorithm)	Mono.Security
X509Certificate_get_IsSelfSigned_m4064195693	System.Boolean Mono.Security.X509.X509Certificate::get_IsSelfSigned()	Mono.Security
X509Certificate_GetIssuerName_m1142198382	Mono.Security.ASN1 Mono.Security.X509.X509Certificate::GetIssuerName()	Mono.Security
X509Certificate_GetSubjectName_m3513876536	Mono.Security.ASN1 Mono.Security.X509.X509Certificate::GetSubjectName()	Mono.Security
X509Certificate_PEM_m2020851166	System.Byte[] Mono.Security.X509.X509Certificate::PEM(System.String,System.Byte[])	Mono.Security
X509CertificateCollection__ctor_m2066277891	System.Void Mono.Security.X509.X509CertificateCollection::.ctor()	Mono.Security
X509CertificateCollection__ctor_m3467061452	System.Void Mono.Security.X509.X509CertificateCollection::.ctor(Mono.Security.X509.X509CertificateCollection)	Mono.Security
X509CertificateCollection_System_Collections_IEnumerable_GetEnumerator_m647852366	System.Collections.IEnumerator Mono.Security.X509.X509CertificateCollection::System.Collections.IEnumerable.GetEnumerator()	Mono.Security
X509CertificateCollection_get_Item_m1033426577	Mono.Security.X509.X509Certificate Mono.Security.X509.X509CertificateCollection::get_Item(System.Int32)	Mono.Security
X509CertificateCollection_Add_m2277657976	System.Int32 Mono.Security.X509.X509CertificateCollection::Add(Mono.Security.X509.X509Certificate)	Mono.Security
X509CertificateCollection_AddRange_m2165814476	System.Void Mono.Security.X509.X509CertificateCollection::AddRange(Mono.Security.X509.X509CertificateCollection)	Mono.Security
X509CertificateCollection_Contains_m743657353	System.Boolean Mono.Security.X509.X509CertificateCollection::Contains(Mono.Security.X509.X509Certificate)	Mono.Security
X509CertificateCollection_GetEnumerator_m92169144	Mono.Security.X509.X509CertificateCollection/X509CertificateEnumerator Mono.Security.X509.X509CertificateCollection::GetEnumerator()	Mono.Security
X509CertificateCollection_GetHashCode_m2303492950	System.Int32 Mono.Security.X509.X509CertificateCollection::GetHashCode()	Mono.Security
X509CertificateCollection_IndexOf_m2003755268	System.Int32 Mono.Security.X509.X509CertificateCollection::IndexOf(Mono.Security.X509.X509Certificate)	Mono.Security
X509CertificateCollection_Remove_m2199606504	System.Void Mono.Security.X509.X509CertificateCollection::Remove(Mono.Security.X509.X509Certificate)	Mono.Security
X509CertificateCollection_Compare_m3676635762	System.Boolean Mono.Security.X509.X509CertificateCollection::Compare(System.Byte[],System.Byte[])	Mono.Security
X509CertificateEnumerator__ctor_m85694331	System.Void Mono.Security.X509.X509CertificateCollection/X509CertificateEnumerator::.ctor(Mono.Security.X509.X509CertificateCollection)	Mono.Security
X509CertificateEnumerator_System_Collections_IEnumerator_get_Current_m1846030361	System.Object Mono.Security.X509.X509CertificateCollection/X509CertificateEnumerator::System.Collections.IEnumerator.get_Current()	Mono.Security
X509CertificateEnumerator_System_Collections_IEnumerator_MoveNext_m2626270621	System.Boolean Mono.Security.X509.X509CertificateCollection/X509CertificateEnumerator::System.Collections.IEnumerator.MoveNext()	Mono.Security
X509CertificateEnumerator_System_Collections_IEnumerator_Reset_m2039524926	System.Void Mono.Security.X509.X509CertificateCollection/X509CertificateEnumerator::System.Collections.IEnumerator.Reset()	Mono.Security
X509CertificateEnumerator_get_Current_m3079314562	Mono.Security.X509.X509Certificate Mono.Security.X509.X509CertificateCollection/X509CertificateEnumerator::get_Current()	Mono.Security
X509CertificateEnumerator_MoveNext_m1342258196	System.Boolean Mono.Security.X509.X509CertificateCollection/X509CertificateEnumerator::MoveNext()	Mono.Security
X509CertificateEnumerator_Reset_m1825523691	System.Void Mono.Security.X509.X509CertificateCollection/X509CertificateEnumerator::Reset()	Mono.Security
X509Chain__ctor_m3563800449	System.Void Mono.Security.X509.X509Chain::.ctor()	Mono.Security
X509Chain__ctor_m1084071882	System.Void Mono.Security.X509.X509Chain::.ctor(Mono.Security.X509.X509CertificateCollection)	Mono.Security
X509Chain_get_Status_m348797749	Mono.Security.X509.X509ChainStatusFlags Mono.Security.X509.X509Chain::get_Status()	Mono.Security
X509Chain_get_TrustAnchors_m2434696767	Mono.Security.X509.X509CertificateCollection Mono.Security.X509.X509Chain::get_TrustAnchors()	Mono.Security
X509Chain_Build_m2469702749	System.Boolean Mono.Security.X509.X509Chain::Build(Mono.Security.X509.X509Certificate)	Mono.Security
X509Chain_IsValid_m3670863655	System.Boolean Mono.Security.X509.X509Chain::IsValid(Mono.Security.X509.X509Certificate)	Mono.Security
X509Chain_FindCertificateParent_m2809823532	Mono.Security.X509.X509Certificate Mono.Security.X509.X509Chain::FindCertificateParent(Mono.Security.X509.X509Certificate)	Mono.Security
X509Chain_FindCertificateRoot_m1937726457	Mono.Security.X509.X509Certificate Mono.Security.X509.X509Chain::FindCertificateRoot(Mono.Security.X509.X509Certificate)	Mono.Security
X509Chain_IsTrusted_m1243554942	System.Boolean Mono.Security.X509.X509Chain::IsTrusted(Mono.Security.X509.X509Certificate)	Mono.Security
X509Chain_IsParent_m2689546349	System.Boolean Mono.Security.X509.X509Chain::IsParent(Mono.Security.X509.X509Certificate,Mono.Security.X509.X509Certificate)	Mono.Security
X509Crl__ctor_m1817187405	System.Void Mono.Security.X509.X509Crl::.ctor(System.Byte[])	Mono.Security
X509Crl_Parse_m3164013387	System.Void Mono.Security.X509.X509Crl::Parse(System.Byte[])	Mono.Security
X509Crl_get_Extensions_m2708052985	Mono.Security.X509.X509ExtensionCollection Mono.Security.X509.X509Crl::get_Extensions()	Mono.Security
X509Crl_get_Hash_m464217067	System.Byte[] Mono.Security.X509.X509Crl::get_Hash()	Mono.Security
X509Crl_get_IssuerName_m1792797338	System.String Mono.Security.X509.X509Crl::get_IssuerName()	Mono.Security
X509Crl_get_NextUpdate_m1760667768	System.DateTime Mono.Security.X509.X509Crl::get_NextUpdate()	Mono.Security
X509Crl_Compare_m3418726913	System.Boolean Mono.Security.X509.X509Crl::Compare(System.Byte[],System.Byte[])	Mono.Security
X509Crl_GetCrlEntry_m5954460	Mono.Security.X509.X509Crl/X509CrlEntry Mono.Security.X509.X509Crl::GetCrlEntry(Mono.Security.X509.X509Certificate)	Mono.Security
X509Crl_GetCrlEntry_m641501875	Mono.Security.X509.X509Crl/X509CrlEntry Mono.Security.X509.X509Crl::GetCrlEntry(System.Byte[])	Mono.Security
X509Crl_GetHashName_m4214678741	System.String Mono.Security.X509.X509Crl::GetHashName()	Mono.Security
X509Crl_VerifySignature_m1902456590	System.Boolean Mono.Security.X509.X509Crl::VerifySignature(System.Security.Cryptography.DSA)	Mono.Security
X509Crl_VerifySignature_m1808348256	System.Boolean Mono.Security.X509.X509Crl::VerifySignature(System.Security.Cryptography.RSA)	Mono.Security
X509Crl_VerifySignature_m1377612461	System.Boolean Mono.Security.X509.X509Crl::VerifySignature(System.Security.Cryptography.AsymmetricAlgorithm)	Mono.Security
X509CrlEntry__ctor_m4013514048	System.Void Mono.Security.X509.X509Crl/X509CrlEntry::.ctor(Mono.Security.ASN1)	Mono.Security
X509CrlEntry_get_SerialNumber_m3627212772	System.Byte[] Mono.Security.X509.X509Crl/X509CrlEntry::get_SerialNumber()	Mono.Security
X509CrlEntry_get_RevocationDate_m606796547	System.DateTime Mono.Security.X509.X509Crl/X509CrlEntry::get_RevocationDate()	Mono.Security
X509CrlEntry_get_Extensions_m3943658385	Mono.Security.X509.X509ExtensionCollection Mono.Security.X509.X509Crl/X509CrlEntry::get_Extensions()	Mono.Security
X509Extension__ctor_m710637961	System.Void Mono.Security.X509.X509Extension::.ctor(Mono.Security.ASN1)	Mono.Security
X509Extension__ctor_m1474351312	System.Void Mono.Security.X509.X509Extension::.ctor(Mono.Security.X509.X509Extension)	Mono.Security
X509Extension_Decode_m3172373814	System.Void Mono.Security.X509.X509Extension::Decode()	Mono.Security
X509Extension_Encode_m3152909591	System.Void Mono.Security.X509.X509Extension::Encode()	Mono.Security
X509Extension_get_Oid_m4107042796	System.String Mono.Security.X509.X509Extension::get_Oid()	Mono.Security
X509Extension_get_Critical_m171054662	System.Boolean Mono.Security.X509.X509Extension::get_Critical()	Mono.Security
X509Extension_get_Value_m896831716	Mono.Security.ASN1 Mono.Security.X509.X509Extension::get_Value()	Mono.Security
X509Extension_Equals_m1779194186	System.Boolean Mono.Security.X509.X509Extension::Equals(System.Object)	Mono.Security
X509Extension_GetHashCode_m1797796679	System.Int32 Mono.Security.X509.X509Extension::GetHashCode()	Mono.Security
X509Extension_WriteLine_m1662885247	System.Void Mono.Security.X509.X509Extension::WriteLine(System.Text.StringBuilder,System.Int32,System.Int32)	Mono.Security
X509Extension_ToString_m3727002866	System.String Mono.Security.X509.X509Extension::ToString()	Mono.Security
X509ExtensionCollection__ctor_m2474799343	System.Void Mono.Security.X509.X509ExtensionCollection::.ctor()	Mono.Security
X509ExtensionCollection__ctor_m551870633	System.Void Mono.Security.X509.X509ExtensionCollection::.ctor(Mono.Security.ASN1)	Mono.Security
X509ExtensionCollection_System_Collections_IEnumerable_GetEnumerator_m1475785462	System.Collections.IEnumerator Mono.Security.X509.X509ExtensionCollection::System.Collections.IEnumerable.GetEnumerator()	Mono.Security
X509ExtensionCollection_IndexOf_m2996504451	System.Int32 Mono.Security.X509.X509ExtensionCollection::IndexOf(System.String)	Mono.Security
X509ExtensionCollection_get_Item_m2761897938	Mono.Security.X509.X509Extension Mono.Security.X509.X509ExtensionCollection::get_Item(System.String)	Mono.Security
X509Store__ctor_m2736551756	System.Void Mono.Security.X509.X509Store::.ctor(System.String,System.Boolean)	Mono.Security
X509Store_get_Certificates_m56224934	Mono.Security.X509.X509CertificateCollection Mono.Security.X509.X509Store::get_Certificates()	Mono.Security
X509Store_get_Crls_m4075976598	System.Collections.ArrayList Mono.Security.X509.X509Store::get_Crls()	Mono.Security
X509Store_Load_m2048139132	System.Byte[] Mono.Security.X509.X509Store::Load(System.String)	Mono.Security
X509Store_LoadCertificate_m1587806288	Mono.Security.X509.X509Certificate Mono.Security.X509.X509Store::LoadCertificate(System.String)	Mono.Security
X509Store_LoadCrl_m1881903843	Mono.Security.X509.X509Crl Mono.Security.X509.X509Store::LoadCrl(System.String)	Mono.Security
X509Store_CheckStore_m2045435685	System.Boolean Mono.Security.X509.X509Store::CheckStore(System.String,System.Boolean)	Mono.Security
X509Store_BuildCertificatesCollection_m3030935583	Mono.Security.X509.X509CertificateCollection Mono.Security.X509.X509Store::BuildCertificatesCollection(System.String)	Mono.Security
X509Store_BuildCrlsCollection_m1991312527	System.Collections.ArrayList Mono.Security.X509.X509Store::BuildCrlsCollection(System.String)	Mono.Security
X509StoreManager_get_CurrentUser_m4040993045	Mono.Security.X509.X509Stores Mono.Security.X509.X509StoreManager::get_CurrentUser()	Mono.Security
X509StoreManager_get_LocalMachine_m3994689999	Mono.Security.X509.X509Stores Mono.Security.X509.X509StoreManager::get_LocalMachine()	Mono.Security
X509StoreManager_get_TrustedRootCertificates_m2180997293	Mono.Security.X509.X509CertificateCollection Mono.Security.X509.X509StoreManager::get_TrustedRootCertificates()	Mono.Security
X509Stores__ctor_m1786355972	System.Void Mono.Security.X509.X509Stores::.ctor(System.String)	Mono.Security
X509Stores_get_TrustedRoot_m1736182879	Mono.Security.X509.X509Store Mono.Security.X509.X509Stores::get_TrustedRoot()	Mono.Security
X509Stores_Open_m1553467177	Mono.Security.X509.X509Store Mono.Security.X509.X509Stores::Open(System.String,System.Boolean)	Mono.Security
Locale_GetText_m3875126938	System.String Locale::GetText(System.String)	System
Locale_GetText_m2640320736	System.String Locale::GetText(System.String,System.Object[])	System
HybridDictionary__ctor_m2970901694	System.Void System.Collections.Specialized.HybridDictionary::.ctor()	System
HybridDictionary__ctor_m1681134385	System.Void System.Collections.Specialized.HybridDictionary::.ctor(System.Int32,System.Boolean)	System
HybridDictionary_System_Collections_IEnumerable_GetEnumerator_m168538452	System.Collections.IEnumerator System.Collections.Specialized.HybridDictionary::System.Collections.IEnumerable.GetEnumerator()	System
HybridDictionary_get_inner_m3689521430	System.Collections.IDictionary System.Collections.Specialized.HybridDictionary::get_inner()	System
HybridDictionary_get_Count_m1166314536	System.Int32 System.Collections.Specialized.HybridDictionary::get_Count()	System
HybridDictionary_get_IsSynchronized_m2987560362	System.Boolean System.Collections.Specialized.HybridDictionary::get_IsSynchronized()	System
HybridDictionary_get_Item_m319681963	System.Object System.Collections.Specialized.HybridDictionary::get_Item(System.Object)	System
HybridDictionary_set_Item_m2997363718	System.Void System.Collections.Specialized.HybridDictionary::set_Item(System.Object,System.Object)	System
HybridDictionary_get_SyncRoot_m1538457321	System.Object System.Collections.Specialized.HybridDictionary::get_SyncRoot()	System
HybridDictionary_Add_m912320053	System.Void System.Collections.Specialized.HybridDictionary::Add(System.Object,System.Object)	System
HybridDictionary_CopyTo_m3592404936	System.Void System.Collections.Specialized.HybridDictionary::CopyTo(System.Array,System.Int32)	System
HybridDictionary_GetEnumerator_m1379032493	System.Collections.IDictionaryEnumerator System.Collections.Specialized.HybridDictionary::GetEnumerator()	System
HybridDictionary_Remove_m2295600623	System.Void System.Collections.Specialized.HybridDictionary::Remove(System.Object)	System
HybridDictionary_Switch_m3818192922	System.Void System.Collections.Specialized.HybridDictionary::Switch()	System
ListDictionary__ctor_m2955211750	System.Void System.Collections.Specialized.ListDictionary::.ctor()	System
ListDictionary__ctor_m438204031	System.Void System.Collections.Specialized.ListDictionary::.ctor(System.Collections.IComparer)	System
ListDictionary_System_Collections_IEnumerable_GetEnumerator_m884729149	System.Collections.IEnumerator System.Collections.Specialized.ListDictionary::System.Collections.IEnumerable.GetEnumerator()	System
ListDictionary_FindEntry_m4121604518	System.Collections.Specialized.ListDictionary/DictionaryNode System.Collections.Specialized.ListDictionary::FindEntry(System.Object)	System
ListDictionary_FindEntry_m2629402370	System.Collections.Specialized.ListDictionary/DictionaryNode System.Collections.Specialized.ListDictionary::FindEntry(System.Object,System.Collections.Specialized.ListDictionary/DictionaryNode&)	System
ListDictionary_AddImpl_m3184792770	System.Void System.Collections.Specialized.ListDictionary::AddImpl(System.Object,System.Object,System.Collections.Specialized.ListDictionary/DictionaryNode)	System
ListDictionary_get_Count_m414236492	System.Int32 System.Collections.Specialized.ListDictionary::get_Count()	System
ListDictionary_get_IsSynchronized_m1093324729	System.Boolean System.Collections.Specialized.ListDictionary::get_IsSynchronized()	System
ListDictionary_get_SyncRoot_m4242825143	System.Object System.Collections.Specialized.ListDictionary::get_SyncRoot()	System
ListDictionary_CopyTo_m1633862866	System.Void System.Collections.Specialized.ListDictionary::CopyTo(System.Array,System.Int32)	System
ListDictionary_get_Item_m1272472363	System.Object System.Collections.Specialized.ListDictionary::get_Item(System.Object)	System
ListDictionary_set_Item_m1659493973	System.Void System.Collections.Specialized.ListDictionary::set_Item(System.Object,System.Object)	System
ListDictionary_Add_m3918308031	System.Void System.Collections.Specialized.ListDictionary::Add(System.Object,System.Object)	System
ListDictionary_Clear_m125005380	System.Void System.Collections.Specialized.ListDictionary::Clear()	System
ListDictionary_GetEnumerator_m3395631195	System.Collections.IDictionaryEnumerator System.Collections.Specialized.ListDictionary::GetEnumerator()	System
ListDictionary_Remove_m2440983361	System.Void System.Collections.Specialized.ListDictionary::Remove(System.Object)	System
DictionaryNode__ctor_m1380016344	System.Void System.Collections.Specialized.ListDictionary/DictionaryNode::.ctor(System.Object,System.Object,System.Collections.Specialized.ListDictionary/DictionaryNode)	System
DictionaryNodeEnumerator__ctor_m1005316675	System.Void System.Collections.Specialized.ListDictionary/DictionaryNodeEnumerator::.ctor(System.Collections.Specialized.ListDictionary)	System
DictionaryNodeEnumerator_FailFast_m2494733641	System.Void System.Collections.Specialized.ListDictionary/DictionaryNodeEnumerator::FailFast()	System
DictionaryNodeEnumerator_MoveNext_m736126844	System.Boolean System.Collections.Specialized.ListDictionary/DictionaryNodeEnumerator::MoveNext()	System
DictionaryNodeEnumerator_Reset_m2226320064	System.Void System.Collections.Specialized.ListDictionary/DictionaryNodeEnumerator::Reset()	System
DictionaryNodeEnumerator_get_Current_m4231688597	System.Object System.Collections.Specialized.ListDictionary/DictionaryNodeEnumerator::get_Current()	System
DictionaryNodeEnumerator_get_DictionaryNode_m2794172961	System.Collections.Specialized.ListDictionary/DictionaryNode System.Collections.Specialized.ListDictionary/DictionaryNodeEnumerator::get_DictionaryNode()	System
DictionaryNodeEnumerator_get_Entry_m2309234501	System.Collections.DictionaryEntry System.Collections.Specialized.ListDictionary/DictionaryNodeEnumerator::get_Entry()	System
DictionaryNodeEnumerator_get_Key_m2267812973	System.Object System.Collections.Specialized.ListDictionary/DictionaryNodeEnumerator::get_Key()	System
DictionaryNodeEnumerator_get_Value_m1345533116	System.Object System.Collections.Specialized.ListDictionary/DictionaryNodeEnumerator::get_Value()	System
NameObjectCollectionBase__ctor_m2090733912	System.Void System.Collections.Specialized.NameObjectCollectionBase::.ctor()	System
NameObjectCollectionBase__ctor_m1512146076	System.Void System.Collections.Specialized.NameObjectCollectionBase::.ctor(System.Runtime.Serialization.SerializationInfo,System.Runtime.Serialization.StreamingContext)	System
NameObjectCollectionBase_System_Collections_ICollection_get_IsSynchronized_m3084128080	System.Boolean System.Collections.Specialized.NameObjectCollectionBase::System.Collections.ICollection.get_IsSynchronized()	System
NameObjectCollectionBase_System_Collections_ICollection_get_SyncRoot_m138749698	System.Object System.Collections.Specialized.NameObjectCollectionBase::System.Collections.ICollection.get_SyncRoot()	System
NameObjectCollectionBase_System_Collections_ICollection_CopyTo_m1225689553	System.Void System.Collections.Specialized.NameObjectCollectionBase::System.Collections.ICollection.CopyTo(System.Array,System.Int32)	System
NameObjectCollectionBase_Init_m2525481323	System.Void System.Collections.Specialized.NameObjectCollectionBase::Init()	System
NameObjectCollectionBase_get_Keys_m2856825671	System.Collections.Specialized.NameObjectCollectionBase/KeysCollection System.Collections.Specialized.NameObjectCollectionBase::get_Keys()	System
NameObjectCollectionBase_GetEnumerator_m3677320185	System.Collections.IEnumerator System.Collections.Specialized.NameObjectCollectionBase::GetEnumerator()	System
NameObjectCollectionBase_get_Count_m823453971	System.Int32 System.Collections.Specialized.NameObjectCollectionBase::get_Count()	System
NameObjectCollectionBase_OnDeserialization_m619757901	System.Void System.Collections.Specialized.NameObjectCollectionBase::OnDeserialization(System.Object)	System
NameObjectCollectionBase_get_IsReadOnly_m1249375452	System.Boolean System.Collections.Specialized.NameObjectCollectionBase::get_IsReadOnly()	System
NameObjectCollectionBase_BaseAdd_m3437748750	System.Void System.Collections.Specialized.NameObjectCollectionBase::BaseAdd(System.String,System.Object)	System
NameObjectCollectionBase_BaseGet_m2807961990	System.Object System.Collections.Specialized.NameObjectCollectionBase::BaseGet(System.Int32)	System
NameObjectCollectionBase_BaseGet_m2890420524	System.Object System.Collections.Specialized.NameObjectCollectionBase::BaseGet(System.String)	System
NameObjectCollectionBase_BaseGetKey_m2677971642	System.String System.Collections.Specialized.NameObjectCollectionBase::BaseGetKey(System.Int32)	System
NameObjectCollectionBase_FindFirstMatchedItem_m840305173	System.Collections.Specialized.NameObjectCollectionBase/_Item System.Collections.Specialized.NameObjectCollectionBase::FindFirstMatchedItem(System.String)	System
_Item__ctor_m4016463660	System.Void System.Collections.Specialized.NameObjectCollectionBase/_Item::.ctor(System.String,System.Object)	System
_KeysEnumerator__ctor_m1664513423	System.Void System.Collections.Specialized.NameObjectCollectionBase/_KeysEnumerator::.ctor(System.Collections.Specialized.NameObjectCollectionBase)	System
_KeysEnumerator_get_Current_m2996478063	System.Object System.Collections.Specialized.NameObjectCollectionBase/_KeysEnumerator::get_Current()	System
_KeysEnumerator_MoveNext_m4289758929	System.Boolean System.Collections.Specialized.NameObjectCollectionBase/_KeysEnumerator::MoveNext()	System
_KeysEnumerator_Reset_m2283582422	System.Void System.Collections.Specialized.NameObjectCollectionBase/_KeysEnumerator::Reset()	System
KeysCollection__ctor_m3575458428	System.Void System.Collections.Specialized.NameObjectCollectionBase/KeysCollection::.ctor(System.Collections.Specialized.NameObjectCollectionBase)	System
KeysCollection_System_Collections_ICollection_CopyTo_m1205348167	System.Void System.Collections.Specialized.NameObjectCollectionBase/KeysCollection::System.Collections.ICollection.CopyTo(System.Array,System.Int32)	System
KeysCollection_System_Collections_ICollection_get_IsSynchronized_m183844006	System.Boolean System.Collections.Specialized.NameObjectCollectionBase/KeysCollection::System.Collections.ICollection.get_IsSynchronized()	System
KeysCollection_System_Collections_ICollection_get_SyncRoot_m2638728559	System.Object System.Collections.Specialized.NameObjectCollectionBase/KeysCollection::System.Collections.ICollection.get_SyncRoot()	System
KeysCollection_get_Count_m3943311735	System.Int32 System.Collections.Specialized.NameObjectCollectionBase/KeysCollection::get_Count()	System
KeysCollection_GetEnumerator_m2005471619	System.Collections.IEnumerator System.Collections.Specialized.NameObjectCollectionBase/KeysCollection::GetEnumerator()	System
NameValueCollection__ctor_m1115358332	System.Void System.Collections.Specialized.NameValueCollection::.ctor()	System
NameValueCollection__ctor_m4090053322	System.Void System.Collections.Specialized.NameValueCollection::.ctor(System.Runtime.Serialization.SerializationInfo,System.Runtime.Serialization.StreamingContext)	System
NameValueCollection_Add_m2418530856	System.Void System.Collections.Specialized.NameValueCollection::Add(System.String,System.String)	System
NameValueCollection_Get_m2464480741	System.String System.Collections.Specialized.NameValueCollection::Get(System.Int32)	System
NameValueCollection_AsSingleString_m3776180906	System.String System.Collections.Specialized.NameValueCollection::AsSingleString(System.Collections.ArrayList)	System
NameValueCollection_GetKey_m3458770877	System.String System.Collections.Specialized.NameValueCollection::GetKey(System.Int32)	System
NameValueCollection_InvalidateCachedArrays_m194313763	System.Void System.Collections.Specialized.NameValueCollection::InvalidateCachedArrays()	System
EditorBrowsableAttribute__ctor_m4133080490	System.Void System.ComponentModel.EditorBrowsableAttribute::.ctor(System.ComponentModel.EditorBrowsableState)	System
EditorBrowsableAttribute_get_State_m21497981	System.ComponentModel.EditorBrowsableState System.ComponentModel.EditorBrowsableAttribute::get_State()	System
EditorBrowsableAttribute_Equals_m3041896197	System.Boolean System.ComponentModel.EditorBrowsableAttribute::Equals(System.Object)	System
EditorBrowsableAttribute_GetHashCode_m123071459	System.Int32 System.ComponentModel.EditorBrowsableAttribute::GetHashCode()	System
TypeConverterAttribute__ctor_m1774069684	System.Void System.ComponentModel.TypeConverterAttribute::.ctor()	System
TypeConverterAttribute__ctor_m2714055761	System.Void System.ComponentModel.TypeConverterAttribute::.ctor(System.Type)	System
TypeConverterAttribute__cctor_m2413733117	System.Void System.ComponentModel.TypeConverterAttribute::.cctor()	System
TypeConverterAttribute_Equals_m1580461255	System.Boolean System.ComponentModel.TypeConverterAttribute::Equals(System.Object)	System
TypeConverterAttribute_GetHashCode_m948291090	System.Int32 System.ComponentModel.TypeConverterAttribute::GetHashCode()	System
TypeConverterAttribute_get_ConverterTypeName_m2038465322	System.String System.ComponentModel.TypeConverterAttribute::get_ConverterTypeName()	System
DefaultUriParser__ctor_m2377995797	System.Void System.DefaultUriParser::.ctor()	System
DefaultUriParser__ctor_m2634681684	System.Void System.DefaultUriParser::.ctor(System.String)	System
MonoTODOAttribute__ctor_m2269130449	System.Void System.MonoTODOAttribute::.ctor()	System
MonoTODOAttribute__ctor_m1298576268	System.Void System.MonoTODOAttribute::.ctor(System.String)	System
DefaultCertificatePolicy__ctor_m1887337884	System.Void System.Net.DefaultCertificatePolicy::.ctor()	System
DefaultCertificatePolicy_CheckValidationResult_m3811448269	System.Boolean System.Net.DefaultCertificatePolicy::CheckValidationResult(System.Net.ServicePoint,System.Security.Cryptography.X509Certificates.X509Certificate,System.Net.WebRequest,System.Int32)	System
FileWebRequest__ctor_m3189951510	System.Void System.Net.FileWebRequest::.ctor(System.Uri)	System
FileWebRequest__ctor_m41755936	System.Void System.Net.FileWebRequest::.ctor(System.Runtime.Serialization.SerializationInfo,System.Runtime.Serialization.StreamingContext)	System
FileWebRequestCreator__ctor_m2638763787	System.Void System.Net.FileWebRequestCreator::.ctor()	System
FileWebRequestCreator_Create_m987324668	System.Net.WebRequest System.Net.FileWebRequestCreator::Create(System.Uri)	System
FtpRequestCreator__ctor_m23058707	System.Void System.Net.FtpRequestCreator::.ctor()	System
FtpRequestCreator_Create_m3326083364	System.Net.WebRequest System.Net.FtpRequestCreator::Create(System.Uri)	System
FtpWebRequest__ctor_m751131654	System.Void System.Net.FtpWebRequest::.ctor(System.Uri)	System
FtpWebRequest__cctor_m699542155	System.Void System.Net.FtpWebRequest::.cctor()	System
FtpWebRequest_U3CcallbackU3Em__B_m3681041041	System.Boolean System.Net.FtpWebRequest::<callback>m__B(System.Object,System.Security.Cryptography.X509Certificates.X509Certificate,System.Security.Cryptography.X509Certificates.X509Chain,System.Net.Security.SslPolicyErrors)	System
GlobalProxySelection_get_Select_m3427048860	System.Net.IWebProxy System.Net.GlobalProxySelection::get_Select()	System
HttpRequestCreator__ctor_m2389332355	System.Void System.Net.HttpRequestCreator::.ctor()	System
HttpRequestCreator_Create_m400548686	System.Net.WebRequest System.Net.HttpRequestCreator::Create(System.Uri)	System
HttpVersion__cctor_m1653189495	System.Void System.Net.HttpVersion::.cctor()	System
HttpWebRequest__ctor_m1376613083	System.Void System.Net.HttpWebRequest::.ctor(System.Uri)	System
HttpWebRequest__ctor_m1789065007	System.Void System.Net.HttpWebRequest::.ctor(System.Runtime.Serialization.SerializationInfo,System.Runtime.Serialization.StreamingContext)	System
HttpWebRequest__cctor_m1467954389	System.Void System.Net.HttpWebRequest::.cctor()	System
HttpWebRequest_get_Address_m2672661563	System.Uri System.Net.HttpWebRequest::get_Address()	System
HttpWebRequest_get_ServicePoint_m3916606901	System.Net.ServicePoint System.Net.HttpWebRequest::get_ServicePoint()	System
HttpWebRequest_GetServicePoint_m2640244283	System.Net.ServicePoint System.Net.HttpWebRequest::GetServicePoint()	System
IPAddress__ctor_m921977496	System.Void System.Net.IPAddress::.ctor(System.Int64)	System
IPAddress__ctor_m149476904	System.Void System.Net.IPAddress::.ctor(System.UInt16[],System.Int64)	System
IPAddress__cctor_m3038355099	System.Void System.Net.IPAddress::.cctor()	System
IPAddress_SwapShort_m703207735	System.Int16 System.Net.IPAddress::SwapShort(System.Int16)	System
IPAddress_HostToNetworkOrder_m1393269408	System.Int16 System.Net.IPAddress::HostToNetworkOrder(System.Int16)	System
IPAddress_NetworkToHostOrder_m2704605532	System.Int16 System.Net.IPAddress::NetworkToHostOrder(System.Int16)	System
IPAddress_Parse_m2200822423	System.Net.IPAddress System.Net.IPAddress::Parse(System.String)	System
IPAddress_TryParse_m2320149543	System.Boolean System.Net.IPAddress::TryParse(System.String,System.Net.IPAddress&)	System
IPAddress_ParseIPV4_m2273992661	System.Net.IPAddress System.Net.IPAddress::ParseIPV4(System.String)	System
IPAddress_ParseIPV6_m750830007	System.Net.IPAddress System.Net.IPAddress::ParseIPV6(System.String)	System
IPAddress_get_InternalIPv4Address_m3963971538	System.Int64 System.Net.IPAddress::get_InternalIPv4Address()	System
IPAddress_get_ScopeId_m4237202723	System.Int64 System.Net.IPAddress::get_ScopeId()	System
IPAddress_get_AddressFamily_m1010663936	System.Net.Sockets.AddressFamily System.Net.IPAddress::get_AddressFamily()	System
IPAddress_IsLoopback_m29387631	System.Boolean System.Net.IPAddress::IsLoopback(System.Net.IPAddress)	System
IPAddress_ToString_m1181734207	System.String System.Net.IPAddress::ToString()	System
IPAddress_ToString_m3532415717	System.String System.Net.IPAddress::ToString(System.Int64)	System
IPAddress_Equals_m1823478787	System.Boolean System.Net.IPAddress::Equals(System.Object)	System
IPAddress_GetHashCode_m1210636859	System.Int32 System.Net.IPAddress::GetHashCode()	System
IPAddress_Hash_m3747500957	System.Int32 System.Net.IPAddress::Hash(System.Int32,System.Int32,System.Int32,System.Int32)	System
IPv6Address__ctor_m4117281080	System.Void System.Net.IPv6Address::.ctor(System.UInt16[])	System
IPv6Address__ctor_m2700673633	System.Void System.Net.IPv6Address::.ctor(System.UInt16[],System.Int32)	System
IPv6Address__ctor_m3704187391	System.Void System.Net.IPv6Address::.ctor(System.UInt16[],System.Int32,System.Int32)	System
IPv6Address__cctor_m2454563501	System.Void System.Net.IPv6Address::.cctor()	System
IPv6Address_Parse_m3004687047	System.Net.IPv6Address System.Net.IPv6Address::Parse(System.String)	System
IPv6Address_Fill_m1519528280	System.Int32 System.Net.IPv6Address::Fill(System.UInt16[],System.String)	System
IPv6Address_TryParse_m3387120421	System.Boolean System.Net.IPv6Address::TryParse(System.String,System.Int32&)	System
IPv6Address_TryParse_m2586816298	System.Boolean System.Net.IPv6Address::TryParse(System.String,System.Net.IPv6Address&)	System
IPv6Address_get_Address_m1389170741	System.UInt16[] System.Net.IPv6Address::get_Address()	System
IPv6Address_get_ScopeId_m2285850181	System.Int64 System.Net.IPv6Address::get_ScopeId()	System
IPv6Address_set_ScopeId_m3907190992	System.Void System.Net.IPv6Address::set_ScopeId(System.Int64)	System
IPv6Address_IsLoopback_m3712926451	System.Boolean System.Net.IPv6Address::IsLoopback(System.Net.IPv6Address)	System
IPv6Address_SwapUShort_m253384224	System.UInt16 System.Net.IPv6Address::SwapUShort(System.UInt16)	System
IPv6Address_AsIPv4Int_m844941024	System.Int32 System.Net.IPv6Address::AsIPv4Int()	System
IPv6Address_IsIPv4Compatible_m2636354880	System.Boolean System.Net.IPv6Address::IsIPv4Compatible()	System
IPv6Address_IsIPv4Mapped_m2527005544	System.Boolean System.Net.IPv6Address::IsIPv4Mapped()	System
IPv6Address_ToString_m568854716	System.String System.Net.IPv6Address::ToString()	System
IPv6Address_ToString_m3978087033	System.String System.Net.IPv6Address::ToString(System.Boolean)	System
IPv6Address_Equals_m2165515875	System.Boolean System.Net.IPv6Address::Equals(System.Object)	System
IPv6Address_GetHashCode_m2362916428	System.Int32 System.Net.IPv6Address::GetHashCode()	System
IPv6Address_Hash_m2034463181	System.Int32 System.Net.IPv6Address::Hash(System.Int32,System.Int32,System.Int32,System.Int32)	System
RemoteCertificateValidationCallback__ctor_m1251969663	System.Void System.Net.Security.RemoteCertificateValidationCallback::.ctor(System.Object,System.IntPtr)	System
RemoteCertificateValidationCallback_Invoke_m3086073466	System.Boolean System.Net.Security.RemoteCertificateValidationCallback::Invoke(System.Object,System.Security.Cryptography.X509Certificates.X509Certificate,System.Security.Cryptography.X509Certificates.X509Chain,System.Net.Security.SslPolicyErrors)	System
RemoteCertificateValidationCallback_BeginInvoke_m1840268146	System.IAsyncResult System.Net.Security.RemoteCertificateValidationCallback::BeginInvoke(System.Object,System.Security.Cryptography.X509Certificates.X509Certificate,System.Security.Cryptography.X509Certificates.X509Chain,System.Net.Security.SslPolicyErrors,System.AsyncCallback,System.Object)	System
RemoteCertificateValidationCallback_EndInvoke_m1360061860	System.Boolean System.Net.Security.RemoteCertificateValidationCallback::EndInvoke(System.IAsyncResult)	System
ServicePoint__ctor_m4022457269	System.Void System.Net.ServicePoint::.ctor(System.Uri,System.Int32,System.Int32)	System
ServicePoint_get_Address_m4189969258	System.Uri System.Net.ServicePoint::get_Address()	System
ServicePoint_get_CurrentConnections_m1937296360	System.Int32 System.Net.ServicePoint::get_CurrentConnections()	System
ServicePoint_get_IdleSince_m2373179824	System.DateTime System.Net.ServicePoint::get_IdleSince()	System
ServicePoint_set_IdleSince_m608781505	System.Void System.Net.ServicePoint::set_IdleSince(System.DateTime)	System
ServicePoint_set_Expect100Continue_m1237635858	System.Void System.Net.ServicePoint::set_Expect100Continue(System.Boolean)	System
ServicePoint_set_UseNagleAlgorithm_m1374731041	System.Void System.Net.ServicePoint::set_UseNagleAlgorithm(System.Boolean)	System
ServicePoint_set_SendContinue_m3004714502	System.Void System.Net.ServicePoint::set_SendContinue(System.Boolean)	System
ServicePoint_set_UsesProxy_m2758604003	System.Void System.Net.ServicePoint::set_UsesProxy(System.Boolean)	System
ServicePoint_set_UseConnect_m1377758489	System.Void System.Net.ServicePoint::set_UseConnect(System.Boolean)	System
ServicePoint_get_AvailableForRecycling_m936700514	System.Boolean System.Net.ServicePoint::get_AvailableForRecycling()	System
ServicePointManager__cctor_m3222177795	System.Void System.Net.ServicePointManager::.cctor()	System
ServicePointManager_get_CertificatePolicy_m475600998	System.Net.ICertificatePolicy System.Net.ServicePointManager::get_CertificatePolicy()	System
ServicePointManager_get_CheckCertificateRevocationList_m1645465614	System.Boolean System.Net.ServicePointManager::get_CheckCertificateRevocationList()	System
ServicePointManager_get_SecurityProtocol_m966397919	System.Net.SecurityProtocolType System.Net.ServicePointManager::get_SecurityProtocol()	System
ServicePointManager_get_ServerCertificateValidationCallback_m2067275303	System.Net.Security.RemoteCertificateValidationCallback System.Net.ServicePointManager::get_ServerCertificateValidationCallback()	System
ServicePointManager_FindServicePoint_m4119451290	System.Net.ServicePoint System.Net.ServicePointManager::FindServicePoint(System.Uri,System.Net.IWebProxy)	System
ServicePointManager_RecycleServicePoints_m1035558445	System.Void System.Net.ServicePointManager::RecycleServicePoints()	System
SPKey__ctor_m3690819622	System.Void System.Net.ServicePointManager/SPKey::.ctor(System.Uri,System.Boolean)	System
SPKey_GetHashCode_m1832733826	System.Int32 System.Net.ServicePointManager/SPKey::GetHashCode()	System
SPKey_Equals_m4205549017	System.Boolean System.Net.ServicePointManager/SPKey::Equals(System.Object)	System
WebHeaderCollection__ctor_m896654210	System.Void System.Net.WebHeaderCollection::.ctor()	System
WebHeaderCollection__ctor_m1308130075	System.Void System.Net.WebHeaderCollection::.ctor(System.Runtime.Serialization.SerializationInfo,System.Runtime.Serialization.StreamingContext)	System
WebHeaderCollection__ctor_m1926872774	System.Void System.Net.WebHeaderCollection::.ctor(System.Boolean)	System
WebHeaderCollection__cctor_m2093192431	System.Void System.Net.WebHeaderCollection::.cctor()	System
WebHeaderCollection_Add_m183143026	System.Void System.Net.WebHeaderCollection::Add(System.String,System.String)	System
WebHeaderCollection_AddWithoutValidate_m3120519792	System.Void System.Net.WebHeaderCollection::AddWithoutValidate(System.String,System.String)	System
WebHeaderCollection_IsRestricted_m2639089215	System.Boolean System.Net.WebHeaderCollection::IsRestricted(System.String)	System
WebHeaderCollection_OnDeserialization_m3998891408	System.Void System.Net.WebHeaderCollection::OnDeserialization(System.Object)	System
WebHeaderCollection_ToString_m1263025316	System.String System.Net.WebHeaderCollection::ToString()	System
WebHeaderCollection_get_Count_m3224978046	System.Int32 System.Net.WebHeaderCollection::get_Count()	System
WebHeaderCollection_get_Keys_m910440889	System.Collections.Specialized.NameObjectCollectionBase/KeysCollection System.Net.WebHeaderCollection::get_Keys()	System
WebHeaderCollection_Get_m3921484261	System.String System.Net.WebHeaderCollection::Get(System.Int32)	System
WebHeaderCollection_GetKey_m809097130	System.String System.Net.WebHeaderCollection::GetKey(System.Int32)	System
WebHeaderCollection_GetEnumerator_m2991425604	System.Collections.IEnumerator System.Net.WebHeaderCollection::GetEnumerator()	System
WebHeaderCollection_IsHeaderValue_m3837500493	System.Boolean System.Net.WebHeaderCollection::IsHeaderValue(System.String)	System
WebHeaderCollection_IsHeaderName_m2906290131	System.Boolean System.Net.WebHeaderCollection::IsHeaderName(System.String)	System
WebProxy__ctor_m4061043939	System.Void System.Net.WebProxy::.ctor()	System
WebProxy__ctor_m3758467778	System.Void System.Net.WebProxy::.ctor(System.Uri,System.Boolean,System.String[],System.Net.ICredentials)	System
WebProxy__ctor_m3723076346	System.Void System.Net.WebProxy::.ctor(System.Runtime.Serialization.SerializationInfo,System.Runtime.Serialization.StreamingContext)	System
WebProxy_GetProxy_m3150838504	System.Uri System.Net.WebProxy::GetProxy(System.Uri)	System
WebProxy_IsBypassed_m2918071028	System.Boolean System.Net.WebProxy::IsBypassed(System.Uri)	System
WebProxy_CheckBypassList_m3657340229	System.Void System.Net.WebProxy::CheckBypassList()	System
WebRequest__ctor_m3593280671	System.Void System.Net.WebRequest::.ctor()	System
WebRequest__ctor_m2895531935	System.Void System.Net.WebRequest::.ctor(System.Runtime.Serialization.SerializationInfo,System.Runtime.Serialization.StreamingContext)	System
WebRequest__cctor_m3940074084	System.Void System.Net.WebRequest::.cctor()	System
WebRequest_AddDynamicPrefix_m4246631209	System.Void System.Net.WebRequest::AddDynamicPrefix(System.String,System.String)	System
WebRequest_get_DefaultWebProxy_m4155870144	System.Net.IWebProxy System.Net.WebRequest::get_DefaultWebProxy()	System
WebRequest_GetDefaultWebProxy_m696404479	System.Net.IWebProxy System.Net.WebRequest::GetDefaultWebProxy()	System
WebRequest_AddPrefix_m3187775913	System.Void System.Net.WebRequest::AddPrefix(System.String,System.Type)	System
AsnEncodedData__ctor_m3792312694	System.Void System.Security.Cryptography.AsnEncodedData::.ctor()	System
AsnEncodedData__ctor_m726356132	System.Void System.Security.Cryptography.AsnEncodedData::.ctor(System.String,System.Byte[])	System
AsnEncodedData__ctor_m119764527	System.Void System.Security.Cryptography.AsnEncodedData::.ctor(System.Security.Cryptography.Oid,System.Byte[])	System
AsnEncodedData_get_Oid_m402887164	System.Security.Cryptography.Oid System.Security.Cryptography.AsnEncodedData::get_Oid()	System
AsnEncodedData_set_Oid_m351300829	System.Void System.Security.Cryptography.AsnEncodedData::set_Oid(System.Security.Cryptography.Oid)	System
AsnEncodedData_get_RawData_m1706087592	System.Byte[] System.Security.Cryptography.AsnEncodedData::get_RawData()	System
AsnEncodedData_set_RawData_m1598714608	System.Void System.Security.Cryptography.AsnEncodedData::set_RawData(System.Byte[])	System
AsnEncodedData_CopyFrom_m3929882393	System.Void System.Security.Cryptography.AsnEncodedData::CopyFrom(System.Security.Cryptography.AsnEncodedData)	System
AsnEncodedData_ToString_m440213605	System.String System.Security.Cryptography.AsnEncodedData::ToString(System.Boolean)	System
AsnEncodedData_Default_m4101664970	System.String System.Security.Cryptography.AsnEncodedData::Default(System.Boolean)	System
AsnEncodedData_BasicConstraintsExtension_m181086136	System.String System.Security.Cryptography.AsnEncodedData::BasicConstraintsExtension(System.Boolean)	System
AsnEncodedData_EnhancedKeyUsageExtension_m56921642	System.String System.Security.Cryptography.AsnEncodedData::EnhancedKeyUsageExtension(System.Boolean)	System
AsnEncodedData_KeyUsageExtension_m1792651780	System.String System.Security.Cryptography.AsnEncodedData::KeyUsageExtension(System.Boolean)	System
AsnEncodedData_SubjectKeyIdentifierExtension_m3216418117	System.String System.Security.Cryptography.AsnEncodedData::SubjectKeyIdentifierExtension(System.Boolean)	System
AsnEncodedData_SubjectAltName_m4049949414	System.String System.Security.Cryptography.AsnEncodedData::SubjectAltName(System.Boolean)	System
AsnEncodedData_NetscapeCertType_m2976595233	System.String System.Security.Cryptography.AsnEncodedData::NetscapeCertType(System.Boolean)	System
Oid__ctor_m738937194	System.Void System.Security.Cryptography.Oid::.ctor()	System
Oid__ctor_m1869590876	System.Void System.Security.Cryptography.Oid::.ctor(System.String)	System
Oid__ctor_m3344148807	System.Void System.Security.Cryptography.Oid::.ctor(System.String,System.String)	System
Oid__ctor_m911618594	System.Void System.Security.Cryptography.Oid::.ctor(System.Security.Cryptography.Oid)	System
Oid_get_FriendlyName_m1299931775	System.String System.Security.Cryptography.Oid::get_FriendlyName()	System
Oid_get_Value_m743416803	System.String System.Security.Cryptography.Oid::get_Value()	System
Oid_GetName_m195392578	System.String System.Security.Cryptography.Oid::GetName(System.String)	System
OidCollection__ctor_m4001685071	System.Void System.Security.Cryptography.OidCollection::.ctor()	System
OidCollection_System_Collections_ICollection_CopyTo_m2400658497	System.Void System.Security.Cryptography.OidCollection::System.Collections.ICollection.CopyTo(System.Array,System.Int32)	System
OidCollection_System_Collections_IEnumerable_GetEnumerator_m685937025	System.Collections.IEnumerator System.Security.Cryptography.OidCollection::System.Collections.IEnumerable.GetEnumerator()	System
OidCollection_get_Count_m3720881332	System.Int32 System.Security.Cryptography.OidCollection::get_Count()	System
OidCollection_get_IsSynchronized_m2968093434	System.Boolean System.Security.Cryptography.OidCollection::get_IsSynchronized()	System
OidCollection_get_Item_m984725507	System.Security.Cryptography.Oid System.Security.Cryptography.OidCollection::get_Item(System.Int32)	System
OidCollection_get_SyncRoot_m3531934854	System.Object System.Security.Cryptography.OidCollection::get_SyncRoot()	System
OidCollection_Add_m2569544356	System.Int32 System.Security.Cryptography.OidCollection::Add(System.Security.Cryptography.Oid)	System
OidEnumerator__ctor_m257525176	System.Void System.Security.Cryptography.OidEnumerator::.ctor(System.Security.Cryptography.OidCollection)	System
OidEnumerator_System_Collections_IEnumerator_get_Current_m3426335186	System.Object System.Security.Cryptography.OidEnumerator::System.Collections.IEnumerator.get_Current()	System
OidEnumerator_MoveNext_m3138911739	System.Boolean System.Security.Cryptography.OidEnumerator::MoveNext()	System
OidEnumerator_Reset_m2503707245	System.Void System.Security.Cryptography.OidEnumerator::Reset()	System
PublicKey__ctor_m1834139044	System.Void System.Security.Cryptography.X509Certificates.PublicKey::.ctor(Mono.Security.X509.X509Certificate)	System
PublicKey_get_EncodedKeyValue_m199315148	System.Security.Cryptography.AsnEncodedData System.Security.Cryptography.X509Certificates.PublicKey::get_EncodedKeyValue()	System
PublicKey_get_EncodedParameters_m4197029957	System.Security.Cryptography.AsnEncodedData System.Security.Cryptography.X509Certificates.PublicKey::get_EncodedParameters()	System
PublicKey_get_Key_m3077215602	System.Security.Cryptography.AsymmetricAlgorithm System.Security.Cryptography.X509Certificates.PublicKey::get_Key()	System
PublicKey_get_Oid_m2056027242	System.Security.Cryptography.Oid System.Security.Cryptography.X509Certificates.PublicKey::get_Oid()	System
PublicKey_GetUnsignedBigInteger_m3873409673	System.Byte[] System.Security.Cryptography.X509Certificates.PublicKey::GetUnsignedBigInteger(System.Byte[])	System
PublicKey_DecodeDSA_m3490622362	System.Security.Cryptography.DSA System.Security.Cryptography.X509Certificates.PublicKey::DecodeDSA(System.Byte[],System.Byte[])	System
PublicKey_DecodeRSA_m1824703659	System.Security.Cryptography.RSA System.Security.Cryptography.X509Certificates.PublicKey::DecodeRSA(System.Byte[])	System
X500DistinguishedName__ctor_m3469219344	System.Void System.Security.Cryptography.X509Certificates.X500DistinguishedName::.ctor(System.Byte[])	System
X500DistinguishedName_Decode_m3521921960	System.String System.Security.Cryptography.X509Certificates.X500DistinguishedName::Decode(System.Security.Cryptography.X509Certificates.X500DistinguishedNameFlags)	System
X500DistinguishedName_GetSeparator_m1336760642	System.String System.Security.Cryptography.X509Certificates.X500DistinguishedName::GetSeparator(System.Security.Cryptography.X509Certificates.X500DistinguishedNameFlags)	System
X500DistinguishedName_DecodeRawData_m3790804100	System.Void System.Security.Cryptography.X509Certificates.X500DistinguishedName::DecodeRawData()	System
X500DistinguishedName_Canonize_m2594679403	System.String System.Security.Cryptography.X509Certificates.X500DistinguishedName::Canonize(System.String)	System
X500DistinguishedName_AreEqual_m2828302026	System.Boolean System.Security.Cryptography.X509Certificates.X500DistinguishedName::AreEqual(System.Security.Cryptography.X509Certificates.X500DistinguishedName,System.Security.Cryptography.X509Certificates.X500DistinguishedName)	System
X509BasicConstraintsExtension__ctor_m3136793028	System.Void System.Security.Cryptography.X509Certificates.X509BasicConstraintsExtension::.ctor()	System
X509BasicConstraintsExtension__ctor_m1244152959	System.Void System.Security.Cryptography.X509Certificates.X509BasicConstraintsExtension::.ctor(System.Security.Cryptography.AsnEncodedData,System.Boolean)	System
X509BasicConstraintsExtension__ctor_m3721156175	System.Void System.Security.Cryptography.X509Certificates.X509BasicConstraintsExtension::.ctor(System.Boolean,System.Boolean,System.Int32,System.Boolean)	System
X509BasicConstraintsExtension_get_CertificateAuthority_m3360658367	System.Boolean System.Security.Cryptography.X509Certificates.X509BasicConstraintsExtension::get_CertificateAuthority()	System
X509BasicConstraintsExtension_get_HasPathLengthConstraint_m2072837820	System.Boolean System.Security.Cryptography.X509Certificates.X509BasicConstraintsExtension::get_HasPathLengthConstraint()	System
X509BasicConstraintsExtension_get_PathLengthConstraint_m1198369084	System.Int32 System.Security.Cryptography.X509Certificates.X509BasicConstraintsExtension::get_PathLengthConstraint()	System
X509BasicConstraintsExtension_CopyFrom_m1931463033	System.Void System.Security.Cryptography.X509Certificates.X509BasicConstraintsExtension::CopyFrom(System.Security.Cryptography.AsnEncodedData)	System
X509BasicConstraintsExtension_Decode_m120598446	System.Security.Cryptography.AsnDecodeStatus System.Security.Cryptography.X509Certificates.X509BasicConstraintsExtension::Decode(System.Byte[])	System
X509BasicConstraintsExtension_Encode_m2310708419	System.Byte[] System.Security.Cryptography.X509Certificates.X509BasicConstraintsExtension::Encode()	System
X509BasicConstraintsExtension_ToString_m1809935297	System.String System.Security.Cryptography.X509Certificates.X509BasicConstraintsExtension::ToString(System.Boolean)	System
X509Certificate2__ctor_m3336405942	System.Void System.Security.Cryptography.X509Certificates.X509Certificate2::.ctor(System.Byte[])	System
X509Certificate2__cctor_m4292326511	System.Void System.Security.Cryptography.X509Certificates.X509Certificate2::.cctor()	System
X509Certificate2_get_Extensions_m3552930730	System.Security.Cryptography.X509Certificates.X509ExtensionCollection System.Security.Cryptography.X509Certificates.X509Certificate2::get_Extensions()	System
X509Certificate2_get_IssuerName_m1277209535	System.Security.Cryptography.X509Certificates.X500DistinguishedName System.Security.Cryptography.X509Certificates.X509Certificate2::get_IssuerName()	System
X509Certificate2_get_NotAfter_m1930122497	System.DateTime System.Security.Cryptography.X509Certificates.X509Certificate2::get_NotAfter()	System
X509Certificate2_get_NotBefore_m2514418239	System.DateTime System.Security.Cryptography.X509Certificates.X509Certificate2::get_NotBefore()	System
X509Certificate2_get_PrivateKey_m3900779210	System.Security.Cryptography.AsymmetricAlgorithm System.Security.Cryptography.X509Certificates.X509Certificate2::get_PrivateKey()	System
X509Certificate2_get_PublicKey_m370665820	System.Security.Cryptography.X509Certificates.PublicKey System.Security.Cryptography.X509Certificates.X509Certificate2::get_PublicKey()	System
X509Certificate2_get_SerialNumber_m1315874713	System.String System.Security.Cryptography.X509Certificates.X509Certificate2::get_SerialNumber()	System
X509Certificate2_get_SignatureAlgorithm_m2810155907	System.Security.Cryptography.Oid System.Security.Cryptography.X509Certificates.X509Certificate2::get_SignatureAlgorithm()	System
X509Certificate2_get_SubjectName_m2588317215	System.Security.Cryptography.X509Certificates.X500DistinguishedName System.Security.Cryptography.X509Certificates.X509Certificate2::get_SubjectName()	System
X509Certificate2_get_Thumbprint_m392121246	System.String System.Security.Cryptography.X509Certificates.X509Certificate2::get_Thumbprint()	System
X509Certificate2_get_Version_m2534012675	System.Int32 System.Security.Cryptography.X509Certificates.X509Certificate2::get_Version()	System
X509Certificate2_GetNameInfo_m869719036	System.String System.Security.Cryptography.X509Certificates.X509Certificate2::GetNameInfo(System.Security.Cryptography.X509Certificates.X509NameType,System.Boolean)	System
X509Certificate2_Find_m2734168143	Mono.Security.ASN1 System.Security.Cryptography.X509Certificates.X509Certificate2::Find(System.Byte[],Mono.Security.ASN1)	System
X509Certificate2_GetValueAsString_m1348462142	System.String System.Security.Cryptography.X509Certificates.X509Certificate2::GetValueAsString(Mono.Security.ASN1)	System
X509Certificate2_ImportPkcs12_m2042454190	System.Void System.Security.Cryptography.X509Certificates.X509Certificate2::ImportPkcs12(System.Byte[],System.String)	System
X509Certificate2_Import_m4026562329	System.Void System.Security.Cryptography.X509Certificates.X509Certificate2::Import(System.Byte[],System.String,System.Security.Cryptography.X509Certificates.X509KeyStorageFlags)	System
X509Certificate2_Reset_m3988214799	System.Void System.Security.Cryptography.X509Certificates.X509Certificate2::Reset()	System
X509Certificate2_ToString_m3891217889	System.String System.Security.Cryptography.X509Certificates.X509Certificate2::ToString()	System
X509Certificate2_ToString_m4246350784	System.String System.Security.Cryptography.X509Certificates.X509Certificate2::ToString(System.Boolean)	System
X509Certificate2_AppendBuffer_m445040858	System.Void System.Security.Cryptography.X509Certificates.X509Certificate2::AppendBuffer(System.Text.StringBuilder,System.Byte[])	System
X509Certificate2_Verify_m1464738766	System.Boolean System.Security.Cryptography.X509Certificates.X509Certificate2::Verify()	System
X509Certificate2_get_MonoCertificate_m4228255308	Mono.Security.X509.X509Certificate System.Security.Cryptography.X509Certificates.X509Certificate2::get_MonoCertificate()	System
X509Certificate2Collection__ctor_m1338914817	System.Void System.Security.Cryptography.X509Certificates.X509Certificate2Collection::.ctor()	System
X509Certificate2Collection__ctor_m3025547695	System.Void System.Security.Cryptography.X509Certificates.X509Certificate2Collection::.ctor(System.Security.Cryptography.X509Certificates.X509Certificate2Collection)	System
X509Certificate2Collection_get_Item_m1658740919	System.Security.Cryptography.X509Certificates.X509Certificate2 System.Security.Cryptography.X509Certificates.X509Certificate2Collection::get_Item(System.Int32)	System
X509Certificate2Collection_Add_m3151757943	System.Int32 System.Security.Cryptography.X509Certificates.X509Certificate2Collection::Add(System.Security.Cryptography.X509Certificates.X509Certificate2)	System
X509Certificate2Collection_AddRange_m3206541680	System.Void System.Security.Cryptography.X509Certificates.X509Certificate2Collection::AddRange(System.Security.Cryptography.X509Certificates.X509Certificate2Collection)	System
X509Certificate2Collection_Contains_m3300508662	System.Boolean System.Security.Cryptography.X509Certificates.X509Certificate2Collection::Contains(System.Security.Cryptography.X509Certificates.X509Certificate2)	System
X509Certificate2Collection_Find_m4007010753	System.Security.Cryptography.X509Certificates.X509Certificate2Collection System.Security.Cryptography.X509Certificates.X509Certificate2Collection::Find(System.Security.Cryptography.X509Certificates.X509FindType,System.Object,System.Boolean)	System
X509Certificate2Collection_GetEnumerator_m3634416032	System.Security.Cryptography.X509Certificates.X509Certificate2Enumerator System.Security.Cryptography.X509Certificates.X509Certificate2Collection::GetEnumerator()	System
X509Certificate2Enumerator__ctor_m1083666285	System.Void System.Security.Cryptography.X509Certificates.X509Certificate2Enumerator::.ctor(System.Security.Cryptography.X509Certificates.X509Certificate2Collection)	System
X509Certificate2Enumerator_System_Collections_IEnumerator_get_Current_m352453934	System.Object System.Security.Cryptography.X509Certificates.X509Certificate2Enumerator::System.Collections.IEnumerator.get_Current()	System
X509Certificate2Enumerator_System_Collections_IEnumerator_MoveNext_m1563787129	System.Boolean System.Security.Cryptography.X509Certificates.X509Certificate2Enumerator::System.Collections.IEnumerator.MoveNext()	System
X509Certificate2Enumerator_System_Collections_IEnumerator_Reset_m388172138	System.Void System.Security.Cryptography.X509Certificates.X509Certificate2Enumerator::System.Collections.IEnumerator.Reset()	System
X509Certificate2Enumerator_get_Current_m157909321	System.Security.Cryptography.X509Certificates.X509Certificate2 System.Security.Cryptography.X509Certificates.X509Certificate2Enumerator::get_Current()	System
X509Certificate2Enumerator_MoveNext_m2220460870	System.Boolean System.Security.Cryptography.X509Certificates.X509Certificate2Enumerator::MoveNext()	System
X509Certificate2Enumerator_Reset_m1308823525	System.Void System.Security.Cryptography.X509Certificates.X509Certificate2Enumerator::Reset()	System
X509CertificateCollection__ctor_m1784029323	System.Void System.Security.Cryptography.X509Certificates.X509CertificateCollection::.ctor()	System
X509CertificateCollection__ctor_m1395805580	System.Void System.Security.Cryptography.X509Certificates.X509CertificateCollection::.ctor(System.Security.Cryptography.X509Certificates.X509Certificate[])	System
X509CertificateCollection_get_Item_m1464788693	System.Security.Cryptography.X509Certificates.X509Certificate System.Security.Cryptography.X509Certificates.X509CertificateCollection::get_Item(System.Int32)	System
X509CertificateCollection_AddRange_m3683116910	System.Void System.Security.Cryptography.X509Certificates.X509CertificateCollection::AddRange(System.Security.Cryptography.X509Certificates.X509Certificate[])	System
X509CertificateCollection_GetEnumerator_m385726313	System.Security.Cryptography.X509Certificates.X509CertificateCollection/X509CertificateEnumerator System.Security.Cryptography.X509Certificates.X509CertificateCollection::GetEnumerator()	System
X509CertificateCollection_GetHashCode_m1953348376	System.Int32 System.Security.Cryptography.X509Certificates.X509CertificateCollection::GetHashCode()	System
X509CertificateEnumerator__ctor_m943731472	System.Void System.Security.Cryptography.X509Certificates.X509CertificateCollection/X509CertificateEnumerator::.ctor(System.Security.Cryptography.X509Certificates.X509CertificateCollection)	System
X509CertificateEnumerator_System_Collections_IEnumerator_get_Current_m4218613192	System.Object System.Security.Cryptography.X509Certificates.X509CertificateCollection/X509CertificateEnumerator::System.Collections.IEnumerator.get_Current()	System
X509CertificateEnumerator_System_Collections_IEnumerator_MoveNext_m1392570645	System.Boolean System.Security.Cryptography.X509Certificates.X509CertificateCollection/X509CertificateEnumerator::System.Collections.IEnumerator.MoveNext()	System
X509CertificateEnumerator_System_Collections_IEnumerator_Reset_m1219650180	System.Void System.Security.Cryptography.X509Certificates.X509CertificateCollection/X509CertificateEnumerator::System.Collections.IEnumerator.Reset()	System
X509CertificateEnumerator_get_Current_m1016419	System.Security.Cryptography.X509Certificates.X509Certificate System.Security.Cryptography.X509Certificates.X509CertificateCollection/X509CertificateEnumerator::get_Current()	System
X509CertificateEnumerator_MoveNext_m3211955044	System.Boolean System.Security.Cryptography.X509Certificates.X509CertificateCollection/X509CertificateEnumerator::MoveNext()	System
X509CertificateEnumerator_Reset_m4026698923	System.Void System.Security.Cryptography.X509Certificates.X509CertificateCollection/X509CertificateEnumerator::Reset()	System
X509Chain__ctor_m2240869275	System.Void System.Security.Cryptography.X509Certificates.X509Chain::.ctor()	System
X509Chain__ctor_m2674663382	System.Void System.Security.Cryptography.X509Certificates.X509Chain::.ctor(System.Boolean)	System
X509Chain__cctor_m993507223	System.Void System.Security.Cryptography.X509Certificates.X509Chain::.cctor()	System
X509Chain_get_ChainPolicy_m2586552721	System.Security.Cryptography.X509Certificates.X509ChainPolicy System.Security.Cryptography.X509Certificates.X509Chain::get_ChainPolicy()	System
X509Chain_Build_m611063989	System.Boolean System.Security.Cryptography.X509Certificates.X509Chain::Build(System.Security.Cryptography.X509Certificates.X509Certificate2)	System
X509Chain_Reset_m1198177101	System.Void System.Security.Cryptography.X509Certificates.X509Chain::Reset()	System
X509Chain_get_Roots_m317091712	System.Security.Cryptography.X509Certificates.X509Store System.Security.Cryptography.X509Certificates.X509Chain::get_Roots()	System
X509Chain_get_CertificateAuthorities_m804805415	System.Security.Cryptography.X509Certificates.X509Store System.Security.Cryptography.X509Certificates.X509Chain::get_CertificateAuthorities()	System
X509Chain_get_CertificateCollection_m511297491	System.Security.Cryptography.X509Certificates.X509Certificate2Collection System.Security.Cryptography.X509Certificates.X509Chain::get_CertificateCollection()	System
X509Chain_BuildChainFrom_m2265372442	System.Security.Cryptography.X509Certificates.X509ChainStatusFlags System.Security.Cryptography.X509Certificates.X509Chain::BuildChainFrom(System.Security.Cryptography.X509Certificates.X509Certificate2)	System
X509Chain_SelectBestFromCollection_m1068759221	System.Security.Cryptography.X509Certificates.X509Certificate2 System.Security.Cryptography.X509Certificates.X509Chain::SelectBestFromCollection(System.Security.Cryptography.X509Certificates.X509Certificate2,System.Security.Cryptography.X509Certificates.X509Certificate2Collection)	System
X509Chain_FindParent_m1515820563	System.Security.Cryptography.X509Certificates.X509Certificate2 System.Security.Cryptography.X509Certificates.X509Chain::FindParent(System.Security.Cryptography.X509Certificates.X509Certificate2)	System
X509Chain_IsChainComplete_m1577524584	System.Boolean System.Security.Cryptography.X509Certificates.X509Chain::IsChainComplete(System.Security.Cryptography.X509Certificates.X509Certificate2)	System
X509Chain_IsSelfIssued_m2588855382	System.Boolean System.Security.Cryptography.X509Certificates.X509Chain::IsSelfIssued(System.Security.Cryptography.X509Certificates.X509Certificate2)	System
X509Chain_ValidateChain_m1402813093	System.Void System.Security.Cryptography.X509Certificates.X509Chain::ValidateChain(System.Security.Cryptography.X509Certificates.X509ChainStatusFlags)	System
X509Chain_Process_m1119354891	System.Void System.Security.Cryptography.X509Certificates.X509Chain::Process(System.Int32)	System
X509Chain_PrepareForNextCertificate_m3691934993	System.Void System.Security.Cryptography.X509Certificates.X509Chain::PrepareForNextCertificate(System.Int32)	System
X509Chain_WrapUp_m3160803936	System.Void System.Security.Cryptography.X509Certificates.X509Chain::WrapUp()	System
X509Chain_ProcessCertificateExtensions_m1468796745	System.Void System.Security.Cryptography.X509Certificates.X509Chain::ProcessCertificateExtensions(System.Security.Cryptography.X509Certificates.X509ChainElement)	System
X509Chain_IsSignedWith_m2691255686	System.Boolean System.Security.Cryptography.X509Certificates.X509Chain::IsSignedWith(System.Security.Cryptography.X509Certificates.X509Certificate2,System.Security.Cryptography.AsymmetricAlgorithm)	System
X509Chain_GetSubjectKeyIdentifier_m1349242905	System.String System.Security.Cryptography.X509Certificates.X509Chain::GetSubjectKeyIdentifier(System.Security.Cryptography.X509Certificates.X509Certificate2)	System
X509Chain_GetAuthorityKeyIdentifier_m2237883181	System.String System.Security.Cryptography.X509Certificates.X509Chain::GetAuthorityKeyIdentifier(System.Security.Cryptography.X509Certificates.X509Certificate2)	System
X509Chain_GetAuthorityKeyIdentifier_m614536199	System.String System.Security.Cryptography.X509Certificates.X509Chain::GetAuthorityKeyIdentifier(Mono.Security.X509.X509Crl)	System
X509Chain_GetAuthorityKeyIdentifier_m4138418749	System.String System.Security.Cryptography.X509Certificates.X509Chain::GetAuthorityKeyIdentifier(Mono.Security.X509.X509Extension)	System
X509Chain_CheckRevocationOnChain_m1377635439	System.Void System.Security.Cryptography.X509Certificates.X509Chain::CheckRevocationOnChain(System.Security.Cryptography.X509Certificates.X509ChainStatusFlags)	System
X509Chain_CheckRevocation_m4216573099	System.Security.Cryptography.X509Certificates.X509ChainStatusFlags System.Security.Cryptography.X509Certificates.X509Chain::CheckRevocation(System.Security.Cryptography.X509Certificates.X509Certificate2,System.Int32,System.Boolean)	System
X509Chain_CheckRevocation_m3466271023	System.Security.Cryptography.X509Certificates.X509ChainStatusFlags System.Security.Cryptography.X509Certificates.X509Chain::CheckRevocation(System.Security.Cryptography.X509Certificates.X509Certificate2,System.Security.Cryptography.X509Certificates.X509Certificate2,System.Boolean)	System
X509Chain_FindCrl_m1657810964	Mono.Security.X509.X509Crl System.Security.Cryptography.X509Certificates.X509Chain::FindCrl(System.Security.Cryptography.X509Certificates.X509Certificate2)	System
X509Chain_ProcessCrlExtensions_m236234529	System.Boolean System.Security.Cryptography.X509Certificates.X509Chain::ProcessCrlExtensions(Mono.Security.X509.X509Crl)	System
X509Chain_ProcessCrlEntryExtensions_m3203112264	System.Boolean System.Security.Cryptography.X509Certificates.X509Chain::ProcessCrlEntryExtensions(Mono.Security.X509.X509Crl/X509CrlEntry)	System
X509ChainElement__ctor_m252371420	System.Void System.Security.Cryptography.X509Certificates.X509ChainElement::.ctor(System.Security.Cryptography.X509Certificates.X509Certificate2)	System
X509ChainElement_get_Certificate_m2801643215	System.Security.Cryptography.X509Certificates.X509Certificate2 System.Security.Cryptography.X509Certificates.X509ChainElement::get_Certificate()	System
X509ChainElement_get_ChainElementStatus_m2982250012	System.Security.Cryptography.X509Certificates.X509ChainStatus[] System.Security.Cryptography.X509Certificates.X509ChainElement::get_ChainElementStatus()	System
X509ChainElement_get_StatusFlags_m3731832204	System.Security.Cryptography.X509Certificates.X509ChainStatusFlags System.Security.Cryptography.X509Certificates.X509ChainElement::get_StatusFlags()	System
X509ChainElement_set_StatusFlags_m2467275568	System.Void System.Security.Cryptography.X509Certificates.X509ChainElement::set_StatusFlags(System.Security.Cryptography.X509Certificates.X509ChainStatusFlags)	System
X509ChainElement_Count_m383583639	System.Int32 System.Security.Cryptography.X509Certificates.X509ChainElement::Count(System.Security.Cryptography.X509Certificates.X509ChainStatusFlags)	System
X509ChainElement_Set_m655180762	System.Void System.Security.Cryptography.X509Certificates.X509ChainElement::Set(System.Security.Cryptography.X509Certificates.X509ChainStatus[],System.Int32&,System.Security.Cryptography.X509Certificates.X509ChainStatusFlags,System.Security.Cryptography.X509Certificates.X509ChainStatusFlags)	System
X509ChainElement_UncompressFlags_m781553362	System.Void System.Security.Cryptography.X509Certificates.X509ChainElement::UncompressFlags()	System
X509ChainElementCollection__ctor_m3424079155	System.Void System.Security.Cryptography.X509Certificates.X509ChainElementCollection::.ctor()	System
X509ChainElementCollection_System_Collections_ICollection_CopyTo_m1179155153	System.Void System.Security.Cryptography.X509Certificates.X509ChainElementCollection::System.Collections.ICollection.CopyTo(System.Array,System.Int32)	System
X509ChainElementCollection_System_Collections_IEnumerable_GetEnumerator_m3829089536	System.Collections.IEnumerator System.Security.Cryptography.X509Certificates.X509ChainElementCollection::System.Collections.IEnumerable.GetEnumerator()	System
X509ChainElementCollection_get_Count_m1678779750	System.Int32 System.Security.Cryptography.X509Certificates.X509ChainElementCollection::get_Count()	System
X509ChainElementCollection_get_IsSynchronized_m3980338507	System.Boolean System.Security.Cryptography.X509Certificates.X509ChainElementCollection::get_IsSynchronized()	System
X509ChainElementCollection_get_Item_m1978766852	System.Security.Cryptography.X509Certificates.X509ChainElement System.Security.Cryptography.X509Certificates.X509ChainElementCollection::get_Item(System.Int32)	System
X509ChainElementCollection_get_SyncRoot_m4174373457	System.Object System.Security.Cryptography.X509Certificates.X509ChainElementCollection::get_SyncRoot()	System
X509ChainElementCollection_GetEnumerator_m2610805770	System.Security.Cryptography.X509Certificates.X509ChainElementEnumerator System.Security.Cryptography.X509Certificates.X509ChainElementCollection::GetEnumerator()	System
X509ChainElementCollection_Add_m737054930	System.Void System.Security.Cryptography.X509Certificates.X509ChainElementCollection::Add(System.Security.Cryptography.X509Certificates.X509Certificate2)	System
X509ChainElementCollection_Clear_m2271223414	System.Void System.Security.Cryptography.X509Certificates.X509ChainElementCollection::Clear()	System
X509ChainElementCollection_Contains_m2924813355	System.Boolean System.Security.Cryptography.X509Certificates.X509ChainElementCollection::Contains(System.Security.Cryptography.X509Certificates.X509Certificate2)	System
X509ChainElementEnumerator__ctor_m1674160564	System.Void System.Security.Cryptography.X509Certificates.X509ChainElementEnumerator::.ctor(System.Collections.IEnumerable)	System
X509ChainElementEnumerator_System_Collections_IEnumerator_get_Current_m1913555061	System.Object System.Security.Cryptography.X509Certificates.X509ChainElementEnumerator::System.Collections.IEnumerator.get_Current()	System
X509ChainElementEnumerator_get_Current_m1301774989	System.Security.Cryptography.X509Certificates.X509ChainElement System.Security.Cryptography.X509Certificates.X509ChainElementEnumerator::get_Current()	System
X509ChainElementEnumerator_MoveNext_m3940594045	System.Boolean System.Security.Cryptography.X509Certificates.X509ChainElementEnumerator::MoveNext()	System
X509ChainElementEnumerator_Reset_m1416607221	System.Void System.Security.Cryptography.X509Certificates.X509ChainElementEnumerator::Reset()	System
X509ChainPolicy__ctor_m852124469	System.Void System.Security.Cryptography.X509Certificates.X509ChainPolicy::.ctor()	System
X509ChainPolicy_get_ExtraStore_m4191377387	System.Security.Cryptography.X509Certificates.X509Certificate2Collection System.Security.Cryptography.X509Certificates.X509ChainPolicy::get_ExtraStore()	System
X509ChainPolicy_get_RevocationFlag_m3767879093	System.Security.Cryptography.X509Certificates.X509RevocationFlag System.Security.Cryptography.X509Certificates.X509ChainPolicy::get_RevocationFlag()	System
X509ChainPolicy_get_RevocationMode_m3118822552	System.Security.Cryptography.X509Certificates.X509RevocationMode System.Security.Cryptography.X509Certificates.X509ChainPolicy::get_RevocationMode()	System
X509ChainPolicy_get_VerificationFlags_m58569326	System.Security.Cryptography.X509Certificates.X509VerificationFlags System.Security.Cryptography.X509Certificates.X509ChainPolicy::get_VerificationFlags()	System
X509ChainPolicy_get_VerificationTime_m4085504449	System.DateTime System.Security.Cryptography.X509Certificates.X509ChainPolicy::get_VerificationTime()	System
X509ChainPolicy_Reset_m1883700166	System.Void System.Security.Cryptography.X509Certificates.X509ChainPolicy::Reset()	System
X509ChainStatus__ctor_m4178125999_AdjustorThunk	System.Void System.Security.Cryptography.X509Certificates.X509ChainStatus::.ctor(System.Security.Cryptography.X509Certificates.X509ChainStatusFlags)	System
X509ChainStatus_get_Status_m2572005749_AdjustorThunk	System.Security.Cryptography.X509Certificates.X509ChainStatusFlags System.Security.Cryptography.X509Certificates.X509ChainStatus::get_Status()	System
X509ChainStatus_set_Status_m263715218_AdjustorThunk	System.Void System.Security.Cryptography.X509Certificates.X509ChainStatus::set_Status(System.Security.Cryptography.X509Certificates.X509ChainStatusFlags)	System
X509ChainStatus_set_StatusInformation_m1638042991_AdjustorThunk	System.Void System.Security.Cryptography.X509Certificates.X509ChainStatus::set_StatusInformation(System.String)	System
X509ChainStatus_GetInformation_m245493206	System.String System.Security.Cryptography.X509Certificates.X509ChainStatus::GetInformation(System.Security.Cryptography.X509Certificates.X509ChainStatusFlags)	System
X509EnhancedKeyUsageExtension__ctor_m298908880	System.Void System.Security.Cryptography.X509Certificates.X509EnhancedKeyUsageExtension::.ctor(System.Security.Cryptography.AsnEncodedData,System.Boolean)	System
X509EnhancedKeyUsageExtension_CopyFrom_m3750050754	System.Void System.Security.Cryptography.X509Certificates.X509EnhancedKeyUsageExtension::CopyFrom(System.Security.Cryptography.AsnEncodedData)	System
X509EnhancedKeyUsageExtension_Decode_m3726500073	System.Security.Cryptography.AsnDecodeStatus System.Security.Cryptography.X509Certificates.X509EnhancedKeyUsageExtension::Decode(System.Byte[])	System
X509EnhancedKeyUsageExtension_ToString_m350388564	System.String System.Security.Cryptography.X509Certificates.X509EnhancedKeyUsageExtension::ToString(System.Boolean)	System
X509Extension__ctor_m1624259472	System.Void System.Security.Cryptography.X509Certificates.X509Extension::.ctor()	System
X509Extension__ctor_m225879936	System.Void System.Security.Cryptography.X509Certificates.X509Extension::.ctor(System.String,System.Byte[],System.Boolean)	System
X509Extension_get_Critical_m1315280133	System.Boolean System.Security.Cryptography.X509Certificates.X509Extension::get_Critical()	System
X509Extension_set_Critical_m1180944253	System.Void System.Security.Cryptography.X509Certificates.X509Extension::set_Critical(System.Boolean)	System
X509Extension_CopyFrom_m474590450	System.Void System.Security.Cryptography.X509Certificates.X509Extension::CopyFrom(System.Security.Cryptography.AsnEncodedData)	System
X509Extension_FormatUnkownData_m3636863676	System.String System.Security.Cryptography.X509Certificates.X509Extension::FormatUnkownData(System.Byte[])	System
X509ExtensionCollection__ctor_m1730716172	System.Void System.Security.Cryptography.X509Certificates.X509ExtensionCollection::.ctor(Mono.Security.X509.X509Certificate)	System
X509ExtensionCollection_System_Collections_ICollection_CopyTo_m2505796149	System.Void System.Security.Cryptography.X509Certificates.X509ExtensionCollection::System.Collections.ICollection.CopyTo(System.Array,System.Int32)	System
X509ExtensionCollection_System_Collections_IEnumerable_GetEnumerator_m4033897067	System.Collections.IEnumerator System.Security.Cryptography.X509Certificates.X509ExtensionCollection::System.Collections.IEnumerable.GetEnumerator()	System
X509ExtensionCollection_get_Count_m3589967016	System.Int32 System.Security.Cryptography.X509Certificates.X509ExtensionCollection::get_Count()	System
X509ExtensionCollection_get_IsSynchronized_m2607599544	System.Boolean System.Security.Cryptography.X509Certificates.X509ExtensionCollection::get_IsSynchronized()	System
X509ExtensionCollection_get_SyncRoot_m2667861032	System.Object System.Security.Cryptography.X509Certificates.X509ExtensionCollection::get_SyncRoot()	System
X509ExtensionCollection_get_Item_m3637880514	System.Security.Cryptography.X509Certificates.X509Extension System.Security.Cryptography.X509Certificates.X509ExtensionCollection::get_Item(System.String)	System
X509ExtensionCollection_GetEnumerator_m3371013144	System.Security.Cryptography.X509Certificates.X509ExtensionEnumerator System.Security.Cryptography.X509Certificates.X509ExtensionCollection::GetEnumerator()	System
X509ExtensionEnumerator__ctor_m827820494	System.Void System.Security.Cryptography.X509Certificates.X509ExtensionEnumerator::.ctor(System.Collections.ArrayList)	System
X509ExtensionEnumerator_System_Collections_IEnumerator_get_Current_m2494161059	System.Object System.Security.Cryptography.X509Certificates.X509ExtensionEnumerator::System.Collections.IEnumerator.get_Current()	System
X509ExtensionEnumerator_get_Current_m256207749	System.Security.Cryptography.X509Certificates.X509Extension System.Security.Cryptography.X509Certificates.X509ExtensionEnumerator::get_Current()	System
X509ExtensionEnumerator_MoveNext_m3077762850	System.Boolean System.Security.Cryptography.X509Certificates.X509ExtensionEnumerator::MoveNext()	System
X509ExtensionEnumerator_Reset_m2310001600	System.Void System.Security.Cryptography.X509Certificates.X509ExtensionEnumerator::Reset()	System
X509KeyUsageExtension__ctor_m1098820427	System.Void System.Security.Cryptography.X509Certificates.X509KeyUsageExtension::.ctor()	System
X509KeyUsageExtension__ctor_m1105912158	System.Void System.Security.Cryptography.X509Certificates.X509KeyUsageExtension::.ctor(System.Security.Cryptography.AsnEncodedData,System.Boolean)	System
X509KeyUsageExtension__ctor_m524748856	System.Void System.Security.Cryptography.X509Certificates.X509KeyUsageExtension::.ctor(System.Security.Cryptography.X509Certificates.X509KeyUsageFlags,System.Boolean)	System
X509KeyUsageExtension_get_KeyUsages_m3263859785	System.Security.Cryptography.X509Certificates.X509KeyUsageFlags System.Security.Cryptography.X509Certificates.X509KeyUsageExtension::get_KeyUsages()	System
X509KeyUsageExtension_CopyFrom_m186479533	System.Void System.Security.Cryptography.X509Certificates.X509KeyUsageExtension::CopyFrom(System.Security.Cryptography.AsnEncodedData)	System
X509KeyUsageExtension_GetValidFlags_m3447294145	System.Security.Cryptography.X509Certificates.X509KeyUsageFlags System.Security.Cryptography.X509Certificates.X509KeyUsageExtension::GetValidFlags(System.Security.Cryptography.X509Certificates.X509KeyUsageFlags)	System
X509KeyUsageExtension_Decode_m3150759625	System.Security.Cryptography.AsnDecodeStatus System.Security.Cryptography.X509Certificates.X509KeyUsageExtension::Decode(System.Byte[])	System
X509KeyUsageExtension_Encode_m2128077825	System.Byte[] System.Security.Cryptography.X509Certificates.X509KeyUsageExtension::Encode()	System
X509KeyUsageExtension_ToString_m3542316380	System.String System.Security.Cryptography.X509Certificates.X509KeyUsageExtension::ToString(System.Boolean)	System
X509Store__ctor_m275383717	System.Void System.Security.Cryptography.X509Certificates.X509Store::.ctor(System.Security.Cryptography.X509Certificates.StoreName,System.Security.Cryptography.X509Certificates.StoreLocation)	System
X509Store_get_Certificates_m2149701265	System.Security.Cryptography.X509Certificates.X509Certificate2Collection System.Security.Cryptography.X509Certificates.X509Store::get_Certificates()	System
X509Store_get_Factory_m3282910266	Mono.Security.X509.X509Stores System.Security.Cryptography.X509Certificates.X509Store::get_Factory()	System
X509Store_get_Store_m1426986552	Mono.Security.X509.X509Store System.Security.Cryptography.X509Certificates.X509Store::get_Store()	System
X509Store_Close_m799536774	System.Void System.Security.Cryptography.X509Certificates.X509Store::Close()	System
X509Store_Open_m909451489	System.Void System.Security.Cryptography.X509Certificates.X509Store::Open(System.Security.Cryptography.X509Certificates.OpenFlags)	System
X509SubjectKeyIdentifierExtension__ctor_m3160552652	System.Void System.Security.Cryptography.X509Certificates.X509SubjectKeyIdentifierExtension::.ctor()	System
X509SubjectKeyIdentifierExtension__ctor_m2055934916	System.Void System.Security.Cryptography.X509Certificates.X509SubjectKeyIdentifierExtension::.ctor(System.Security.Cryptography.AsnEncodedData,System.Boolean)	System
X509SubjectKeyIdentifierExtension__ctor_m2644971776	System.Void System.Security.Cryptography.X509Certificates.X509SubjectKeyIdentifierExtension::.ctor(System.Byte[],System.Boolean)	System
X509SubjectKeyIdentifierExtension__ctor_m201177607	System.Void System.Security.Cryptography.X509Certificates.X509SubjectKeyIdentifierExtension::.ctor(System.String,System.Boolean)	System
X509SubjectKeyIdentifierExtension__ctor_m3547362312	System.Void System.Security.Cryptography.X509Certificates.X509SubjectKeyIdentifierExtension::.ctor(System.Security.Cryptography.X509Certificates.PublicKey,System.Boolean)	System
X509SubjectKeyIdentifierExtension__ctor_m1397817642	System.Void System.Security.Cryptography.X509Certificates.X509SubjectKeyIdentifierExtension::.ctor(System.Security.Cryptography.X509Certificates.PublicKey,System.Security.Cryptography.X509Certificates.X509SubjectKeyIdentifierHashAlgorithm,System.Boolean)	System
X509SubjectKeyIdentifierExtension_get_SubjectKeyIdentifier_m3059478847	System.String System.Security.Cryptography.X509Certificates.X509SubjectKeyIdentifierExtension::get_SubjectKeyIdentifier()	System
X509SubjectKeyIdentifierExtension_CopyFrom_m1588766981	System.Void System.Security.Cryptography.X509Certificates.X509SubjectKeyIdentifierExtension::CopyFrom(System.Security.Cryptography.AsnEncodedData)	System
X509SubjectKeyIdentifierExtension_FromHexChar_m1249358531	System.Byte System.Security.Cryptography.X509Certificates.X509SubjectKeyIdentifierExtension::FromHexChar(System.Char)	System
X509SubjectKeyIdentifierExtension_FromHexChars_m3244835916	System.Byte System.Security.Cryptography.X509Certificates.X509SubjectKeyIdentifierExtension::FromHexChars(System.Char,System.Char)	System
X509SubjectKeyIdentifierExtension_FromHex_m1011249985	System.Byte[] System.Security.Cryptography.X509Certificates.X509SubjectKeyIdentifierExtension::FromHex(System.String)	System
X509SubjectKeyIdentifierExtension_Decode_m1505409124	System.Security.Cryptography.AsnDecodeStatus System.Security.Cryptography.X509Certificates.X509SubjectKeyIdentifierExtension::Decode(System.Byte[])	System
X509SubjectKeyIdentifierExtension_Encode_m3345759265	System.Byte[] System.Security.Cryptography.X509Certificates.X509SubjectKeyIdentifierExtension::Encode()	System
X509SubjectKeyIdentifierExtension_ToString_m12089275	System.String System.Security.Cryptography.X509Certificates.X509SubjectKeyIdentifierExtension::ToString(System.Boolean)	System
BaseMachine__ctor_m1534760230	System.Void System.Text.RegularExpressions.BaseMachine::.ctor()	System
BaseMachine_Scan_m3315183438	System.Text.RegularExpressions.Match System.Text.RegularExpressions.BaseMachine::Scan(System.Text.RegularExpressions.Regex,System.String,System.Int32,System.Int32)	System
Capture__ctor_m3103117740	System.Void System.Text.RegularExpressions.Capture::.ctor(System.String)	System
Capture__ctor_m539415522	System.Void System.Text.RegularExpressions.Capture::.ctor(System.String,System.Int32,System.Int32)	System
Capture_get_Index_m745081289	System.Int32 System.Text.RegularExpressions.Capture::get_Index()	System
Capture_get_Length_m4245536461	System.Int32 System.Text.RegularExpressions.Capture::get_Length()	System
Capture_get_Value_m538076933	System.String System.Text.RegularExpressions.Capture::get_Value()	System
Capture_ToString_m2751919208	System.String System.Text.RegularExpressions.Capture::ToString()	System
Capture_get_Text_m3620583591	System.String System.Text.RegularExpressions.Capture::get_Text()	System
CaptureCollection__ctor_m357483405	System.Void System.Text.RegularExpressions.CaptureCollection::.ctor(System.Int32)	System
CaptureCollection_get_Count_m2294375304	System.Int32 System.Text.RegularExpressions.CaptureCollection::get_Count()	System
CaptureCollection_get_IsSynchronized_m3941402978	System.Boolean System.Text.RegularExpressions.CaptureCollection::get_IsSynchronized()	System
CaptureCollection_SetValue_m89830704	System.Void System.Text.RegularExpressions.CaptureCollection::SetValue(System.Text.RegularExpressions.Capture,System.Int32)	System
CaptureCollection_get_SyncRoot_m1721113318	System.Object System.Text.RegularExpressions.CaptureCollection::get_SyncRoot()	System
CaptureCollection_CopyTo_m3566922817	System.Void System.Text.RegularExpressions.CaptureCollection::CopyTo(System.Array,System.Int32)	System
CaptureCollection_GetEnumerator_m732412500	System.Collections.IEnumerator System.Text.RegularExpressions.CaptureCollection::GetEnumerator()	System
CategoryUtils_CategoryFromName_m1352081402	System.Text.RegularExpressions.Category System.Text.RegularExpressions.CategoryUtils::CategoryFromName(System.String)	System
CategoryUtils_IsCategory_m278753792	System.Boolean System.Text.RegularExpressions.CategoryUtils::IsCategory(System.Text.RegularExpressions.Category,System.Char)	System
CategoryUtils_IsCategory_m3604944547	System.Boolean System.Text.RegularExpressions.CategoryUtils::IsCategory(System.Globalization.UnicodeCategory,System.Char)	System
FactoryCache__ctor_m206337971	System.Void System.Text.RegularExpressions.FactoryCache::.ctor(System.Int32)	System
FactoryCache_Add_m1371573845	System.Void System.Text.RegularExpressions.FactoryCache::Add(System.String,System.Text.RegularExpressions.RegexOptions,System.Text.RegularExpressions.IMachineFactory)	System
FactoryCache_Cleanup_m308458843	System.Void System.Text.RegularExpressions.FactoryCache::Cleanup()	System
FactoryCache_Lookup_m2646822264	System.Text.RegularExpressions.IMachineFactory System.Text.RegularExpressions.FactoryCache::Lookup(System.String,System.Text.RegularExpressions.RegexOptions)	System
Key__ctor_m251888331	System.Void System.Text.RegularExpressions.FactoryCache/Key::.ctor(System.String,System.Text.RegularExpressions.RegexOptions)	System
Key_GetHashCode_m1667525669	System.Int32 System.Text.RegularExpressions.FactoryCache/Key::GetHashCode()	System
Key_Equals_m3074271967	System.Boolean System.Text.RegularExpressions.FactoryCache/Key::Equals(System.Object)	System
Key_ToString_m1970072654	System.String System.Text.RegularExpressions.FactoryCache/Key::ToString()	System
Group__ctor_m2243671333	System.Void System.Text.RegularExpressions.Group::.ctor(System.String,System.Int32,System.Int32,System.Int32)	System
Group__ctor_m2495427790	System.Void System.Text.RegularExpressions.Group::.ctor(System.String,System.Int32,System.Int32)	System
Group__ctor_m3285303650	System.Void System.Text.RegularExpressions.Group::.ctor()	System
Group__cctor_m2230627219	System.Void System.Text.RegularExpressions.Group::.cctor()	System
Group_get_Captures_m1655762411	System.Text.RegularExpressions.CaptureCollection System.Text.RegularExpressions.Group::get_Captures()	System
Group_get_Success_m1492300455	System.Boolean System.Text.RegularExpressions.Group::get_Success()	System
GroupCollection__ctor_m3775662598	System.Void System.Text.RegularExpressions.GroupCollection::.ctor(System.Int32,System.Int32)	System
GroupCollection_get_Count_m1328438810	System.Int32 System.Text.RegularExpressions.GroupCollection::get_Count()	System
GroupCollection_get_IsSynchronized_m1170633615	System.Boolean System.Text.RegularExpressions.GroupCollection::get_IsSynchronized()	System
GroupCollection_get_Item_m2465789076	System.Text.RegularExpressions.Group System.Text.RegularExpressions.GroupCollection::get_Item(System.Int32)	System
GroupCollection_SetValue_m2707160733	System.Void System.Text.RegularExpressions.GroupCollection::SetValue(System.Text.RegularExpressions.Group,System.Int32)	System
GroupCollection_get_SyncRoot_m501373446	System.Object System.Text.RegularExpressions.GroupCollection::get_SyncRoot()	System
GroupCollection_CopyTo_m408257156	System.Void System.Text.RegularExpressions.GroupCollection::CopyTo(System.Array,System.Int32)	System
GroupCollection_GetEnumerator_m2543003136	System.Collections.IEnumerator System.Text.RegularExpressions.GroupCollection::GetEnumerator()	System
Interpreter__ctor_m2134836895	System.Void System.Text.RegularExpressions.Interpreter::.ctor(System.UInt16[])	System
Interpreter_ReadProgramCount_m1121096263	System.Int32 System.Text.RegularExpressions.Interpreter::ReadProgramCount(System.Int32)	System
Interpreter_Scan_m270890411	System.Text.RegularExpressions.Match System.Text.RegularExpressions.Interpreter::Scan(System.Text.RegularExpressions.Regex,System.String,System.Int32,System.Int32)	System
Interpreter_Reset_m2774688020	System.Void System.Text.RegularExpressions.Interpreter::Reset()	System
Interpreter_Eval_m858596062	System.Boolean System.Text.RegularExpressions.Interpreter::Eval(System.Text.RegularExpressions.Interpreter/Mode,System.Int32&,System.Int32)	System
Interpreter_EvalChar_m959577577	System.Boolean System.Text.RegularExpressions.Interpreter::EvalChar(System.Text.RegularExpressions.Interpreter/Mode,System.Int32&,System.Int32&,System.Boolean)	System
Interpreter_TryMatch_m2615355060	System.Boolean System.Text.RegularExpressions.Interpreter::TryMatch(System.Int32&,System.Int32)	System
Interpreter_IsPosition_m3326918850	System.Boolean System.Text.RegularExpressions.Interpreter::IsPosition(System.Text.RegularExpressions.Position,System.Int32)	System
Interpreter_IsWordChar_m2858055765	System.Boolean System.Text.RegularExpressions.Interpreter::IsWordChar(System.Char)	System
Interpreter_GetString_m94448266	System.String System.Text.RegularExpressions.Interpreter::GetString(System.Int32)	System
Interpreter_Open_m900076395	System.Void System.Text.RegularExpressions.Interpreter::Open(System.Int32,System.Int32)	System
Interpreter_Close_m126356671	System.Void System.Text.RegularExpressions.Interpreter::Close(System.Int32,System.Int32)	System
Interpreter_Balance_m1978770534	System.Boolean System.Text.RegularExpressions.Interpreter::Balance(System.Int32,System.Int32,System.Boolean,System.Int32)	System
Interpreter_Checkpoint_m1239052598	System.Int32 System.Text.RegularExpressions.Interpreter::Checkpoint()	System
Interpreter_Backtrack_m2828876822	System.Void System.Text.RegularExpressions.Interpreter::Backtrack(System.Int32)	System
Interpreter_ResetGroups_m3595179625	System.Void System.Text.RegularExpressions.Interpreter::ResetGroups()	System
Interpreter_GetLastDefined_m4107643411	System.Int32 System.Text.RegularExpressions.Interpreter::GetLastDefined(System.Int32)	System
Interpreter_CreateMark_m468807491	System.Int32 System.Text.RegularExpressions.Interpreter::CreateMark(System.Int32)	System
Interpreter_GetGroupInfo_m2253622734	System.Void System.Text.RegularExpressions.Interpreter::GetGroupInfo(System.Int32,System.Int32&,System.Int32&)	System
Interpreter_PopulateGroup_m4042796257	System.Void System.Text.RegularExpressions.Interpreter::PopulateGroup(System.Text.RegularExpressions.Group,System.Int32,System.Int32)	System
Interpreter_GenerateMatch_m2262987936	System.Text.RegularExpressions.Match System.Text.RegularExpressions.Interpreter::GenerateMatch(System.Text.RegularExpressions.Regex)	System
IntStack_Pop_m1779514793_AdjustorThunk	System.Int32 System.Text.RegularExpressions.Interpreter/IntStack::Pop()	System
IntStack_Push_m1082581210_AdjustorThunk	System.Void System.Text.RegularExpressions.Interpreter/IntStack::Push(System.Int32)	System
IntStack_get_Count_m1427289819_AdjustorThunk	System.Int32 System.Text.RegularExpressions.Interpreter/IntStack::get_Count()	System
IntStack_set_Count_m756607812_AdjustorThunk	System.Void System.Text.RegularExpressions.Interpreter/IntStack::set_Count(System.Int32)	System
RepeatContext__ctor_m2465637864	System.Void System.Text.RegularExpressions.Interpreter/RepeatContext::.ctor(System.Text.RegularExpressions.Interpreter/RepeatContext,System.Int32,System.Int32,System.Boolean,System.Int32)	System
RepeatContext_get_Count_m1112834530	System.Int32 System.Text.RegularExpressions.Interpreter/RepeatContext::get_Count()	System
RepeatContext_set_Count_m960350409	System.Void System.Text.RegularExpressions.Interpreter/RepeatContext::set_Count(System.Int32)	System
RepeatContext_get_Start_m1076992038	System.Int32 System.Text.RegularExpressions.Interpreter/RepeatContext::get_Start()	System
RepeatContext_set_Start_m2870272657	System.Void System.Text.RegularExpressions.Interpreter/RepeatContext::set_Start(System.Int32)	System
RepeatContext_get_IsMinimum_m3640286252	System.Boolean System.Text.RegularExpressions.Interpreter/RepeatContext::get_IsMinimum()	System
RepeatContext_get_IsMaximum_m332552678	System.Boolean System.Text.RegularExpressions.Interpreter/RepeatContext::get_IsMaximum()	System
RepeatContext_get_IsLazy_m2261224997	System.Boolean System.Text.RegularExpressions.Interpreter/RepeatContext::get_IsLazy()	System
RepeatContext_get_Expression_m255006542	System.Int32 System.Text.RegularExpressions.Interpreter/RepeatContext::get_Expression()	System
RepeatContext_get_Previous_m4220584810	System.Text.RegularExpressions.Interpreter/RepeatContext System.Text.RegularExpressions.Interpreter/RepeatContext::get_Previous()	System
InterpreterFactory__ctor_m3950407360	System.Void System.Text.RegularExpressions.InterpreterFactory::.ctor(System.UInt16[])	System
InterpreterFactory_NewInstance_m2792693614	System.Text.RegularExpressions.IMachine System.Text.RegularExpressions.InterpreterFactory::NewInstance()	System
InterpreterFactory_get_GroupCount_m2226373271	System.Int32 System.Text.RegularExpressions.InterpreterFactory::get_GroupCount()	System
InterpreterFactory_get_Gap_m2263656528	System.Int32 System.Text.RegularExpressions.InterpreterFactory::get_Gap()	System
InterpreterFactory_set_Gap_m3029846199	System.Void System.Text.RegularExpressions.InterpreterFactory::set_Gap(System.Int32)	System
InterpreterFactory_get_Mapping_m1356145599	System.Collections.IDictionary System.Text.RegularExpressions.InterpreterFactory::get_Mapping()	System
InterpreterFactory_set_Mapping_m1881043811	System.Void System.Text.RegularExpressions.InterpreterFactory::set_Mapping(System.Collections.IDictionary)	System
InterpreterFactory_get_NamesMapping_m4228407820	System.String[] System.Text.RegularExpressions.InterpreterFactory::get_NamesMapping()	System
InterpreterFactory_set_NamesMapping_m1853107228	System.Void System.Text.RegularExpressions.InterpreterFactory::set_NamesMapping(System.String[])	System
Interval__ctor_m4022869013_AdjustorThunk	System.Void System.Text.RegularExpressions.Interval::.ctor(System.Int32,System.Int32)	System
Interval_get_Empty_m3617514670	System.Text.RegularExpressions.Interval System.Text.RegularExpressions.Interval::get_Empty()	System
Interval_get_IsDiscontiguous_m3016063288_AdjustorThunk	System.Boolean System.Text.RegularExpressions.Interval::get_IsDiscontiguous()	System
Interval_get_IsSingleton_m3386290029_AdjustorThunk	System.Boolean System.Text.RegularExpressions.Interval::get_IsSingleton()	System
Interval_get_IsEmpty_m2731597232_AdjustorThunk	System.Boolean System.Text.RegularExpressions.Interval::get_IsEmpty()	System
Interval_get_Size_m4163671410_AdjustorThunk	System.Int32 System.Text.RegularExpressions.Interval::get_Size()	System
Interval_IsDisjoint_m1532171337_AdjustorThunk	System.Boolean System.Text.RegularExpressions.Interval::IsDisjoint(System.Text.RegularExpressions.Interval)	System
Interval_IsAdjacent_m3021964761_AdjustorThunk	System.Boolean System.Text.RegularExpressions.Interval::IsAdjacent(System.Text.RegularExpressions.Interval)	System
Interval_Contains_m1454846757_AdjustorThunk	System.Boolean System.Text.RegularExpressions.Interval::Contains(System.Text.RegularExpressions.Interval)	System
Interval_Contains_m110351300_AdjustorThunk	System.Boolean System.Text.RegularExpressions.Interval::Contains(System.Int32)	System
Interval_Intersects_m525534288_AdjustorThunk	System.Boolean System.Text.RegularExpressions.Interval::Intersects(System.Text.RegularExpressions.Interval)	System
Interval_Merge_m3454211016_AdjustorThunk	System.Void System.Text.RegularExpressions.Interval::Merge(System.Text.RegularExpressions.Interval)	System
Interval_CompareTo_m3282557545_AdjustorThunk	System.Int32 System.Text.RegularExpressions.Interval::CompareTo(System.Object)	System
IntervalCollection__ctor_m758349803	System.Void System.Text.RegularExpressions.IntervalCollection::.ctor()	System
IntervalCollection_get_Item_m3866640912	System.Text.RegularExpressions.Interval System.Text.RegularExpressions.IntervalCollection::get_Item(System.Int32)	System
IntervalCollection_Add_m2115898256	System.Void System.Text.RegularExpressions.IntervalCollection::Add(System.Text.RegularExpressions.Interval)	System
IntervalCollection_Normalize_m1934892959	System.Void System.Text.RegularExpressions.IntervalCollection::Normalize()	System
IntervalCollection_GetMetaCollection_m4029522214	System.Text.RegularExpressions.IntervalCollection System.Text.RegularExpressions.IntervalCollection::GetMetaCollection(System.Text.RegularExpressions.IntervalCollection/CostDelegate)	System
IntervalCollection_Optimize_m161975983	System.Void System.Text.RegularExpressions.IntervalCollection::Optimize(System.Int32,System.Int32,System.Text.RegularExpressions.IntervalCollection,System.Text.RegularExpressions.IntervalCollection/CostDelegate)	System
IntervalCollection_get_Count_m3041256718	System.Int32 System.Text.RegularExpressions.IntervalCollection::get_Count()	System
IntervalCollection_get_IsSynchronized_m670166614	System.Boolean System.Text.RegularExpressions.IntervalCollection::get_IsSynchronized()	System
IntervalCollection_get_SyncRoot_m3527457532	System.Object System.Text.RegularExpressions.IntervalCollection::get_SyncRoot()	System
IntervalCollection_CopyTo_m2976848759	System.Void System.Text.RegularExpressions.IntervalCollection::CopyTo(System.Array,System.Int32)	System
IntervalCollection_GetEnumerator_m3422445219	System.Collections.IEnumerator System.Text.RegularExpressions.IntervalCollection::GetEnumerator()	System
CostDelegate__ctor_m4027655829	System.Void System.Text.RegularExpressions.IntervalCollection/CostDelegate::.ctor(System.Object,System.IntPtr)	System
CostDelegate_Invoke_m898648402	System.Double System.Text.RegularExpressions.IntervalCollection/CostDelegate::Invoke(System.Text.RegularExpressions.Interval)	System
CostDelegate_BeginInvoke_m2828452701	System.IAsyncResult System.Text.RegularExpressions.IntervalCollection/CostDelegate::BeginInvoke(System.Text.RegularExpressions.Interval,System.AsyncCallback,System.Object)	System
CostDelegate_EndInvoke_m2797921932	System.Double System.Text.RegularExpressions.IntervalCollection/CostDelegate::EndInvoke(System.IAsyncResult)	System
Enumerator__ctor_m1228633090	System.Void System.Text.RegularExpressions.IntervalCollection/Enumerator::.ctor(System.Collections.IList)	System
Enumerator_get_Current_m359737019	System.Object System.Text.RegularExpressions.IntervalCollection/Enumerator::get_Current()	System
Enumerator_MoveNext_m55255603	System.Boolean System.Text.RegularExpressions.IntervalCollection/Enumerator::MoveNext()	System
Enumerator_Reset_m2498345483	System.Void System.Text.RegularExpressions.IntervalCollection/Enumerator::Reset()	System
LinkRef__ctor_m3071983504	System.Void System.Text.RegularExpressions.LinkRef::.ctor()	System
LinkStack__ctor_m1458748896	System.Void System.Text.RegularExpressions.LinkStack::.ctor()	System
LinkStack_Push_m3081279930	System.Void System.Text.RegularExpressions.LinkStack::Push()	System
LinkStack_Pop_m4048583474	System.Boolean System.Text.RegularExpressions.LinkStack::Pop()	System
Mark_get_IsDefined_m2539660708_AdjustorThunk	System.Boolean System.Text.RegularExpressions.Mark::get_IsDefined()	System
Mark_get_Index_m3048692661_AdjustorThunk	System.Int32 System.Text.RegularExpressions.Mark::get_Index()	System
Mark_get_Length_m2532192442_AdjustorThunk	System.Int32 System.Text.RegularExpressions.Mark::get_Length()	System
Match__ctor_m624429017	System.Void System.Text.RegularExpressions.Match::.ctor()	System
Match__ctor_m2464595873	System.Void System.Text.RegularExpressions.Match::.ctor(System.Text.RegularExpressions.Regex,System.Text.RegularExpressions.IMachine,System.String,System.Int32,System.Int32,System.Int32,System.Int32)	System
Match__ctor_m2425511580	System.Void System.Text.RegularExpressions.Match::.ctor(System.Text.RegularExpressions.Regex,System.Text.RegularExpressions.IMachine,System.String,System.Int32,System.Int32,System.Int32,System.Int32,System.Int32)	System
Match__cctor_m3511441780	System.Void System.Text.RegularExpressions.Match::.cctor()	System
Match_get_Empty_m2060287462	System.Text.RegularExpressions.Match System.Text.RegularExpressions.Match::get_Empty()	System
Match_get_Groups_m841244970	System.Text.RegularExpressions.GroupCollection System.Text.RegularExpressions.Match::get_Groups()	System
Match_NextMatch_m366671308	System.Text.RegularExpressions.Match System.Text.RegularExpressions.Match::NextMatch()	System
Match_get_Regex_m318048854	System.Text.RegularExpressions.Regex System.Text.RegularExpressions.Match::get_Regex()	System
MatchCollection__ctor_m4138850022	System.Void System.Text.RegularExpressions.MatchCollection::.ctor(System.Text.RegularExpressions.Match)	System
MatchCollection_get_Count_m1667454419	System.Int32 System.Text.RegularExpressions.MatchCollection::get_Count()	System
MatchCollection_get_IsSynchronized_m276031725	System.Boolean System.Text.RegularExpressions.MatchCollection::get_IsSynchronized()	System
MatchCollection_get_Item_m3516666721	System.Text.RegularExpressions.Match System.Text.RegularExpressions.MatchCollection::get_Item(System.Int32)	System
MatchCollection_get_SyncRoot_m1957585059	System.Object System.Text.RegularExpressions.MatchCollection::get_SyncRoot()	System
MatchCollection_CopyTo_m3807326147	System.Void System.Text.RegularExpressions.MatchCollection::CopyTo(System.Array,System.Int32)	System
MatchCollection_GetEnumerator_m3899212470	System.Collections.IEnumerator System.Text.RegularExpressions.MatchCollection::GetEnumerator()	System
MatchCollection_TryToGet_m1813945069	System.Boolean System.Text.RegularExpressions.MatchCollection::TryToGet(System.Int32)	System
MatchCollection_get_FullList_m1829231879	System.Collections.ICollection System.Text.RegularExpressions.MatchCollection::get_FullList()	System
Enumerator__ctor_m714733887	System.Void System.Text.RegularExpressions.MatchCollection/Enumerator::.ctor(System.Text.RegularExpressions.MatchCollection)	System
Enumerator_System_Collections_IEnumerator_Reset_m24787251	System.Void System.Text.RegularExpressions.MatchCollection/Enumerator::System.Collections.IEnumerator.Reset()	System
Enumerator_System_Collections_IEnumerator_get_Current_m666159028	System.Object System.Text.RegularExpressions.MatchCollection/Enumerator::System.Collections.IEnumerator.get_Current()	System
Enumerator_System_Collections_IEnumerator_MoveNext_m3182190557	System.Boolean System.Text.RegularExpressions.MatchCollection/Enumerator::System.Collections.IEnumerator.MoveNext()	System
MRUList__ctor_m3064247590	System.Void System.Text.RegularExpressions.MRUList::.ctor()	System
MRUList_Use_m110810900	System.Void System.Text.RegularExpressions.MRUList::Use(System.Object)	System
MRUList_Evict_m4016329834	System.Object System.Text.RegularExpressions.MRUList::Evict()	System
Node__ctor_m3885833051	System.Void System.Text.RegularExpressions.MRUList/Node::.ctor(System.Object)	System
PatternCompiler__ctor_m1221514440	System.Void System.Text.RegularExpressions.PatternCompiler::.ctor()	System
PatternCompiler_EncodeOp_m3656975400	System.UInt16 System.Text.RegularExpressions.PatternCompiler::EncodeOp(System.Text.RegularExpressions.OpCode,System.Text.RegularExpressions.OpFlags)	System
PatternCompiler_GetMachineFactory_m3758869886	System.Text.RegularExpressions.IMachineFactory System.Text.RegularExpressions.PatternCompiler::GetMachineFactory()	System
PatternCompiler_EmitFalse_m1347893438	System.Void System.Text.RegularExpressions.PatternCompiler::EmitFalse()	System
PatternCompiler_EmitTrue_m2226795800	System.Void System.Text.RegularExpressions.PatternCompiler::EmitTrue()	System
PatternCompiler_EmitCount_m1087322477	System.Void System.Text.RegularExpressions.PatternCompiler::EmitCount(System.Int32)	System
PatternCompiler_EmitCharacter_m1434994858	System.Void System.Text.RegularExpressions.PatternCompiler::EmitCharacter(System.Char,System.Boolean,System.Boolean,System.Boolean)	System
PatternCompiler_EmitCategory_m851169746	System.Void System.Text.RegularExpressions.PatternCompiler::EmitCategory(System.Text.RegularExpressions.Category,System.Boolean,System.Boolean)	System
PatternCompiler_EmitNotCategory_m2023580103	System.Void System.Text.RegularExpressions.PatternCompiler::EmitNotCategory(System.Text.RegularExpressions.Category,System.Boolean,System.Boolean)	System
PatternCompiler_EmitRange_m2566284920	System.Void System.Text.RegularExpressions.PatternCompiler::EmitRange(System.Char,System.Char,System.Boolean,System.Boolean,System.Boolean)	System
PatternCompiler_EmitSet_m2815529224	System.Void System.Text.RegularExpressions.PatternCompiler::EmitSet(System.Char,System.Collections.BitArray,System.Boolean,System.Boolean,System.Boolean)	System
PatternCompiler_EmitString_m3605578155	System.Void System.Text.RegularExpressions.PatternCompiler::EmitString(System.String,System.Boolean,System.Boolean)	System
PatternCompiler_EmitPosition_m2959691703	System.Void System.Text.RegularExpressions.PatternCompiler::EmitPosition(System.Text.RegularExpressions.Position)	System
PatternCompiler_EmitOpen_m3165174429	System.Void System.Text.RegularExpressions.PatternCompiler::EmitOpen(System.Int32)	System
PatternCompiler_EmitClose_m2259636270	System.Void System.Text.RegularExpressions.PatternCompiler::EmitClose(System.Int32)	System
PatternCompiler_EmitBalanceStart_m3310909460	System.Void System.Text.RegularExpressions.PatternCompiler::EmitBalanceStart(System.Int32,System.Int32,System.Boolean,System.Text.RegularExpressions.LinkRef)	System
PatternCompiler_EmitBalance_m3442526123	System.Void System.Text.RegularExpressions.PatternCompiler::EmitBalance()	System
PatternCompiler_EmitReference_m2546735804	System.Void System.Text.RegularExpressions.PatternCompiler::EmitReference(System.Int32,System.Boolean,System.Boolean)	System
PatternCompiler_EmitIfDefined_m2075050865	System.Void System.Text.RegularExpressions.PatternCompiler::EmitIfDefined(System.Int32,System.Text.RegularExpressions.LinkRef)	System
PatternCompiler_EmitSub_m193323684	System.Void System.Text.RegularExpressions.PatternCompiler::EmitSub(System.Text.RegularExpressions.LinkRef)	System
PatternCompiler_EmitTest_m764507779	System.Void System.Text.RegularExpressions.PatternCompiler::EmitTest(System.Text.RegularExpressions.LinkRef,System.Text.RegularExpressions.LinkRef)	System
PatternCompiler_EmitBranch_m3879973493	System.Void System.Text.RegularExpressions.PatternCompiler::EmitBranch(System.Text.RegularExpressions.LinkRef)	System
PatternCompiler_EmitJump_m3915926156	System.Void System.Text.RegularExpressions.PatternCompiler::EmitJump(System.Text.RegularExpressions.LinkRef)	System
PatternCompiler_EmitRepeat_m697083858	System.Void System.Text.RegularExpressions.PatternCompiler::EmitRepeat(System.Int32,System.Int32,System.Boolean,System.Text.RegularExpressions.LinkRef)	System
PatternCompiler_EmitUntil_m3644194775	System.Void System.Text.RegularExpressions.PatternCompiler::EmitUntil(System.Text.RegularExpressions.LinkRef)	System
PatternCompiler_EmitFastRepeat_m3012952683	System.Void System.Text.RegularExpressions.PatternCompiler::EmitFastRepeat(System.Int32,System.Int32,System.Boolean,System.Text.RegularExpressions.LinkRef)	System
PatternCompiler_EmitIn_m4131231439	System.Void System.Text.RegularExpressions.PatternCompiler::EmitIn(System.Text.RegularExpressions.LinkRef)	System
PatternCompiler_EmitAnchor_m1950537976	System.Void System.Text.RegularExpressions.PatternCompiler::EmitAnchor(System.Boolean,System.Int32,System.Text.RegularExpressions.LinkRef)	System
PatternCompiler_EmitInfo_m780326530	System.Void System.Text.RegularExpressions.PatternCompiler::EmitInfo(System.Int32,System.Int32,System.Int32)	System
PatternCompiler_NewLink_m3699449496	System.Text.RegularExpressions.LinkRef System.Text.RegularExpressions.PatternCompiler::NewLink()	System
PatternCompiler_ResolveLink_m2545921107	System.Void System.Text.RegularExpressions.PatternCompiler::ResolveLink(System.Text.RegularExpressions.LinkRef)	System
PatternCompiler_EmitBranchEnd_m2845168300	System.Void System.Text.RegularExpressions.PatternCompiler::EmitBranchEnd()	System
PatternCompiler_EmitAlternationEnd_m2444359097	System.Void System.Text.RegularExpressions.PatternCompiler::EmitAlternationEnd()	System
PatternCompiler_MakeFlags_m1977119795	System.Text.RegularExpressions.OpFlags System.Text.RegularExpressions.PatternCompiler::MakeFlags(System.Boolean,System.Boolean,System.Boolean,System.Boolean)	System
PatternCompiler_Emit_m3022689557	System.Void System.Text.RegularExpressions.PatternCompiler::Emit(System.Text.RegularExpressions.OpCode)	System
PatternCompiler_Emit_m1540115729	System.Void System.Text.RegularExpressions.PatternCompiler::Emit(System.Text.RegularExpressions.OpCode,System.Text.RegularExpressions.OpFlags)	System
PatternCompiler_Emit_m604664654	System.Void System.Text.RegularExpressions.PatternCompiler::Emit(System.UInt16)	System
PatternCompiler_get_CurrentAddress_m295383652	System.Int32 System.Text.RegularExpressions.PatternCompiler::get_CurrentAddress()	System
PatternCompiler_BeginLink_m1295557963	System.Void System.Text.RegularExpressions.PatternCompiler::BeginLink(System.Text.RegularExpressions.LinkRef)	System
PatternCompiler_EmitLink_m1012034249	System.Void System.Text.RegularExpressions.PatternCompiler::EmitLink(System.Text.RegularExpressions.LinkRef)	System
PatternLinkStack__ctor_m4175825564	System.Void System.Text.RegularExpressions.PatternCompiler/PatternLinkStack::.ctor()	System
PatternLinkStack_set_BaseAddress_m1446738163	System.Void System.Text.RegularExpressions.PatternCompiler/PatternLinkStack::set_BaseAddress(System.Int32)	System
PatternLinkStack_get_OffsetAddress_m3101911097	System.Int32 System.Text.RegularExpressions.PatternCompiler/PatternLinkStack::get_OffsetAddress()	System
PatternLinkStack_set_OffsetAddress_m2052096082	System.Void System.Text.RegularExpressions.PatternCompiler/PatternLinkStack::set_OffsetAddress(System.Int32)	System
PatternLinkStack_GetOffset_m3697714525	System.Int32 System.Text.RegularExpressions.PatternCompiler/PatternLinkStack::GetOffset(System.Int32)	System
PatternLinkStack_GetCurrent_m2744014759	System.Object System.Text.RegularExpressions.PatternCompiler/PatternLinkStack::GetCurrent()	System
PatternLinkStack_SetCurrent_m366511098	System.Void System.Text.RegularExpressions.PatternCompiler/PatternLinkStack::SetCurrent(System.Object)	System
QuickSearch__ctor_m430910133	System.Void System.Text.RegularExpressions.QuickSearch::.ctor(System.String,System.Boolean,System.Boolean)	System
QuickSearch__cctor_m2494832544	System.Void System.Text.RegularExpressions.QuickSearch::.cctor()	System
QuickSearch_get_Length_m1693906716	System.Int32 System.Text.RegularExpressions.QuickSearch::get_Length()	System
QuickSearch_Search_m3063517397	System.Int32 System.Text.RegularExpressions.QuickSearch::Search(System.String,System.Int32,System.Int32)	System
QuickSearch_SetupShiftTable_m3696400592	System.Void System.Text.RegularExpressions.QuickSearch::SetupShiftTable()	System
QuickSearch_GetShiftDistance_m2542665852	System.Int32 System.Text.RegularExpressions.QuickSearch::GetShiftDistance(System.Char)	System
QuickSearch_GetChar_m1297698557	System.Char System.Text.RegularExpressions.QuickSearch::GetChar(System.Char)	System
Regex__ctor_m1255796137	System.Void System.Text.RegularExpressions.Regex::.ctor()	System
Regex__ctor_m897876424	System.Void System.Text.RegularExpressions.Regex::.ctor(System.String)	System
Regex__ctor_m1728442805	System.Void System.Text.RegularExpressions.Regex::.ctor(System.String,System.Text.RegularExpressions.RegexOptions)	System
Regex__ctor_m4152689500	System.Void System.Text.RegularExpressions.Regex::.ctor(System.Runtime.Serialization.SerializationInfo,System.Runtime.Serialization.StreamingContext)	System
Regex__cctor_m3370093859	System.Void System.Text.RegularExpressions.Regex::.cctor()	System
Regex_validate_options_m3221650569	System.Void System.Text.RegularExpressions.Regex::validate_options(System.Text.RegularExpressions.RegexOptions)	System
Regex_Init_m289933770	System.Void System.Text.RegularExpressions.Regex::Init()	System
Regex_InitNewRegex_m3271185474	System.Void System.Text.RegularExpressions.Regex::InitNewRegex()	System
Regex_CreateMachineFactory_m4274762546	System.Text.RegularExpressions.IMachineFactory System.Text.RegularExpressions.Regex::CreateMachineFactory(System.String,System.Text.RegularExpressions.RegexOptions)	System
Regex_get_RightToLeft_m2317867572	System.Boolean System.Text.RegularExpressions.Regex::get_RightToLeft()	System
Regex_GetGroupIndex_m4131147974	System.Int32 System.Text.RegularExpressions.Regex::GetGroupIndex(System.Int32)	System
Regex_default_startat_m4206401165	System.Int32 System.Text.RegularExpressions.Regex::default_startat(System.String)	System
Regex_IsMatch_m4067478295	System.Boolean System.Text.RegularExpressions.Regex::IsMatch(System.String)	System
Regex_IsMatch_m2113092601	System.Boolean System.Text.RegularExpressions.Regex::IsMatch(System.String,System.Int32)	System
Regex_Match_m4145799399	System.Text.RegularExpressions.Match System.Text.RegularExpressions.Regex::Match(System.String,System.Int32)	System
Regex_Matches_m175567660	System.Text.RegularExpressions.MatchCollection System.Text.RegularExpressions.Regex::Matches(System.String)	System
Regex_Matches_m2080913806	System.Text.RegularExpressions.MatchCollection System.Text.RegularExpressions.Regex::Matches(System.String,System.Int32)	System
Regex_ToString_m1548107455	System.String System.Text.RegularExpressions.Regex::ToString()	System
Regex_get_Gap_m3259754026	System.Int32 System.Text.RegularExpressions.Regex::get_Gap()	System
Regex_CreateMachine_m334863819	System.Text.RegularExpressions.IMachine System.Text.RegularExpressions.Regex::CreateMachine()	System
Regex_GetGroupNamesArray_m3575729002	System.String[] System.Text.RegularExpressions.Regex::GetGroupNamesArray(System.Int32,System.Collections.IDictionary)	System
Regex_get_GroupNumbers_m2296197918	System.Int32[] System.Text.RegularExpressions.Regex::get_GroupNumbers()	System
Alternation__ctor_m1629257642	System.Void System.Text.RegularExpressions.Syntax.Alternation::.ctor()	System
Alternation_get_Alternatives_m1978796879	System.Text.RegularExpressions.Syntax.ExpressionCollection System.Text.RegularExpressions.Syntax.Alternation::get_Alternatives()	System
Alternation_AddAlternative_m3625038910	System.Void System.Text.RegularExpressions.Syntax.Alternation::AddAlternative(System.Text.RegularExpressions.Syntax.Expression)	System
Alternation_Compile_m944357616	System.Void System.Text.RegularExpressions.Syntax.Alternation::Compile(System.Text.RegularExpressions.ICompiler,System.Boolean)	System
Alternation_GetWidth_m2955030832	System.Void System.Text.RegularExpressions.Syntax.Alternation::GetWidth(System.Int32&,System.Int32&)	System
AnchorInfo__ctor_m3523994803	System.Void System.Text.RegularExpressions.Syntax.AnchorInfo::.ctor(System.Text.RegularExpressions.Syntax.Expression,System.Int32)	System
AnchorInfo__ctor_m3869855453	System.Void System.Text.RegularExpressions.Syntax.AnchorInfo::.ctor(System.Text.RegularExpressions.Syntax.Expression,System.Int32,System.Int32,System.String,System.Boolean)	System
AnchorInfo__ctor_m46784903	System.Void System.Text.RegularExpressions.Syntax.AnchorInfo::.ctor(System.Text.RegularExpressions.Syntax.Expression,System.Int32,System.Int32,System.Text.RegularExpressions.Position)	System
AnchorInfo_get_Offset_m2045445765	System.Int32 System.Text.RegularExpressions.Syntax.AnchorInfo::get_Offset()	System
AnchorInfo_get_Width_m3579824419	System.Int32 System.Text.RegularExpressions.Syntax.AnchorInfo::get_Width()	System
AnchorInfo_get_Length_m1361685865	System.Int32 System.Text.RegularExpressions.Syntax.AnchorInfo::get_Length()	System
AnchorInfo_get_IsUnknownWidth_m830883035	System.Boolean System.Text.RegularExpressions.Syntax.AnchorInfo::get_IsUnknownWidth()	System
AnchorInfo_get_IsComplete_m4053892818	System.Boolean System.Text.RegularExpressions.Syntax.AnchorInfo::get_IsComplete()	System
AnchorInfo_get_Substring_m1799385132	System.String System.Text.RegularExpressions.Syntax.AnchorInfo::get_Substring()	System
AnchorInfo_get_IgnoreCase_m4084905689	System.Boolean System.Text.RegularExpressions.Syntax.AnchorInfo::get_IgnoreCase()	System
AnchorInfo_get_Position_m1133366486	System.Text.RegularExpressions.Position System.Text.RegularExpressions.Syntax.AnchorInfo::get_Position()	System
AnchorInfo_get_IsSubstring_m1536110387	System.Boolean System.Text.RegularExpressions.Syntax.AnchorInfo::get_IsSubstring()	System
AnchorInfo_get_IsPosition_m2100552190	System.Boolean System.Text.RegularExpressions.Syntax.AnchorInfo::get_IsPosition()	System
AnchorInfo_GetInterval_m2808989035	System.Text.RegularExpressions.Interval System.Text.RegularExpressions.Syntax.AnchorInfo::GetInterval(System.Int32)	System
Assertion__ctor_m2128950829	System.Void System.Text.RegularExpressions.Syntax.Assertion::.ctor()	System
Assertion_get_TrueExpression_m2743006331	System.Text.RegularExpressions.Syntax.Expression System.Text.RegularExpressions.Syntax.Assertion::get_TrueExpression()	System
Assertion_set_TrueExpression_m530142558	System.Void System.Text.RegularExpressions.Syntax.Assertion::set_TrueExpression(System.Text.RegularExpressions.Syntax.Expression)	System
Assertion_get_FalseExpression_m2609188285	System.Text.RegularExpressions.Syntax.Expression System.Text.RegularExpressions.Syntax.Assertion::get_FalseExpression()	System
Assertion_set_FalseExpression_m468310168	System.Void System.Text.RegularExpressions.Syntax.Assertion::set_FalseExpression(System.Text.RegularExpressions.Syntax.Expression)	System
Assertion_GetWidth_m3431863255	System.Void System.Text.RegularExpressions.Syntax.Assertion::GetWidth(System.Int32&,System.Int32&)	System
BackslashNumber__ctor_m3802423446	System.Void System.Text.RegularExpressions.Syntax.BackslashNumber::.ctor(System.Boolean,System.Boolean)	System
BackslashNumber_ResolveReference_m4176908213	System.Boolean System.Text.RegularExpressions.Syntax.BackslashNumber::ResolveReference(System.String,System.Collections.Hashtable)	System
BackslashNumber_Compile_m1825066804	System.Void System.Text.RegularExpressions.Syntax.BackslashNumber::Compile(System.Text.RegularExpressions.ICompiler,System.Boolean)	System
BalancingGroup__ctor_m2760700418	System.Void System.Text.RegularExpressions.Syntax.BalancingGroup::.ctor()	System
BalancingGroup_set_Balance_m3289053627	System.Void System.Text.RegularExpressions.Syntax.BalancingGroup::set_Balance(System.Text.RegularExpressions.Syntax.CapturingGroup)	System
BalancingGroup_Compile_m2575117193	System.Void System.Text.RegularExpressions.Syntax.BalancingGroup::Compile(System.Text.RegularExpressions.ICompiler,System.Boolean)	System
CaptureAssertion__ctor_m1422197394	System.Void System.Text.RegularExpressions.Syntax.CaptureAssertion::.ctor(System.Text.RegularExpressions.Syntax.Literal)	System
CaptureAssertion_set_CapturingGroup_m2003123956	System.Void System.Text.RegularExpressions.Syntax.CaptureAssertion::set_CapturingGroup(System.Text.RegularExpressions.Syntax.CapturingGroup)	System
CaptureAssertion_Compile_m1815624462	System.Void System.Text.RegularExpressions.Syntax.CaptureAssertion::Compile(System.Text.RegularExpressions.ICompiler,System.Boolean)	System
CaptureAssertion_IsComplex_m237493585	System.Boolean System.Text.RegularExpressions.Syntax.CaptureAssertion::IsComplex()	System
CaptureAssertion_get_Alternate_m4172691807	System.Text.RegularExpressions.Syntax.ExpressionAssertion System.Text.RegularExpressions.Syntax.CaptureAssertion::get_Alternate()	System
CapturingGroup__ctor_m1932199154	System.Void System.Text.RegularExpressions.Syntax.CapturingGroup::.ctor()	System
CapturingGroup_get_Index_m3406974370	System.Int32 System.Text.RegularExpressions.Syntax.CapturingGroup::get_Index()	System
CapturingGroup_set_Index_m1113018009	System.Void System.Text.RegularExpressions.Syntax.CapturingGroup::set_Index(System.Int32)	System
CapturingGroup_get_Name_m3747712535	System.String System.Text.RegularExpressions.Syntax.CapturingGroup::get_Name()	System
CapturingGroup_set_Name_m3031988208	System.Void System.Text.RegularExpressions.Syntax.CapturingGroup::set_Name(System.String)	System
CapturingGroup_get_IsNamed_m570289083	System.Boolean System.Text.RegularExpressions.Syntax.CapturingGroup::get_IsNamed()	System
CapturingGroup_Compile_m1789150976	System.Void System.Text.RegularExpressions.Syntax.CapturingGroup::Compile(System.Text.RegularExpressions.ICompiler,System.Boolean)	System
CapturingGroup_IsComplex_m4061114763	System.Boolean System.Text.RegularExpressions.Syntax.CapturingGroup::IsComplex()	System
CapturingGroup_CompareTo_m4265294460	System.Int32 System.Text.RegularExpressions.Syntax.CapturingGroup::CompareTo(System.Object)	System
CharacterClass__ctor_m1294707193	System.Void System.Text.RegularExpressions.Syntax.CharacterClass::.ctor(System.Boolean,System.Boolean)	System
CharacterClass__ctor_m2417156412	System.Void System.Text.RegularExpressions.Syntax.CharacterClass::.ctor(System.Text.RegularExpressions.Category,System.Boolean)	System
CharacterClass__cctor_m443084915	System.Void System.Text.RegularExpressions.Syntax.CharacterClass::.cctor()	System
CharacterClass_AddCategory_m3505628817	System.Void System.Text.RegularExpressions.Syntax.CharacterClass::AddCategory(System.Text.RegularExpressions.Category,System.Boolean)	System
CharacterClass_AddCharacter_m2370152363	System.Void System.Text.RegularExpressions.Syntax.CharacterClass::AddCharacter(System.Char)	System
CharacterClass_AddRange_m3500530626	System.Void System.Text.RegularExpressions.Syntax.CharacterClass::AddRange(System.Char,System.Char)	System
CharacterClass_Compile_m3296067317	System.Void System.Text.RegularExpressions.Syntax.CharacterClass::Compile(System.Text.RegularExpressions.ICompiler,System.Boolean)	System
CharacterClass_GetWidth_m2503189403	System.Void System.Text.RegularExpressions.Syntax.CharacterClass::GetWidth(System.Int32&,System.Int32&)	System
CharacterClass_IsComplex_m1490839133	System.Boolean System.Text.RegularExpressions.Syntax.CharacterClass::IsComplex()	System
CharacterClass_GetIntervalCost_m4036989868	System.Double System.Text.RegularExpressions.Syntax.CharacterClass::GetIntervalCost(System.Text.RegularExpressions.Interval)	System
CompositeExpression__ctor_m2434860303	System.Void System.Text.RegularExpressions.Syntax.CompositeExpression::.ctor()	System
CompositeExpression_get_Expressions_m2951105322	System.Text.RegularExpressions.Syntax.ExpressionCollection System.Text.RegularExpressions.Syntax.CompositeExpression::get_Expressions()	System
CompositeExpression_GetWidth_m936348716	System.Void System.Text.RegularExpressions.Syntax.CompositeExpression::GetWidth(System.Int32&,System.Int32&,System.Int32)	System
CompositeExpression_IsComplex_m2236888323	System.Boolean System.Text.RegularExpressions.Syntax.CompositeExpression::IsComplex()	System
Expression__ctor_m1600460087	System.Void System.Text.RegularExpressions.Syntax.Expression::.ctor()	System
Expression_GetFixedWidth_m945658	System.Int32 System.Text.RegularExpressions.Syntax.Expression::GetFixedWidth()	System
Expression_GetAnchorInfo_m2996231682	System.Text.RegularExpressions.Syntax.AnchorInfo System.Text.RegularExpressions.Syntax.Expression::GetAnchorInfo(System.Boolean)	System
ExpressionAssertion__ctor_m2554412824	System.Void System.Text.RegularExpressions.Syntax.ExpressionAssertion::.ctor()	System
ExpressionAssertion_set_Reverse_m4141031406	System.Void System.Text.RegularExpressions.Syntax.ExpressionAssertion::set_Reverse(System.Boolean)	System
ExpressionAssertion_set_Negate_m1236561973	System.Void System.Text.RegularExpressions.Syntax.ExpressionAssertion::set_Negate(System.Boolean)	System
ExpressionAssertion_get_TestExpression_m727356674	System.Text.RegularExpressions.Syntax.Expression System.Text.RegularExpressions.Syntax.ExpressionAssertion::get_TestExpression()	System
ExpressionAssertion_set_TestExpression_m3544634251	System.Void System.Text.RegularExpressions.Syntax.ExpressionAssertion::set_TestExpression(System.Text.RegularExpressions.Syntax.Expression)	System
ExpressionAssertion_Compile_m2166597834	System.Void System.Text.RegularExpressions.Syntax.ExpressionAssertion::Compile(System.Text.RegularExpressions.ICompiler,System.Boolean)	System
ExpressionAssertion_IsComplex_m2085675212	System.Boolean System.Text.RegularExpressions.Syntax.ExpressionAssertion::IsComplex()	System
ExpressionCollection__ctor_m2806571689	System.Void System.Text.RegularExpressions.Syntax.ExpressionCollection::.ctor()	System
ExpressionCollection_Add_m41125344	System.Void System.Text.RegularExpressions.Syntax.ExpressionCollection::Add(System.Text.RegularExpressions.Syntax.Expression)	System
ExpressionCollection_get_Item_m3510736379	System.Text.RegularExpressions.Syntax.Expression System.Text.RegularExpressions.Syntax.ExpressionCollection::get_Item(System.Int32)	System
ExpressionCollection_set_Item_m2040804459	System.Void System.Text.RegularExpressions.Syntax.ExpressionCollection::set_Item(System.Int32,System.Text.RegularExpressions.Syntax.Expression)	System
ExpressionCollection_OnValidate_m3555775570	System.Void System.Text.RegularExpressions.Syntax.ExpressionCollection::OnValidate(System.Object)	System
Group__ctor_m2980794822	System.Void System.Text.RegularExpressions.Syntax.Group::.ctor()	System
Group_AppendExpression_m1633560475	System.Void System.Text.RegularExpressions.Syntax.Group::AppendExpression(System.Text.RegularExpressions.Syntax.Expression)	System
Group_Compile_m3355488790	System.Void System.Text.RegularExpressions.Syntax.Group::Compile(System.Text.RegularExpressions.ICompiler,System.Boolean)	System
Group_GetWidth_m3299755715	System.Void System.Text.RegularExpressions.Syntax.Group::GetWidth(System.Int32&,System.Int32&)	System
Group_GetAnchorInfo_m3730312864	System.Text.RegularExpressions.Syntax.AnchorInfo System.Text.RegularExpressions.Syntax.Group::GetAnchorInfo(System.Boolean)	System
Literal__ctor_m1697110877	System.Void System.Text.RegularExpressions.Syntax.Literal::.ctor(System.String,System.Boolean)	System
Literal_CompileLiteral_m4231400317	System.Void System.Text.RegularExpressions.Syntax.Literal::CompileLiteral(System.String,System.Text.RegularExpressions.ICompiler,System.Boolean,System.Boolean)	System
Literal_Compile_m2228022079	System.Void System.Text.RegularExpressions.Syntax.Literal::Compile(System.Text.RegularExpressions.ICompiler,System.Boolean)	System
Literal_GetWidth_m2673961846	System.Void System.Text.RegularExpressions.Syntax.Literal::GetWidth(System.Int32&,System.Int32&)	System
Literal_GetAnchorInfo_m810577400	System.Text.RegularExpressions.Syntax.AnchorInfo System.Text.RegularExpressions.Syntax.Literal::GetAnchorInfo(System.Boolean)	System
Literal_IsComplex_m4067122560	System.Boolean System.Text.RegularExpressions.Syntax.Literal::IsComplex()	System
NonBacktrackingGroup__ctor_m2332797184	System.Void System.Text.RegularExpressions.Syntax.NonBacktrackingGroup::.ctor()	System
NonBacktrackingGroup_Compile_m1731438724	System.Void System.Text.RegularExpressions.Syntax.NonBacktrackingGroup::Compile(System.Text.RegularExpressions.ICompiler,System.Boolean)	System
NonBacktrackingGroup_IsComplex_m823336948	System.Boolean System.Text.RegularExpressions.Syntax.NonBacktrackingGroup::IsComplex()	System
Parser__ctor_m3200411199	System.Void System.Text.RegularExpressions.Syntax.Parser::.ctor()	System
Parser_ParseDecimal_m245094461	System.Int32 System.Text.RegularExpressions.Syntax.Parser::ParseDecimal(System.String,System.Int32&)	System
Parser_ParseOctal_m1193445574	System.Int32 System.Text.RegularExpressions.Syntax.Parser::ParseOctal(System.String,System.Int32&)	System
Parser_ParseHex_m3698548444	System.Int32 System.Text.RegularExpressions.Syntax.Parser::ParseHex(System.String,System.Int32&,System.Int32)	System
Parser_ParseNumber_m2114552835	System.Int32 System.Text.RegularExpressions.Syntax.Parser::ParseNumber(System.String,System.Int32&,System.Int32,System.Int32,System.Int32)	System
Parser_ParseName_m1814604608	System.String System.Text.RegularExpressions.Syntax.Parser::ParseName(System.String,System.Int32&)	System
Parser_ParseRegularExpression_m18398587	System.Text.RegularExpressions.Syntax.RegularExpression System.Text.RegularExpressions.Syntax.Parser::ParseRegularExpression(System.String,System.Text.RegularExpressions.RegexOptions)	System
Parser_GetMapping_m1792972121	System.Int32 System.Text.RegularExpressions.Syntax.Parser::GetMapping(System.Collections.Hashtable)	System
Parser_ParseGroup_m3186460488	System.Void System.Text.RegularExpressions.Syntax.Parser::ParseGroup(System.Text.RegularExpressions.Syntax.Group,System.Text.RegularExpressions.RegexOptions,System.Text.RegularExpressions.Syntax.Assertion)	System
Parser_ParseGroupingConstruct_m263270497	System.Text.RegularExpressions.Syntax.Expression System.Text.RegularExpressions.Syntax.Parser::ParseGroupingConstruct(System.Text.RegularExpressions.RegexOptions&)	System
Parser_ParseAssertionType_m2403454228	System.Boolean System.Text.RegularExpressions.Syntax.Parser::ParseAssertionType(System.Text.RegularExpressions.Syntax.ExpressionAssertion)	System
Parser_ParseOptions_m2606822689	System.Void System.Text.RegularExpressions.Syntax.Parser::ParseOptions(System.Text.RegularExpressions.RegexOptions&,System.Boolean)	System
Parser_ParseCharacterClass_m4285351396	System.Text.RegularExpressions.Syntax.Expression System.Text.RegularExpressions.Syntax.Parser::ParseCharacterClass(System.Text.RegularExpressions.RegexOptions)	System
Parser_ParseRepetitionBounds_m1246581246	System.Boolean System.Text.RegularExpressions.Syntax.Parser::ParseRepetitionBounds(System.Int32&,System.Int32&,System.Text.RegularExpressions.RegexOptions)	System
Parser_ParseUnicodeCategory_m100397645	System.Text.RegularExpressions.Category System.Text.RegularExpressions.Syntax.Parser::ParseUnicodeCategory()	System
Parser_ParseSpecial_m1961501104	System.Text.RegularExpressions.Syntax.Expression System.Text.RegularExpressions.Syntax.Parser::ParseSpecial(System.Text.RegularExpressions.RegexOptions)	System
Parser_ParseEscape_m956682155	System.Int32 System.Text.RegularExpressions.Syntax.Parser::ParseEscape()	System
Parser_ParseName_m2057792975	System.String System.Text.RegularExpressions.Syntax.Parser::ParseName()	System
Parser_IsNameChar_m698176442	System.Boolean System.Text.RegularExpressions.Syntax.Parser::IsNameChar(System.Char)	System
Parser_ParseNumber_m3464424197	System.Int32 System.Text.RegularExpressions.Syntax.Parser::ParseNumber(System.Int32,System.Int32,System.Int32)	System
Parser_ParseDigit_m2336300552	System.Int32 System.Text.RegularExpressions.Syntax.Parser::ParseDigit(System.Char,System.Int32,System.Int32)	System
Parser_ConsumeWhitespace_m3364496713	System.Void System.Text.RegularExpressions.Syntax.Parser::ConsumeWhitespace(System.Boolean)	System
Parser_ResolveReferences_m1518052352	System.Void System.Text.RegularExpressions.Syntax.Parser::ResolveReferences()	System
Parser_HandleExplicitNumericGroups_m1412234891	System.Void System.Text.RegularExpressions.Syntax.Parser::HandleExplicitNumericGroups(System.Collections.ArrayList)	System
Parser_IsIgnoreCase_m2210120858	System.Boolean System.Text.RegularExpressions.Syntax.Parser::IsIgnoreCase(System.Text.RegularExpressions.RegexOptions)	System
Parser_IsMultiline_m3953355516	System.Boolean System.Text.RegularExpressions.Syntax.Parser::IsMultiline(System.Text.RegularExpressions.RegexOptions)	System
Parser_IsExplicitCapture_m2741347241	System.Boolean System.Text.RegularExpressions.Syntax.Parser::IsExplicitCapture(System.Text.RegularExpressions.RegexOptions)	System
Parser_IsSingleline_m326238187	System.Boolean System.Text.RegularExpressions.Syntax.Parser::IsSingleline(System.Text.RegularExpressions.RegexOptions)	System
Parser_IsIgnorePatternWhitespace_m2107132682	System.Boolean System.Text.RegularExpressions.Syntax.Parser::IsIgnorePatternWhitespace(System.Text.RegularExpressions.RegexOptions)	System
Parser_IsECMAScript_m674158805	System.Boolean System.Text.RegularExpressions.Syntax.Parser::IsECMAScript(System.Text.RegularExpressions.RegexOptions)	System
Parser_NewParseException_m686511029	System.ArgumentException System.Text.RegularExpressions.Syntax.Parser::NewParseException(System.String)	System
PositionAssertion__ctor_m569003936	System.Void System.Text.RegularExpressions.Syntax.PositionAssertion::.ctor(System.Text.RegularExpressions.Position)	System
PositionAssertion_Compile_m2500980346	System.Void System.Text.RegularExpressions.Syntax.PositionAssertion::Compile(System.Text.RegularExpressions.ICompiler,System.Boolean)	System
PositionAssertion_GetWidth_m856687117	System.Void System.Text.RegularExpressions.Syntax.PositionAssertion::GetWidth(System.Int32&,System.Int32&)	System
PositionAssertion_IsComplex_m3339056668	System.Boolean System.Text.RegularExpressions.Syntax.PositionAssertion::IsComplex()	System
PositionAssertion_GetAnchorInfo_m32057718	System.Text.RegularExpressions.Syntax.AnchorInfo System.Text.RegularExpressions.Syntax.PositionAssertion::GetAnchorInfo(System.Boolean)	System
Reference__ctor_m1870245246	System.Void System.Text.RegularExpressions.Syntax.Reference::.ctor(System.Boolean)	System
Reference_get_CapturingGroup_m3861468528	System.Text.RegularExpressions.Syntax.CapturingGroup System.Text.RegularExpressions.Syntax.Reference::get_CapturingGroup()	System
Reference_set_CapturingGroup_m1130974240	System.Void System.Text.RegularExpressions.Syntax.Reference::set_CapturingGroup(System.Text.RegularExpressions.Syntax.CapturingGroup)	System
Reference_get_IgnoreCase_m241264953	System.Boolean System.Text.RegularExpressions.Syntax.Reference::get_IgnoreCase()	System
Reference_Compile_m4195878675	System.Void System.Text.RegularExpressions.Syntax.Reference::Compile(System.Text.RegularExpressions.ICompiler,System.Boolean)	System
Reference_GetWidth_m3130781491	System.Void System.Text.RegularExpressions.Syntax.Reference::GetWidth(System.Int32&,System.Int32&)	System
Reference_IsComplex_m3000063927	System.Boolean System.Text.RegularExpressions.Syntax.Reference::IsComplex()	System
RegularExpression__ctor_m119502265	System.Void System.Text.RegularExpressions.Syntax.RegularExpression::.ctor()	System
RegularExpression_set_GroupCount_m3908887512	System.Void System.Text.RegularExpressions.Syntax.RegularExpression::set_GroupCount(System.Int32)	System
RegularExpression_Compile_m2385682508	System.Void System.Text.RegularExpressions.Syntax.RegularExpression::Compile(System.Text.RegularExpressions.ICompiler,System.Boolean)	System
Repetition__ctor_m1672362629	System.Void System.Text.RegularExpressions.Syntax.Repetition::.ctor(System.Int32,System.Int32,System.Boolean)	System
Repetition_get_Expression_m2673886232	System.Text.RegularExpressions.Syntax.Expression System.Text.RegularExpressions.Syntax.Repetition::get_Expression()	System
Repetition_set_Expression_m1234887071	System.Void System.Text.RegularExpressions.Syntax.Repetition::set_Expression(System.Text.RegularExpressions.Syntax.Expression)	System
Repetition_get_Minimum_m2550947568	System.Int32 System.Text.RegularExpressions.Syntax.Repetition::get_Minimum()	System
Repetition_Compile_m988726715	System.Void System.Text.RegularExpressions.Syntax.Repetition::Compile(System.Text.RegularExpressions.ICompiler,System.Boolean)	System
Repetition_GetWidth_m1827161831	System.Void System.Text.RegularExpressions.Syntax.Repetition::GetWidth(System.Int32&,System.Int32&)	System
Repetition_GetAnchorInfo_m2615648496	System.Text.RegularExpressions.Syntax.AnchorInfo System.Text.RegularExpressions.Syntax.Repetition::GetAnchorInfo(System.Boolean)	System
Uri__ctor_m800430703	System.Void System.Uri::.ctor(System.String)	System
Uri__ctor_m3848281005	System.Void System.Uri::.ctor(System.Runtime.Serialization.SerializationInfo,System.Runtime.Serialization.StreamingContext)	System
Uri__ctor_m3040793867	System.Void System.Uri::.ctor(System.String,System.UriKind)	System
Uri__ctor_m253204164	System.Void System.Uri::.ctor(System.Uri,System.Uri)	System
Uri__ctor_m3577021606	System.Void System.Uri::.ctor(System.String,System.Boolean)	System
Uri__cctor_m38080231	System.Void System.Uri::.cctor()	System
Uri_Merge_m76373955	System.Void System.Uri::Merge(System.Uri,System.String)	System
Uri_get_AbsoluteUri_m2582056986	System.String System.Uri::get_AbsoluteUri()	System
Uri_get_Authority_m3816772302	System.String System.Uri::get_Authority()	System
Uri_get_Host_m255565830	System.String System.Uri::get_Host()	System
Uri_get_IsFile_m2450018824	System.Boolean System.Uri::get_IsFile()	System
Uri_get_IsLoopback_m2492530169	System.Boolean System.Uri::get_IsLoopback()	System
Uri_get_IsUnc_m2977972311	System.Boolean System.Uri::get_IsUnc()	System
Uri_get_Scheme_m2109479391	System.String System.Uri::get_Scheme()	System
Uri_get_IsAbsoluteUri_m3666899587	System.Boolean System.Uri::get_IsAbsoluteUri()	System
Uri_get_OriginalString_m3715995233	System.String System.Uri::get_OriginalString()	System
Uri_CheckHostName_m2213216182	System.UriHostNameType System.Uri::CheckHostName(System.String)	System
Uri_IsIPv4Address_m3535481943	System.Boolean System.Uri::IsIPv4Address(System.String)	System
Uri_IsDomainAddress_m2867513594	System.Boolean System.Uri::IsDomainAddress(System.String)	System
Uri_CheckSchemeName_m108657675	System.Boolean System.Uri::CheckSchemeName(System.String)	System
Uri_IsAlpha_m1282293464	System.Boolean System.Uri::IsAlpha(System.Char)	System
Uri_Equals_m3263316701	System.Boolean System.Uri::Equals(System.Object)	System
Uri_InternalEquals_m2029068366	System.Boolean System.Uri::InternalEquals(System.Uri)	System
Uri_GetHashCode_m321999866	System.Int32 System.Uri::GetHashCode()	System
Uri_GetLeftPart_m3979111399	System.String System.Uri::GetLeftPart(System.UriPartial)	System
Uri_FromHex_m2610708947	System.Int32 System.Uri::FromHex(System.Char)	System
Uri_HexEscape_m1589417657	System.String System.Uri::HexEscape(System.Char)	System
Uri_IsHexDigit_m3389749670	System.Boolean System.Uri::IsHexDigit(System.Char)	System
Uri_IsHexEncoding_m3290929897	System.Boolean System.Uri::IsHexEncoding(System.String,System.Int32)	System
Uri_AppendQueryAndFragment_m3170766010	System.Void System.Uri::AppendQueryAndFragment(System.String&)	System
Uri_ToString_m3742105950	System.String System.Uri::ToString()	System
Uri_EscapeString_m2061933484	System.String System.Uri::EscapeString(System.String)	System
Uri_EscapeString_m3864445955	System.String System.Uri::EscapeString(System.String,System.Boolean,System.Boolean,System.Boolean)	System
Uri_ParseUri_m2150795567	System.Void System.Uri::ParseUri(System.UriKind)	System
Uri_Unescape_m3373094076	System.String System.Uri::Unescape(System.String)	System
Uri_Unescape_m910903869	System.String System.Uri::Unescape(System.String,System.Boolean)	System
Uri_ParseAsWindowsUNC_m2348878458	System.Void System.Uri::ParseAsWindowsUNC(System.String)	System
Uri_ParseAsWindowsAbsoluteFilePath_m708354183	System.String System.Uri::ParseAsWindowsAbsoluteFilePath(System.String)	System
Uri_ParseAsUnixAbsoluteFilePath_m1476768041	System.Void System.Uri::ParseAsUnixAbsoluteFilePath(System.String)	System
Uri_Parse_m736300106	System.Void System.Uri::Parse(System.UriKind,System.String)	System
Uri_ParseNoExceptions_m4274141693	System.String System.Uri::ParseNoExceptions(System.UriKind,System.String)	System
Uri_CompactEscaped_m2984961597	System.Boolean System.Uri::CompactEscaped(System.String)	System
Uri_Reduce_m3122437040	System.String System.Uri::Reduce(System.String,System.Boolean)	System
Uri_HexUnescapeMultiByte_m332853996	System.Char System.Uri::HexUnescapeMultiByte(System.String,System.Int32&,System.Char&)	System
Uri_GetSchemeDelimiter_m2374610473	System.String System.Uri::GetSchemeDelimiter(System.String)	System
Uri_GetDefaultPort_m2547653357	System.Int32 System.Uri::GetDefaultPort(System.String)	System
Uri_GetOpaqueWiseSchemeDelimiter_m1909471550	System.String System.Uri::GetOpaqueWiseSchemeDelimiter()	System
Uri_IsPredefinedScheme_m1188665625	System.Boolean System.Uri::IsPredefinedScheme(System.String)	System
Uri_get_Parser_m3737125102	System.UriParser System.Uri::get_Parser()	System
Uri_EnsureAbsoluteUri_m2231483494	System.Void System.Uri::EnsureAbsoluteUri()	System
Uri_op_Equality_m685520154	System.Boolean System.Uri::op_Equality(System.Uri,System.Uri)	System
UriScheme__ctor_m1399779782_AdjustorThunk	System.Void System.Uri/UriScheme::.ctor(System.String,System.String,System.Int32)	System
UriFormatException__ctor_m1115096473	System.Void System.UriFormatException::.ctor()	System
UriFormatException__ctor_m3083316541	System.Void System.UriFormatException::.ctor(System.String)	System
UriFormatException__ctor_m3466512970	System.Void System.UriFormatException::.ctor(System.Runtime.Serialization.SerializationInfo,System.Runtime.Serialization.StreamingContext)	System
UriParser__ctor_m2454688443	System.Void System.UriParser::.ctor()	System
UriParser__cctor_m3655686731	System.Void System.UriParser::.cctor()	System
UriParser_InitializeAndValidate_m2008117311	System.Void System.UriParser::InitializeAndValidate(System.Uri,System.UriFormatException&)	System
UriParser_OnRegister_m3283921560	System.Void System.UriParser::OnRegister(System.String,System.Int32)	System
UriParser_set_SchemeName_m266448765	System.Void System.UriParser::set_SchemeName(System.String)	System
UriParser_get_DefaultPort_m2544851211	System.Int32 System.UriParser::get_DefaultPort()	System
UriParser_set_DefaultPort_m4007715058	System.Void System.UriParser::set_DefaultPort(System.Int32)	System
UriParser_CreateDefaults_m404296154	System.Void System.UriParser::CreateDefaults()	System
UriParser_InternalRegister_m3643767086	System.Void System.UriParser::InternalRegister(System.Collections.Hashtable,System.UriParser,System.String,System.Int32)	System
UriParser_GetParser_m544052729	System.UriParser System.UriParser::GetParser(System.String)	System
Locale_GetText_m1626635120	System.String Locale::GetText(System.String)	System.Core
Locale_GetText_m2427493201	System.String Locale::GetText(System.String,System.Object[])	System.Core
KeyBuilder_get_Rng_m3373220441	System.Security.Cryptography.RandomNumberGenerator Mono.Security.Cryptography.KeyBuilder::get_Rng()	System.Core
KeyBuilder_Key_m2503211157	System.Byte[] Mono.Security.Cryptography.KeyBuilder::Key(System.Int32)	System.Core
KeyBuilder_IV_m3340234014	System.Byte[] Mono.Security.Cryptography.KeyBuilder::IV(System.Int32)	System.Core
SymmetricTransform__ctor_m2693628991	System.Void Mono.Security.Cryptography.SymmetricTransform::.ctor(System.Security.Cryptography.SymmetricAlgorithm,System.Boolean,System.Byte[])	System.Core
SymmetricTransform_System_IDisposable_Dispose_m3657987482	System.Void Mono.Security.Cryptography.SymmetricTransform::System.IDisposable.Dispose()	System.Core
SymmetricTransform_Finalize_m4129642865	System.Void Mono.Security.Cryptography.SymmetricTransform::Finalize()	System.Core
SymmetricTransform_Dispose_m375394407	System.Void Mono.Security.Cryptography.SymmetricTransform::Dispose(System.Boolean)	System.Core
SymmetricTransform_get_CanReuseTransform_m3495714228	System.Boolean Mono.Security.Cryptography.SymmetricTransform::get_CanReuseTransform()	System.Core
SymmetricTransform_Transform_m1683494363	System.Void Mono.Security.Cryptography.SymmetricTransform::Transform(System.Byte[],System.Byte[])	System.Core
SymmetricTransform_CBC_m3648398454	System.Void Mono.Security.Cryptography.SymmetricTransform::CBC(System.Byte[],System.Byte[])	System.Core
SymmetricTransform_CFB_m1755507252	System.Void Mono.Security.Cryptography.SymmetricTransform::CFB(System.Byte[],System.Byte[])	System.Core
SymmetricTransform_OFB_m3690147804	System.Void Mono.Security.Cryptography.SymmetricTransform::OFB(System.Byte[],System.Byte[])	System.Core
SymmetricTransform_CTS_m764800021	System.Void Mono.Security.Cryptography.SymmetricTransform::CTS(System.Byte[],System.Byte[])	System.Core
SymmetricTransform_CheckInput_m2092289040	System.Void Mono.Security.Cryptography.SymmetricTransform::CheckInput(System.Byte[],System.Int32,System.Int32)	System.Core
SymmetricTransform_TransformBlock_m851059707	System.Int32 Mono.Security.Cryptography.SymmetricTransform::TransformBlock(System.Byte[],System.Int32,System.Int32,System.Byte[],System.Int32)	System.Core
SymmetricTransform_get_KeepLastBlock_m2492071306	System.Boolean Mono.Security.Cryptography.SymmetricTransform::get_KeepLastBlock()	System.Core
SymmetricTransform_InternalTransformBlock_m1743612142	System.Int32 Mono.Security.Cryptography.SymmetricTransform::InternalTransformBlock(System.Byte[],System.Int32,System.Int32,System.Byte[],System.Int32)	System.Core
SymmetricTransform_Random_m3740038270	System.Void Mono.Security.Cryptography.SymmetricTransform::Random(System.Byte[],System.Int32,System.Int32)	System.Core
SymmetricTransform_ThrowBadPaddingException_m2898061954	System.Void Mono.Security.Cryptography.SymmetricTransform::ThrowBadPaddingException(System.Security.Cryptography.PaddingMode,System.Int32,System.Int32)	System.Core
SymmetricTransform_FinalEncrypt_m748885414	System.Byte[] Mono.Security.Cryptography.SymmetricTransform::FinalEncrypt(System.Byte[],System.Int32,System.Int32)	System.Core
SymmetricTransform_FinalDecrypt_m764004682	System.Byte[] Mono.Security.Cryptography.SymmetricTransform::FinalDecrypt(System.Byte[],System.Int32,System.Int32)	System.Core
SymmetricTransform_TransformFinalBlock_m1030888689	System.Byte[] Mono.Security.Cryptography.SymmetricTransform::TransformFinalBlock(System.Byte[],System.Int32,System.Int32)	System.Core
Action__ctor_m2994342681	System.Void System.Action::.ctor(System.Object,System.IntPtr)	System.Core
Action_Invoke_m937035532	System.Void System.Action::Invoke()	System.Core
Action_BeginInvoke_m2907948038	System.IAsyncResult System.Action::BeginInvoke(System.AsyncCallback,System.Object)	System.Core
Action_EndInvoke_m1690492879	System.Void System.Action::EndInvoke(System.IAsyncResult)	System.Core
Check_Source_m4098695967	System.Void System.Linq.Check::Source(System.Object)	System.Core
Check_SourceAndPredicate_m2332465641	System.Void System.Linq.Check::SourceAndPredicate(System.Object,System.Object)	System.Core
MonoTODOAttribute__ctor_m2619396706	System.Void System.MonoTODOAttribute::.ctor()	System.Core
ExtensionAttribute__ctor_m1708143005	System.Void System.Runtime.CompilerServices.ExtensionAttribute::.ctor()	System.Core
Aes__ctor_m178909601	System.Void System.Security.Cryptography.Aes::.ctor()	System.Core
AesManaged__ctor_m1349486362	System.Void System.Security.Cryptography.AesManaged::.ctor()	System.Core
AesManaged_GenerateIV_m1368817386	System.Void System.Security.Cryptography.AesManaged::GenerateIV()	System.Core
AesManaged_GenerateKey_m2004209814	System.Void System.Security.Cryptography.AesManaged::GenerateKey()	System.Core
AesManaged_CreateDecryptor_m692040246	System.Security.Cryptography.ICryptoTransform System.Security.Cryptography.AesManaged::CreateDecryptor(System.Byte[],System.Byte[])	System.Core
AesManaged_CreateEncryptor_m2294080233	System.Security.Cryptography.ICryptoTransform System.Security.Cryptography.AesManaged::CreateEncryptor(System.Byte[],System.Byte[])	System.Core
AesManaged_get_IV_m118095902	System.Byte[] System.Security.Cryptography.AesManaged::get_IV()	System.Core
AesManaged_set_IV_m3705704588	System.Void System.Security.Cryptography.AesManaged::set_IV(System.Byte[])	System.Core
AesManaged_get_Key_m538801386	System.Byte[] System.Security.Cryptography.AesManaged::get_Key()	System.Core
AesManaged_set_Key_m767972181	System.Void System.Security.Cryptography.AesManaged::set_Key(System.Byte[])	System.Core
AesManaged_get_KeySize_m1181452829	System.Int32 System.Security.Cryptography.AesManaged::get_KeySize()	System.Core
AesManaged_set_KeySize_m1150692274	System.Void System.Security.Cryptography.AesManaged::set_KeySize(System.Int32)	System.Core
AesManaged_CreateDecryptor_m752875210	System.Security.Cryptography.ICryptoTransform System.Security.Cryptography.AesManaged::CreateDecryptor()	System.Core
AesManaged_CreateEncryptor_m1611897367	System.Security.Cryptography.ICryptoTransform System.Security.Cryptography.AesManaged::CreateEncryptor()	System.Core
AesManaged_Dispose_m615303088	System.Void System.Security.Cryptography.AesManaged::Dispose(System.Boolean)	System.Core
AesTransform__ctor_m3143546745	System.Void System.Security.Cryptography.AesTransform::.ctor(System.Security.Cryptography.Aes,System.Boolean,System.Byte[],System.Byte[])	System.Core
AesTransform__cctor_m2567644034	System.Void System.Security.Cryptography.AesTransform::.cctor()	System.Core
AesTransform_ECB_m240244807	System.Void System.Security.Cryptography.AesTransform::ECB(System.Byte[],System.Byte[])	System.Core
AesTransform_SubByte_m3350159546	System.UInt32 System.Security.Cryptography.AesTransform::SubByte(System.UInt32)	System.Core
AesTransform_Encrypt128_m424393011	System.Void System.Security.Cryptography.AesTransform::Encrypt128(System.Byte[],System.Byte[],System.UInt32[])	System.Core
AesTransform_Decrypt128_m3018534522	System.Void System.Security.Cryptography.AesTransform::Decrypt128(System.Byte[],System.Byte[],System.UInt32[])	System.Core
NativeTypeAttribute__ctor_m2993484825	System.Void UnityEngine.Bindings.NativeTypeAttribute::.ctor()	UnityEngine.SharedInternalsModule
NativeTypeAttribute__ctor_m133676646	System.Void UnityEngine.Bindings.NativeTypeAttribute::.ctor(System.String)	UnityEngine.SharedInternalsModule
NativeTypeAttribute_set_Header_m48420006	System.Void UnityEngine.Bindings.NativeTypeAttribute::set_Header(System.String)	UnityEngine.SharedInternalsModule
NativeTypeAttribute_set_CodegenOptions_m3839252515	System.Void UnityEngine.Bindings.NativeTypeAttribute::set_CodegenOptions(UnityEngine.Bindings.CodegenOptions)	UnityEngine.SharedInternalsModule
UnmarshalledAttribute__ctor_m534761184	System.Void UnityEngine.Bindings.UnmarshalledAttribute::.ctor()	UnityEngine.SharedInternalsModule
GeneratedByOldBindingsGeneratorAttribute__ctor_m3683043001	System.Void UnityEngine.Scripting.GeneratedByOldBindingsGeneratorAttribute::.ctor()	UnityEngine.SharedInternalsModule
RequiredByNativeCodeAttribute__ctor_m119855101	System.Void UnityEngine.Scripting.RequiredByNativeCodeAttribute::.ctor()	UnityEngine.SharedInternalsModule
UsedByNativeCodeAttribute__ctor_m2647015777	System.Void UnityEngine.Scripting.UsedByNativeCodeAttribute::.ctor()	UnityEngine.SharedInternalsModule
ThreadAndSerializationSafeAttribute__ctor_m3739981144	System.Void UnityEngine.ThreadAndSerializationSafeAttribute::.ctor()	UnityEngine.SharedInternalsModule
UnityString_Format_m261690510	System.String UnityEngine.UnityString::Format(System.String,System.Object[])	UnityEngine.SharedInternalsModule
WritableAttribute__ctor_m1991076220	System.Void UnityEngine.WritableAttribute::.ctor()	UnityEngine.SharedInternalsModule
AddComponentMenu__ctor_m867138430	System.Void UnityEngine.AddComponentMenu::.ctor(System.String)	UnityEngine.CoreModule
AddComponentMenu__ctor_m1407931338	System.Void UnityEngine.AddComponentMenu::.ctor(System.String,System.Int32)	UnityEngine.CoreModule
AnimationCurve__ctor_m1565662948	System.Void UnityEngine.AnimationCurve::.ctor(UnityEngine.Keyframe[])	UnityEngine.CoreModule
AnimationCurve__ctor_m3000526466	System.Void UnityEngine.AnimationCurve::.ctor()	UnityEngine.CoreModule
AnimationCurve_Cleanup_m35123172	System.Void UnityEngine.AnimationCurve::Cleanup()	UnityEngine.CoreModule
AnimationCurve_Finalize_m2397002729	System.Void UnityEngine.AnimationCurve::Finalize()	UnityEngine.CoreModule
AnimationCurve_Evaluate_m2125563588	System.Single UnityEngine.AnimationCurve::Evaluate(System.Single)	UnityEngine.CoreModule
AnimationCurve_get_keys_m1672862131	UnityEngine.Keyframe[] UnityEngine.AnimationCurve::get_keys()	UnityEngine.CoreModule
AnimationCurve_set_keys_m3970853534	System.Void UnityEngine.AnimationCurve::set_keys(UnityEngine.Keyframe[])	UnityEngine.CoreModule
AnimationCurve_AddKey_m431470589	System.Int32 UnityEngine.AnimationCurve::AddKey(UnityEngine.Keyframe)	UnityEngine.CoreModule
AnimationCurve_AddKey_Internal_m3079337543	System.Int32 UnityEngine.AnimationCurve::AddKey_Internal(UnityEngine.Keyframe)	UnityEngine.CoreModule
AnimationCurve_INTERNAL_CALL_AddKey_Internal_m2940934799	System.Int32 UnityEngine.AnimationCurve::INTERNAL_CALL_AddKey_Internal(UnityEngine.AnimationCurve,UnityEngine.Keyframe&)	UnityEngine.CoreModule
AnimationCurve_get_Item_m4209227769	UnityEngine.Keyframe UnityEngine.AnimationCurve::get_Item(System.Int32)	UnityEngine.CoreModule
AnimationCurve_get_length_m1548433259	System.Int32 UnityEngine.AnimationCurve::get_length()	UnityEngine.CoreModule
AnimationCurve_SetKeys_m1328799515	System.Void UnityEngine.AnimationCurve::SetKeys(UnityEngine.Keyframe[])	UnityEngine.CoreModule
AnimationCurve_GetKey_Internal_m1174643252	UnityEngine.Keyframe UnityEngine.AnimationCurve::GetKey_Internal(System.Int32)	UnityEngine.CoreModule
AnimationCurve_INTERNAL_CALL_GetKey_Internal_m1527644434	System.Void UnityEngine.AnimationCurve::INTERNAL_CALL_GetKey_Internal(UnityEngine.AnimationCurve,System.Int32,UnityEngine.Keyframe&)	UnityEngine.CoreModule
AnimationCurve_GetKeys_m2478473802	UnityEngine.Keyframe[] UnityEngine.AnimationCurve::GetKeys()	UnityEngine.CoreModule
AnimationCurve_Init_m425927913	System.Void UnityEngine.AnimationCurve::Init(UnityEngine.Keyframe[])	UnityEngine.CoreModule
Application_CallLowMemory_m2813539296	System.Void UnityEngine.Application::CallLowMemory()	UnityEngine.CoreModule
Application_get_isPlaying_m100394690	System.Boolean UnityEngine.Application::get_isPlaying()	UnityEngine.CoreModule
Application_get_isEditor_m857789090	System.Boolean UnityEngine.Application::get_isEditor()	UnityEngine.CoreModule
Application_get_platform_m2150679437	UnityEngine.RuntimePlatform UnityEngine.Application::get_platform()	UnityEngine.CoreModule
Application_get_isMobilePlatform_m751658814	System.Boolean UnityEngine.Application::get_isMobilePlatform()	UnityEngine.CoreModule
Application_CallLogCallback_m255562505	System.Void UnityEngine.Application::CallLogCallback(System.String,System.String,UnityEngine.LogType,System.Boolean)	UnityEngine.CoreModule
Application_InvokeOnBeforeRender_m2875673833	System.Void UnityEngine.Application::InvokeOnBeforeRender()	UnityEngine.CoreModule
Application_get_loadedLevel_m4082273027	System.Int32 UnityEngine.Application::get_loadedLevel()	UnityEngine.CoreModule
Application_LoadLevel_m2271496228	System.Void UnityEngine.Application::LoadLevel(System.Int32)	UnityEngine.CoreModule
LogCallback__ctor_m144650965	System.Void UnityEngine.Application/LogCallback::.ctor(System.Object,System.IntPtr)	UnityEngine.CoreModule
LogCallback_Invoke_m1707963620	System.Void UnityEngine.Application/LogCallback::Invoke(System.String,System.String,UnityEngine.LogType)	UnityEngine.CoreModule
LogCallback_BeginInvoke_m1868775196	System.IAsyncResult UnityEngine.Application/LogCallback::BeginInvoke(System.String,System.String,UnityEngine.LogType,System.AsyncCallback,System.Object)	UnityEngine.CoreModule
LogCallback_EndInvoke_m2243211259	System.Void UnityEngine.Application/LogCallback::EndInvoke(System.IAsyncResult)	UnityEngine.CoreModule
LowMemoryCallback__ctor_m3675715235	System.Void UnityEngine.Application/LowMemoryCallback::.ctor(System.Object,System.IntPtr)	UnityEngine.CoreModule
LowMemoryCallback_Invoke_m1926578529	System.Void UnityEngine.Application/LowMemoryCallback::Invoke()	UnityEngine.CoreModule
LowMemoryCallback_BeginInvoke_m2877696488	System.IAsyncResult UnityEngine.Application/LowMemoryCallback::BeginInvoke(System.AsyncCallback,System.Object)	UnityEngine.CoreModule
LowMemoryCallback_EndInvoke_m2581361171	System.Void UnityEngine.Application/LowMemoryCallback::EndInvoke(System.IAsyncResult)	UnityEngine.CoreModule
AsyncOperation__ctor_m410195587	System.Void UnityEngine.AsyncOperation::.ctor()	UnityEngine.CoreModule
AsyncOperation_InternalDestroy_m4215879047	System.Void UnityEngine.AsyncOperation::InternalDestroy()	UnityEngine.CoreModule
AsyncOperation_Finalize_m1841265672	System.Void UnityEngine.AsyncOperation::Finalize()	UnityEngine.CoreModule
AsyncOperation_InvokeCompletionEvent_m1410305036	System.Void UnityEngine.AsyncOperation::InvokeCompletionEvent()	UnityEngine.CoreModule
AttributeHelperEngine_GetParentTypeDisallowingMultipleInclusion_m681389990	System.Type UnityEngine.AttributeHelperEngine::GetParentTypeDisallowingMultipleInclusion(System.Type)	UnityEngine.CoreModule
AttributeHelperEngine_GetRequiredComponents_m568829708	System.Type[] UnityEngine.AttributeHelperEngine::GetRequiredComponents(System.Type)	UnityEngine.CoreModule
AttributeHelperEngine_CheckIsEditorScript_m705968799	System.Boolean UnityEngine.AttributeHelperEngine::CheckIsEditorScript(System.Type)	UnityEngine.CoreModule
AttributeHelperEngine_GetDefaultExecutionOrderFor_m2255077112	System.Int32 UnityEngine.AttributeHelperEngine::GetDefaultExecutionOrderFor(System.Type)	UnityEngine.CoreModule
AttributeHelperEngine__cctor_m1900959362	System.Void UnityEngine.AttributeHelperEngine::.cctor()	UnityEngine.CoreModule
BeforeRenderHelper_Invoke_m50072094	System.Void UnityEngine.BeforeRenderHelper::Invoke()	UnityEngine.CoreModule
BeforeRenderHelper__cctor_m1834968278	System.Void UnityEngine.BeforeRenderHelper::.cctor()	UnityEngine.CoreModule
Behaviour__ctor_m346897018	System.Void UnityEngine.Behaviour::.ctor()	UnityEngine.CoreModule
Behaviour_get_enabled_m753527255	System.Boolean UnityEngine.Behaviour::get_enabled()	UnityEngine.CoreModule
Behaviour_set_enabled_m20417929	System.Void UnityEngine.Behaviour::set_enabled(System.Boolean)	UnityEngine.CoreModule
Behaviour_get_isActiveAndEnabled_m3143666263	System.Boolean UnityEngine.Behaviour::get_isActiveAndEnabled()	UnityEngine.CoreModule
Bounds__ctor_m1937678907_AdjustorThunk	System.Void UnityEngine.Bounds::.ctor(UnityEngine.Vector3,UnityEngine.Vector3)	UnityEngine.CoreModule
Bounds_GetHashCode_m1844059663_AdjustorThunk	System.Int32 UnityEngine.Bounds::GetHashCode()	UnityEngine.CoreModule
Bounds_Equals_m3920299735_AdjustorThunk	System.Boolean UnityEngine.Bounds::Equals(System.Object)	UnityEngine.CoreModule
Bounds_get_center_m1418449258_AdjustorThunk	UnityEngine.Vector3 UnityEngine.Bounds::get_center()	UnityEngine.CoreModule
Bounds_set_center_m335768106_AdjustorThunk	System.Void UnityEngine.Bounds::set_center(UnityEngine.Vector3)	UnityEngine.CoreModule
Bounds_get_size_m1178783246_AdjustorThunk	UnityEngine.Vector3 UnityEngine.Bounds::get_size()	UnityEngine.CoreModule
Bounds_set_size_m4127623202_AdjustorThunk	System.Void UnityEngine.Bounds::set_size(UnityEngine.Vector3)	UnityEngine.CoreModule
Bounds_get_extents_m1304537151_AdjustorThunk	UnityEngine.Vector3 UnityEngine.Bounds::get_extents()	UnityEngine.CoreModule
Bounds_set_extents_m2537337060_AdjustorThunk	System.Void UnityEngine.Bounds::set_extents(UnityEngine.Vector3)	UnityEngine.CoreModule
Bounds_get_min_m3755135869_AdjustorThunk	UnityEngine.Vector3 UnityEngine.Bounds::get_min()	UnityEngine.CoreModule
Bounds_get_max_m3756577669_AdjustorThunk	UnityEngine.Vector3 UnityEngine.Bounds::get_max()	UnityEngine.CoreModule
Bounds_op_Equality_m3322991400	System.Boolean UnityEngine.Bounds::op_Equality(UnityEngine.Bounds,UnityEngine.Bounds)	UnityEngine.CoreModule
Bounds_op_Inequality_m2472409685	System.Boolean UnityEngine.Bounds::op_Inequality(UnityEngine.Bounds,UnityEngine.Bounds)	UnityEngine.CoreModule
Bounds_SetMinMax_m2201062677_AdjustorThunk	System.Void UnityEngine.Bounds::SetMinMax(UnityEngine.Vector3,UnityEngine.Vector3)	UnityEngine.CoreModule
Bounds_Encapsulate_m3553480203_AdjustorThunk	System.Void UnityEngine.Bounds::Encapsulate(UnityEngine.Vector3)	UnityEngine.CoreModule
Bounds_ToString_m4208690781_AdjustorThunk	System.String UnityEngine.Bounds::ToString()	UnityEngine.CoreModule
Camera__ctor_m741555041	System.Void UnityEngine.Camera::.ctor()	UnityEngine.CoreModule
Camera_get_fieldOfView_m1018585504	System.Single UnityEngine.Camera::get_fieldOfView()	UnityEngine.CoreModule
Camera_get_nearClipPlane_m837839537	System.Single UnityEngine.Camera::get_nearClipPlane()	UnityEngine.CoreModule
Camera_get_farClipPlane_m538536689	System.Single UnityEngine.Camera::get_farClipPlane()	UnityEngine.CoreModule
Camera_get_actualRenderingPath_m423069678	UnityEngine.RenderingPath UnityEngine.Camera::get_actualRenderingPath()	UnityEngine.CoreModule
Camera_get_allowHDR_m2615180899	System.Boolean UnityEngine.Camera::get_allowHDR()	UnityEngine.CoreModule
Camera_get_orthographicSize_m3903216845	System.Single UnityEngine.Camera::get_orthographicSize()	UnityEngine.CoreModule
Camera_set_orthographicSize_m76971700	System.Void UnityEngine.Camera::set_orthographicSize(System.Single)	UnityEngine.CoreModule
Camera_get_orthographic_m2831464531	System.Boolean UnityEngine.Camera::get_orthographic()	UnityEngine.CoreModule
Camera_get_depth_m2555926613	System.Single UnityEngine.Camera::get_depth()	UnityEngine.CoreModule
Camera_get_aspect_m862507514	System.Single UnityEngine.Camera::get_aspect()	UnityEngine.CoreModule
Camera_get_cullingMask_m679085748	System.Int32 UnityEngine.Camera::get_cullingMask()	UnityEngine.CoreModule
Camera_get_eventMask_m819189086	System.Int32 UnityEngine.Camera::get_eventMask()	UnityEngine.CoreModule
Camera_get_rect_m2458154151	UnityEngine.Rect UnityEngine.Camera::get_rect()	UnityEngine.CoreModule
Camera_INTERNAL_get_rect_m3033597656	System.Void UnityEngine.Camera::INTERNAL_get_rect(UnityEngine.Rect&)	UnityEngine.CoreModule
Camera_get_pixelRect_m2283183456	UnityEngine.Rect UnityEngine.Camera::get_pixelRect()	UnityEngine.CoreModule
Camera_INTERNAL_get_pixelRect_m2277658347	System.Void UnityEngine.Camera::INTERNAL_get_pixelRect(UnityEngine.Rect&)	UnityEngine.CoreModule
Camera_get_targetTexture_m2278634983	UnityEngine.RenderTexture UnityEngine.Camera::get_targetTexture()	UnityEngine.CoreModule
Camera_get_pixelWidth_m1110053668	System.Int32 UnityEngine.Camera::get_pixelWidth()	UnityEngine.CoreModule
Camera_get_pixelHeight_m722276884	System.Int32 UnityEngine.Camera::get_pixelHeight()	UnityEngine.CoreModule
Camera_get_worldToCameraMatrix_m22661425	UnityEngine.Matrix4x4 UnityEngine.Camera::get_worldToCameraMatrix()	UnityEngine.CoreModule
Camera_INTERNAL_get_worldToCameraMatrix_m3766537960	System.Void UnityEngine.Camera::INTERNAL_get_worldToCameraMatrix(UnityEngine.Matrix4x4&)	UnityEngine.CoreModule
Camera_get_projectionMatrix_m667780853	UnityEngine.Matrix4x4 UnityEngine.Camera::get_projectionMatrix()	UnityEngine.CoreModule
Camera_set_projectionMatrix_m3293177686	System.Void UnityEngine.Camera::set_projectionMatrix(UnityEngine.Matrix4x4)	UnityEngine.CoreModule
Camera_INTERNAL_get_projectionMatrix_m3544213898	System.Void UnityEngine.Camera::INTERNAL_get_projectionMatrix(UnityEngine.Matrix4x4&)	UnityEngine.CoreModule
Camera_INTERNAL_set_projectionMatrix_m3705557330	System.Void UnityEngine.Camera::INTERNAL_set_projectionMatrix(UnityEngine.Matrix4x4&)	UnityEngine.CoreModule
Camera_set_nonJitteredProjectionMatrix_m3492270478	System.Void UnityEngine.Camera::set_nonJitteredProjectionMatrix(UnityEngine.Matrix4x4)	UnityEngine.CoreModule
Camera_INTERNAL_set_nonJitteredProjectionMatrix_m3232551263	System.Void UnityEngine.Camera::INTERNAL_set_nonJitteredProjectionMatrix(UnityEngine.Matrix4x4&)	UnityEngine.CoreModule
Camera_set_useJitteredProjectionMatrixForTransparentRendering_m1059913304	System.Void UnityEngine.Camera::set_useJitteredProjectionMatrixForTransparentRendering(System.Boolean)	UnityEngine.CoreModule
Camera_ResetProjectionMatrix_m1910759531	System.Void UnityEngine.Camera::ResetProjectionMatrix()	UnityEngine.CoreModule
Camera_INTERNAL_CALL_ResetProjectionMatrix_m2771147534	System.Void UnityEngine.Camera::INTERNAL_CALL_ResetProjectionMatrix(UnityEngine.Camera)	UnityEngine.CoreModule
Camera_get_clearFlags_m992534691	UnityEngine.CameraClearFlags UnityEngine.Camera::get_clearFlags()	UnityEngine.CoreModule
Camera_get_targetDisplay_m2285699927	System.Int32 UnityEngine.Camera::get_targetDisplay()	UnityEngine.CoreModule
Camera_WorldToScreenPoint_m3726311023	UnityEngine.Vector3 UnityEngine.Camera::WorldToScreenPoint(UnityEngine.Vector3)	UnityEngine.CoreModule
Camera_INTERNAL_CALL_WorldToScreenPoint_m2090700276	System.Void UnityEngine.Camera::INTERNAL_CALL_WorldToScreenPoint(UnityEngine.Camera,UnityEngine.Vector3&,UnityEngine.Vector3&)	UnityEngine.CoreModule
Camera_ScreenToViewportPoint_m3569032523	UnityEngine.Vector3 UnityEngine.Camera::ScreenToViewportPoint(UnityEngine.Vector3)	UnityEngine.CoreModule
Camera_INTERNAL_CALL_ScreenToViewportPoint_m1475461778	System.Void UnityEngine.Camera::INTERNAL_CALL_ScreenToViewportPoint(UnityEngine.Camera,UnityEngine.Vector3&,UnityEngine.Vector3&)	UnityEngine.CoreModule
Camera_ScreenPointToRay_m3764635188	UnityEngine.Ray UnityEngine.Camera::ScreenPointToRay(UnityEngine.Vector3)	UnityEngine.CoreModule
Camera_INTERNAL_CALL_ScreenPointToRay_m394533292	System.Void UnityEngine.Camera::INTERNAL_CALL_ScreenPointToRay(UnityEngine.Camera,UnityEngine.Vector3&,UnityEngine.Ray&)	UnityEngine.CoreModule
Camera_get_main_m3643453163	UnityEngine.Camera UnityEngine.Camera::get_main()	UnityEngine.CoreModule
Camera_get_allCamerasCount_m528453758	System.Int32 UnityEngine.Camera::get_allCamerasCount()	UnityEngine.CoreModule
Camera_GetAllCameras_m668492922	System.Int32 UnityEngine.Camera::GetAllCameras(UnityEngine.Camera[])	UnityEngine.CoreModule
Camera_FireOnPreCull_m2869588437	System.Void UnityEngine.Camera::FireOnPreCull(UnityEngine.Camera)	UnityEngine.CoreModule
Camera_FireOnPreRender_m3450823610	System.Void UnityEngine.Camera::FireOnPreRender(UnityEngine.Camera)	UnityEngine.CoreModule
Camera_FireOnPostRender_m1456255957	System.Void UnityEngine.Camera::FireOnPostRender(UnityEngine.Camera)	UnityEngine.CoreModule
Camera_set_depthTextureMode_m754977860	System.Void UnityEngine.Camera::set_depthTextureMode(UnityEngine.DepthTextureMode)	UnityEngine.CoreModule
Camera_AddCommandBuffer_m1363239337	System.Void UnityEngine.Camera::AddCommandBuffer(UnityEngine.Rendering.CameraEvent,UnityEngine.Rendering.CommandBuffer)	UnityEngine.CoreModule
Camera_RemoveCommandBuffer_m773243127	System.Void UnityEngine.Camera::RemoveCommandBuffer(UnityEngine.Rendering.CameraEvent,UnityEngine.Rendering.CommandBuffer)	UnityEngine.CoreModule
Camera_RaycastTry_m3913529496	UnityEngine.GameObject UnityEngine.Camera::RaycastTry(UnityEngine.Ray,System.Single,System.Int32)	UnityEngine.CoreModule
Camera_INTERNAL_CALL_RaycastTry_m3238909295	UnityEngine.GameObject UnityEngine.Camera::INTERNAL_CALL_RaycastTry(UnityEngine.Camera,UnityEngine.Ray&,System.Single,System.Int32)	UnityEngine.CoreModule
Camera_RaycastTry2D_m2460696262	UnityEngine.GameObject UnityEngine.Camera::RaycastTry2D(UnityEngine.Ray,System.Single,System.Int32)	UnityEngine.CoreModule
Camera_INTERNAL_CALL_RaycastTry2D_m3172975827	UnityEngine.GameObject UnityEngine.Camera::INTERNAL_CALL_RaycastTry2D(UnityEngine.Camera,UnityEngine.Ray&,System.Single,System.Int32)	UnityEngine.CoreModule
CameraCallback__ctor_m899467377	System.Void UnityEngine.Camera/CameraCallback::.ctor(System.Object,System.IntPtr)	UnityEngine.CoreModule
CameraCallback_Invoke_m3308824940	System.Void UnityEngine.Camera/CameraCallback::Invoke(UnityEngine.Camera)	UnityEngine.CoreModule
CameraCallback_BeginInvoke_m4249233405	System.IAsyncResult UnityEngine.Camera/CameraCallback::BeginInvoke(UnityEngine.Camera,System.AsyncCallback,System.Object)	UnityEngine.CoreModule
CameraCallback_EndInvoke_m3846578433	System.Void UnityEngine.Camera/CameraCallback::EndInvoke(System.IAsyncResult)	UnityEngine.CoreModule
ClassLibraryInitializer_Init_m988673678	System.Void UnityEngine.ClassLibraryInitializer::Init()	UnityEngine.CoreModule
Color__ctor_m2943235014_AdjustorThunk	System.Void UnityEngine.Color::.ctor(System.Single,System.Single,System.Single,System.Single)	UnityEngine.CoreModule
Color__ctor_m286683560_AdjustorThunk	System.Void UnityEngine.Color::.ctor(System.Single,System.Single,System.Single)	UnityEngine.CoreModule
Color_ToString_m671005850_AdjustorThunk	System.String UnityEngine.Color::ToString()	UnityEngine.CoreModule
Color_GetHashCode_m1829208463_AdjustorThunk	System.Int32 UnityEngine.Color::GetHashCode()	UnityEngine.CoreModule
Color_Equals_m3887740140_AdjustorThunk	System.Boolean UnityEngine.Color::Equals(System.Object)	UnityEngine.CoreModule
Color_op_Multiply_m2887457390	UnityEngine.Color UnityEngine.Color::op_Multiply(UnityEngine.Color,System.Single)	UnityEngine.CoreModule
Color_op_Equality_m1112359053	System.Boolean UnityEngine.Color::op_Equality(UnityEngine.Color,UnityEngine.Color)	UnityEngine.CoreModule
Color_Lerp_m973389909	UnityEngine.Color UnityEngine.Color::Lerp(UnityEngine.Color,UnityEngine.Color,System.Single)	UnityEngine.CoreModule
Color_get_red_m3227813939	UnityEngine.Color UnityEngine.Color::get_red()	UnityEngine.CoreModule
Color_get_green_m490390750	UnityEngine.Color UnityEngine.Color::get_green()	UnityEngine.CoreModule
Color_get_white_m332174077	UnityEngine.Color UnityEngine.Color::get_white()	UnityEngine.CoreModule
Color_get_black_m719512684	UnityEngine.Color UnityEngine.Color::get_black()	UnityEngine.CoreModule
Color_get_clear_m1016382534	UnityEngine.Color UnityEngine.Color::get_clear()	UnityEngine.CoreModule
Color_op_Implicit_m986621988	UnityEngine.Vector4 UnityEngine.Color::op_Implicit(UnityEngine.Color)	UnityEngine.CoreModule
Color32__ctor_m4150508762_AdjustorThunk	System.Void UnityEngine.Color32::.ctor(System.Byte,System.Byte,System.Byte,System.Byte)	UnityEngine.CoreModule
Color32_op_Implicit_m2658259763	UnityEngine.Color32 UnityEngine.Color32::op_Implicit(UnityEngine.Color)	UnityEngine.CoreModule
Color32_op_Implicit_m213813866	UnityEngine.Color UnityEngine.Color32::op_Implicit(UnityEngine.Color32)	UnityEngine.CoreModule
Color32_ToString_m403383053_AdjustorThunk	System.String UnityEngine.Color32::ToString()	UnityEngine.CoreModule
ColorUsageAttribute__ctor_m194533044	System.Void UnityEngine.ColorUsageAttribute::.ctor(System.Boolean)	UnityEngine.CoreModule
ColorUtility_ToHtmlStringRGB_m29325363	System.String UnityEngine.ColorUtility::ToHtmlStringRGB(UnityEngine.Color)	UnityEngine.CoreModule
Component__ctor_m1928064382	System.Void UnityEngine.Component::.ctor()	UnityEngine.CoreModule
Component_get_transform_m3162698980	UnityEngine.Transform UnityEngine.Component::get_transform()	UnityEngine.CoreModule
Component_get_gameObject_m442555142	UnityEngine.GameObject UnityEngine.Component::get_gameObject()	UnityEngine.CoreModule
Component_GetComponent_m886226392	UnityEngine.Component UnityEngine.Component::GetComponent(System.Type)	UnityEngine.CoreModule
Component_GetComponentInChildren_m388868270	UnityEngine.Component UnityEngine.Component::GetComponentInChildren(System.Type,System.Boolean)	UnityEngine.CoreModule
Component_GetComponentInParent_m779177818	UnityEngine.Component UnityEngine.Component::GetComponentInParent(System.Type)	UnityEngine.CoreModule
Component_GetComponentsForListInternal_m1419905927	System.Void UnityEngine.Component::GetComponentsForListInternal(System.Type,System.Object)	UnityEngine.CoreModule
Component_GetComponents_m1102698478	System.Void UnityEngine.Component::GetComponents(System.Type,System.Collections.Generic.List`1<UnityEngine.Component>)	UnityEngine.CoreModule
ComputeBuffer__ctor_m2741670761	System.Void UnityEngine.ComputeBuffer::.ctor(System.Int32,System.Int32)	UnityEngine.CoreModule
ComputeBuffer__ctor_m4199451635	System.Void UnityEngine.ComputeBuffer::.ctor(System.Int32,System.Int32,UnityEngine.ComputeBufferType,System.Int32)	UnityEngine.CoreModule
ComputeBuffer_Finalize_m3835687405	System.Void UnityEngine.ComputeBuffer::Finalize()	UnityEngine.CoreModule
ComputeBuffer_Dispose_m3198395757	System.Void UnityEngine.ComputeBuffer::Dispose()	UnityEngine.CoreModule
ComputeBuffer_Dispose_m705931068	System.Void UnityEngine.ComputeBuffer::Dispose(System.Boolean)	UnityEngine.CoreModule
ComputeBuffer_InitBuffer_m559520312	System.Void UnityEngine.ComputeBuffer::InitBuffer(UnityEngine.ComputeBuffer,System.Int32,System.Int32,UnityEngine.ComputeBufferType)	UnityEngine.CoreModule
ComputeBuffer_DestroyBuffer_m1833301053	System.Void UnityEngine.ComputeBuffer::DestroyBuffer(UnityEngine.ComputeBuffer)	UnityEngine.CoreModule
ComputeBuffer_Release_m899244412	System.Void UnityEngine.ComputeBuffer::Release()	UnityEngine.CoreModule
ComputeBuffer_SetData_m1059389628	System.Void UnityEngine.ComputeBuffer::SetData(System.Array)	UnityEngine.CoreModule
ComputeBuffer_InternalSetData_m3033746575	System.Void UnityEngine.ComputeBuffer::InternalSetData(System.Array,System.Int32,System.Int32,System.Int32,System.Int32)	UnityEngine.CoreModule
ComputeShader_FindKernel_m3460470216	System.Int32 UnityEngine.ComputeShader::FindKernel(System.String)	UnityEngine.CoreModule
ComputeShader_SetVector_m2368214103	System.Void UnityEngine.ComputeShader::SetVector(System.String,UnityEngine.Vector4)	UnityEngine.CoreModule
ComputeShader_SetVector_m484178113	System.Void UnityEngine.ComputeShader::SetVector(System.Int32,UnityEngine.Vector4)	UnityEngine.CoreModule
ComputeShader_INTERNAL_CALL_SetVector_m3695314080	System.Void UnityEngine.ComputeShader::INTERNAL_CALL_SetVector(UnityEngine.ComputeShader,System.Int32,UnityEngine.Vector4&)	UnityEngine.CoreModule
ComputeShader_SetTexture_m853131984	System.Void UnityEngine.ComputeShader::SetTexture(System.Int32,System.String,UnityEngine.Texture)	UnityEngine.CoreModule
ComputeShader_SetTexture_m3243159997	System.Void UnityEngine.ComputeShader::SetTexture(System.Int32,System.Int32,UnityEngine.Texture)	UnityEngine.CoreModule
ComputeShader_SetBuffer_m4057791339	System.Void UnityEngine.ComputeShader::SetBuffer(System.Int32,System.String,UnityEngine.ComputeBuffer)	UnityEngine.CoreModule
ComputeShader_SetBuffer_m2709722840	System.Void UnityEngine.ComputeShader::SetBuffer(System.Int32,System.Int32,UnityEngine.ComputeBuffer)	UnityEngine.CoreModule
ComputeShader_Dispatch_m3002776307	System.Void UnityEngine.ComputeShader::Dispatch(System.Int32,System.Int32,System.Int32,System.Int32)	UnityEngine.CoreModule
Coroutine__ctor_m1058504400	System.Void UnityEngine.Coroutine::.ctor()	UnityEngine.CoreModule
Coroutine_ReleaseCoroutine_m809189848	System.Void UnityEngine.Coroutine::ReleaseCoroutine()	UnityEngine.CoreModule
Coroutine_Finalize_m1957108547	System.Void UnityEngine.Coroutine::Finalize()	UnityEngine.CoreModule
CSSMeasureFunc__ctor_m198181503	System.Void UnityEngine.CSSLayout.CSSMeasureFunc::.ctor(System.Object,System.IntPtr)	UnityEngine.CoreModule
CSSMeasureFunc_Invoke_m3910201085	UnityEngine.CSSLayout.CSSSize UnityEngine.CSSLayout.CSSMeasureFunc::Invoke(System.IntPtr,System.Single,UnityEngine.CSSLayout.CSSMeasureMode,System.Single,UnityEngine.CSSLayout.CSSMeasureMode)	UnityEngine.CoreModule
CSSMeasureFunc_BeginInvoke_m3802154595	System.IAsyncResult UnityEngine.CSSLayout.CSSMeasureFunc::BeginInvoke(System.IntPtr,System.Single,UnityEngine.CSSLayout.CSSMeasureMode,System.Single,UnityEngine.CSSLayout.CSSMeasureMode,System.AsyncCallback,System.Object)	UnityEngine.CoreModule
CSSMeasureFunc_EndInvoke_m798957248	UnityEngine.CSSLayout.CSSSize UnityEngine.CSSLayout.CSSMeasureFunc::EndInvoke(System.IAsyncResult)	UnityEngine.CoreModule
Native_CSSNodeGetMeasureFunc_m2145410129	UnityEngine.CSSLayout.CSSMeasureFunc UnityEngine.CSSLayout.Native::CSSNodeGetMeasureFunc(System.IntPtr)	UnityEngine.CoreModule
Native_CSSNodeMeasureInvoke_m2055858128	System.Void UnityEngine.CSSLayout.Native::CSSNodeMeasureInvoke(System.IntPtr,System.Single,UnityEngine.CSSLayout.CSSMeasureMode,System.Single,UnityEngine.CSSLayout.CSSMeasureMode,System.IntPtr)	UnityEngine.CoreModule
Native__cctor_m1435623442	System.Void UnityEngine.CSSLayout.Native::.cctor()	UnityEngine.CoreModule
CullingGroup_Finalize_m2121330955	System.Void UnityEngine.CullingGroup::Finalize()	UnityEngine.CoreModule
CullingGroup_Dispose_m782801025	System.Void UnityEngine.CullingGroup::Dispose()	UnityEngine.CoreModule
CullingGroup_SendEvents_m2491312335	System.Void UnityEngine.CullingGroup::SendEvents(UnityEngine.CullingGroup,System.IntPtr,System.Int32)	UnityEngine.CoreModule
CullingGroup_FinalizerFailure_m1165085675	System.Void UnityEngine.CullingGroup::FinalizerFailure()	UnityEngine.CoreModule
StateChanged__ctor_m2759994044	System.Void UnityEngine.CullingGroup/StateChanged::.ctor(System.Object,System.IntPtr)	UnityEngine.CoreModule
StateChanged_Invoke_m1925531365	System.Void UnityEngine.CullingGroup/StateChanged::Invoke(UnityEngine.CullingGroupEvent)	UnityEngine.CoreModule
StateChanged_BeginInvoke_m4029305912	System.IAsyncResult UnityEngine.CullingGroup/StateChanged::BeginInvoke(UnityEngine.CullingGroupEvent,System.AsyncCallback,System.Object)	UnityEngine.CoreModule
StateChanged_EndInvoke_m3313423087	System.Void UnityEngine.CullingGroup/StateChanged::EndInvoke(System.IAsyncResult)	UnityEngine.CoreModule
Cursor_get_lockState_m2828192107	UnityEngine.CursorLockMode UnityEngine.Cursor::get_lockState()	UnityEngine.CoreModule
CustomYieldInstruction__ctor_m3408208142	System.Void UnityEngine.CustomYieldInstruction::.ctor()	UnityEngine.CoreModule
CustomYieldInstruction_get_Current_m2910483123	System.Object UnityEngine.CustomYieldInstruction::get_Current()	UnityEngine.CoreModule
CustomYieldInstruction_MoveNext_m1374112450	System.Boolean UnityEngine.CustomYieldInstruction::MoveNext()	UnityEngine.CoreModule
CustomYieldInstruction_Reset_m3141101090	System.Void UnityEngine.CustomYieldInstruction::Reset()	UnityEngine.CoreModule
Debug_get_unityLogger_m2239795986	UnityEngine.ILogger UnityEngine.Debug::get_unityLogger()	UnityEngine.CoreModule
Debug_Log_m4051431634	System.Void UnityEngine.Debug::Log(System.Object)	UnityEngine.CoreModule
Debug_LogError_m2850623458	System.Void UnityEngine.Debug::LogError(System.Object)	UnityEngine.CoreModule
Debug_LogError_m1665621915	System.Void UnityEngine.Debug::LogError(System.Object,UnityEngine.Object)	UnityEngine.CoreModule
Debug_LogErrorFormat_m3558239521	System.Void UnityEngine.Debug::LogErrorFormat(UnityEngine.Object,System.String,System.Object[])	UnityEngine.CoreModule
Debug_LogException_m2207318968	System.Void UnityEngine.Debug::LogException(System.Exception)	UnityEngine.CoreModule
Debug_LogException_m2248249292	System.Void UnityEngine.Debug::LogException(System.Exception,UnityEngine.Object)	UnityEngine.CoreModule
Debug_LogWarning_m3752629331	System.Void UnityEngine.Debug::LogWarning(System.Object)	UnityEngine.CoreModule
Debug_LogWarning_m831581295	System.Void UnityEngine.Debug::LogWarning(System.Object,UnityEngine.Object)	UnityEngine.CoreModule
Debug_LogWarningFormat_m1153215311	System.Void UnityEngine.Debug::LogWarningFormat(UnityEngine.Object,System.String,System.Object[])	UnityEngine.CoreModule
Debug__cctor_m1523394265	System.Void UnityEngine.Debug::.cctor()	UnityEngine.CoreModule
DebugLogHandler__ctor_m3380237231	System.Void UnityEngine.DebugLogHandler::.ctor()	UnityEngine.CoreModule
DebugLogHandler_Internal_Log_m4175774469	System.Void UnityEngine.DebugLogHandler::Internal_Log(UnityEngine.LogType,System.String,UnityEngine.Object)	UnityEngine.CoreModule
DebugLogHandler_Internal_LogException_m4213045108	System.Void UnityEngine.DebugLogHandler::Internal_LogException(System.Exception,UnityEngine.Object)	UnityEngine.CoreModule
DebugLogHandler_LogFormat_m487864506	System.Void UnityEngine.DebugLogHandler::LogFormat(UnityEngine.LogType,UnityEngine.Object,System.String,System.Object[])	UnityEngine.CoreModule
DebugLogHandler_LogException_m302830419	System.Void UnityEngine.DebugLogHandler::LogException(System.Exception,UnityEngine.Object)	UnityEngine.CoreModule
DefaultExecutionOrder_get_order_m1454999278	System.Int32 UnityEngine.DefaultExecutionOrder::get_order()	UnityEngine.CoreModule
DisallowMultipleComponent__ctor_m1263048393	System.Void UnityEngine.DisallowMultipleComponent::.ctor()	UnityEngine.CoreModule
Display__ctor_m501911701	System.Void UnityEngine.Display::.ctor()	UnityEngine.CoreModule
Display__ctor_m3105658851	System.Void UnityEngine.Display::.ctor(System.IntPtr)	UnityEngine.CoreModule
Display_get_renderingWidth_m1970428952	System.Int32 UnityEngine.Display::get_renderingWidth()	UnityEngine.CoreModule
Display_get_renderingHeight_m3518531107	System.Int32 UnityEngine.Display::get_renderingHeight()	UnityEngine.CoreModule
Display_get_systemWidth_m2423595549	System.Int32 UnityEngine.Display::get_systemWidth()	UnityEngine.CoreModule
Display_get_systemHeight_m730809466	System.Int32 UnityEngine.Display::get_systemHeight()	UnityEngine.CoreModule
Display_RelativeMouseAt_m1648644586	UnityEngine.Vector3 UnityEngine.Display::RelativeMouseAt(UnityEngine.Vector3)	UnityEngine.CoreModule
Display_RecreateDisplayList_m4040831261	System.Void UnityEngine.Display::RecreateDisplayList(System.IntPtr[])	UnityEngine.CoreModule
Display_FireDisplaysUpdated_m41210855	System.Void UnityEngine.Display::FireDisplaysUpdated()	UnityEngine.CoreModule
Display_GetSystemExtImpl_m2808197389	System.Void UnityEngine.Display::GetSystemExtImpl(System.IntPtr,System.Int32&,System.Int32&)	UnityEngine.CoreModule
Display_GetRenderingExtImpl_m2069813991	System.Void UnityEngine.Display::GetRenderingExtImpl(System.IntPtr,System.Int32&,System.Int32&)	UnityEngine.CoreModule
Display_RelativeMouseAtImpl_m3843151955	System.Int32 UnityEngine.Display::RelativeMouseAtImpl(System.Int32,System.Int32,System.Int32&,System.Int32&)	UnityEngine.CoreModule
Display__cctor_m1972153728	System.Void UnityEngine.Display::.cctor()	UnityEngine.CoreModule
DisplaysUpdatedDelegate__ctor_m2116638722	System.Void UnityEngine.Display/DisplaysUpdatedDelegate::.ctor(System.Object,System.IntPtr)	UnityEngine.CoreModule
DisplaysUpdatedDelegate_Invoke_m3203573844	System.Void UnityEngine.Display/DisplaysUpdatedDelegate::Invoke()	UnityEngine.CoreModule
DisplaysUpdatedDelegate_BeginInvoke_m1285971490	System.IAsyncResult UnityEngine.Display/DisplaysUpdatedDelegate::BeginInvoke(System.AsyncCallback,System.Object)	UnityEngine.CoreModule
DisplaysUpdatedDelegate_EndInvoke_m3857124817	System.Void UnityEngine.Display/DisplaysUpdatedDelegate::EndInvoke(System.IAsyncResult)	UnityEngine.CoreModule
DrivenRectTransformTracker_Add_m4125027261_AdjustorThunk	System.Void UnityEngine.DrivenRectTransformTracker::Add(UnityEngine.Object,UnityEngine.RectTransform,UnityEngine.DrivenTransformProperties)	UnityEngine.CoreModule
DrivenRectTransformTracker_Clear_m371772582_AdjustorThunk	System.Void UnityEngine.DrivenRectTransformTracker::Clear()	UnityEngine.CoreModule
ArgumentCache__ctor_m2732653802	System.Void UnityEngine.Events.ArgumentCache::.ctor()	UnityEngine.CoreModule
ArgumentCache_get_unityObjectArgument_m3434100	UnityEngine.Object UnityEngine.Events.ArgumentCache::get_unityObjectArgument()	UnityEngine.CoreModule
ArgumentCache_get_unityObjectArgumentAssemblyTypeName_m3450114170	System.String UnityEngine.Events.ArgumentCache::get_unityObjectArgumentAssemblyTypeName()	UnityEngine.CoreModule
ArgumentCache_get_intArgument_m1309958679	System.Int32 UnityEngine.Events.ArgumentCache::get_intArgument()	UnityEngine.CoreModule
ArgumentCache_get_floatArgument_m3471193103	System.Single UnityEngine.Events.ArgumentCache::get_floatArgument()	UnityEngine.CoreModule
ArgumentCache_get_stringArgument_m3872675090	System.String UnityEngine.Events.ArgumentCache::get_stringArgument()	UnityEngine.CoreModule
ArgumentCache_get_boolArgument_m2277082935	System.Boolean UnityEngine.Events.ArgumentCache::get_boolArgument()	UnityEngine.CoreModule
ArgumentCache_TidyAssemblyTypeName_m3234393930	System.Void UnityEngine.Events.ArgumentCache::TidyAssemblyTypeName()	UnityEngine.CoreModule
ArgumentCache_OnBeforeSerialize_m659261798	System.Void UnityEngine.Events.ArgumentCache::OnBeforeSerialize()	UnityEngine.CoreModule
ArgumentCache_OnAfterDeserialize_m1256813518	System.Void UnityEngine.Events.ArgumentCache::OnAfterDeserialize()	UnityEngine.CoreModule
BaseInvokableCall__ctor_m768115019	System.Void UnityEngine.Events.BaseInvokableCall::.ctor()	UnityEngine.CoreModule
BaseInvokableCall__ctor_m2110966014	System.Void UnityEngine.Events.BaseInvokableCall::.ctor(System.Object,System.Reflection.MethodInfo)	UnityEngine.CoreModule
BaseInvokableCall_AllowInvoke_m878393606	System.Boolean UnityEngine.Events.BaseInvokableCall::AllowInvoke(System.Delegate)	UnityEngine.CoreModule
InvokableCall__ctor_m1303836326	System.Void UnityEngine.Events.InvokableCall::.ctor(System.Object,System.Reflection.MethodInfo)	UnityEngine.CoreModule
InvokableCall__ctor_m2158562079	System.Void UnityEngine.Events.InvokableCall::.ctor(UnityEngine.Events.UnityAction)	UnityEngine.CoreModule
InvokableCall_add_Delegate_m491308793	System.Void UnityEngine.Events.InvokableCall::add_Delegate(UnityEngine.Events.UnityAction)	UnityEngine.CoreModule
InvokableCall_remove_Delegate_m1376110510	System.Void UnityEngine.Events.InvokableCall::remove_Delegate(UnityEngine.Events.UnityAction)	UnityEngine.CoreModule
InvokableCall_Invoke_m999392415	System.Void UnityEngine.Events.InvokableCall::Invoke(System.Object[])	UnityEngine.CoreModule
InvokableCall_Invoke_m1437964737	System.Void UnityEngine.Events.InvokableCall::Invoke()	UnityEngine.CoreModule
InvokableCall_Find_m1300374869	System.Boolean UnityEngine.Events.InvokableCall::Find(System.Object,System.Reflection.MethodInfo)	UnityEngine.CoreModule
InvokableCallList__ctor_m829480958	System.Void UnityEngine.Events.InvokableCallList::.ctor()	UnityEngine.CoreModule
InvokableCallList_AddPersistentInvokableCall_m778853773	System.Void UnityEngine.Events.InvokableCallList::AddPersistentInvokableCall(UnityEngine.Events.BaseInvokableCall)	UnityEngine.CoreModule
InvokableCallList_AddListener_m230402324	System.Void UnityEngine.Events.InvokableCallList::AddListener(UnityEngine.Events.BaseInvokableCall)	UnityEngine.CoreModule
InvokableCallList_RemoveListener_m1769379719	System.Void UnityEngine.Events.InvokableCallList::RemoveListener(System.Object,System.Reflection.MethodInfo)	UnityEngine.CoreModule
InvokableCallList_ClearPersistent_m1904264973	System.Void UnityEngine.Events.InvokableCallList::ClearPersistent()	UnityEngine.CoreModule
InvokableCallList_PrepareInvoke_m4003891334	System.Collections.Generic.List`1<UnityEngine.Events.BaseInvokableCall> UnityEngine.Events.InvokableCallList::PrepareInvoke()	UnityEngine.CoreModule
PersistentCall__ctor_m1217622171	System.Void UnityEngine.Events.PersistentCall::.ctor()	UnityEngine.CoreModule
PersistentCall_get_target_m830923650	UnityEngine.Object UnityEngine.Events.PersistentCall::get_target()	UnityEngine.CoreModule
PersistentCall_get_methodName_m4214122315	System.String UnityEngine.Events.PersistentCall::get_methodName()	UnityEngine.CoreModule
PersistentCall_get_mode_m483997668	UnityEngine.Events.PersistentListenerMode UnityEngine.Events.PersistentCall::get_mode()	UnityEngine.CoreModule
PersistentCall_get_arguments_m3144105308	UnityEngine.Events.ArgumentCache UnityEngine.Events.PersistentCall::get_arguments()	UnityEngine.CoreModule
PersistentCall_IsValid_m2325196163	System.Boolean UnityEngine.Events.PersistentCall::IsValid()	UnityEngine.CoreModule
PersistentCall_GetRuntimeCall_m3976533158	UnityEngine.Events.BaseInvokableCall UnityEngine.Events.PersistentCall::GetRuntimeCall(UnityEngine.Events.UnityEventBase)	UnityEngine.CoreModule
PersistentCall_GetObjectCall_m4041241444	UnityEngine.Events.BaseInvokableCall UnityEngine.Events.PersistentCall::GetObjectCall(UnityEngine.Object,System.Reflection.MethodInfo,UnityEngine.Events.ArgumentCache)	UnityEngine.CoreModule
PersistentCallGroup__ctor_m1525263635	System.Void UnityEngine.Events.PersistentCallGroup::.ctor()	UnityEngine.CoreModule
PersistentCallGroup_Initialize_m4253175514	System.Void UnityEngine.Events.PersistentCallGroup::Initialize(UnityEngine.Events.InvokableCallList,UnityEngine.Events.UnityEventBase)	UnityEngine.CoreModule
UnityAction__ctor_m772160306	System.Void UnityEngine.Events.UnityAction::.ctor(System.Object,System.IntPtr)	UnityEngine.CoreModule
UnityAction_Invoke_m893829196	System.Void UnityEngine.Events.UnityAction::Invoke()	UnityEngine.CoreModule
UnityAction_BeginInvoke_m1892359299	System.IAsyncResult UnityEngine.Events.UnityAction::BeginInvoke(System.AsyncCallback,System.Object)	UnityEngine.CoreModule
UnityAction_EndInvoke_m2754068291	System.Void UnityEngine.Events.UnityAction::EndInvoke(System.IAsyncResult)	UnityEngine.CoreModule
UnityEvent__ctor_m431206565	System.Void UnityEngine.Events.UnityEvent::.ctor()	UnityEngine.CoreModule
UnityEvent_AddListener_m2276267359	System.Void UnityEngine.Events.UnityEvent::AddListener(UnityEngine.Events.UnityAction)	UnityEngine.CoreModule
UnityEvent_FindMethod_Impl_m2312362624	System.Reflection.MethodInfo UnityEngine.Events.UnityEvent::FindMethod_Impl(System.String,System.Object)	UnityEngine.CoreModule
UnityEvent_GetDelegate_m3669208949	UnityEngine.Events.BaseInvokableCall UnityEngine.Events.UnityEvent::GetDelegate(System.Object,System.Reflection.MethodInfo)	UnityEngine.CoreModule
UnityEvent_GetDelegate_m512277337	UnityEngine.Events.BaseInvokableCall UnityEngine.Events.UnityEvent::GetDelegate(UnityEngine.Events.UnityAction)	UnityEngine.CoreModule
UnityEvent_Invoke_m3065672636	System.Void UnityEngine.Events.UnityEvent::Invoke()	UnityEngine.CoreModule
UnityEventBase__ctor_m1851535676	System.Void UnityEngine.Events.UnityEventBase::.ctor()	UnityEngine.CoreModule
UnityEventBase_UnityEngine_ISerializationCallbackReceiver_OnBeforeSerialize_m3869333132	System.Void UnityEngine.Events.UnityEventBase::UnityEngine.ISerializationCallbackReceiver.OnBeforeSerialize()	UnityEngine.CoreModule
UnityEventBase_UnityEngine_ISerializationCallbackReceiver_OnAfterDeserialize_m3212312200	System.Void UnityEngine.Events.UnityEventBase::UnityEngine.ISerializationCallbackReceiver.OnAfterDeserialize()	UnityEngine.CoreModule
UnityEventBase_FindMethod_m622251156	System.Reflection.MethodInfo UnityEngine.Events.UnityEventBase::FindMethod(UnityEngine.Events.PersistentCall)	UnityEngine.CoreModule
UnityEventBase_FindMethod_m3366332957	System.Reflection.MethodInfo UnityEngine.Events.UnityEventBase::FindMethod(System.String,System.Object,UnityEngine.Events.PersistentListenerMode,System.Type)	UnityEngine.CoreModule
UnityEventBase_DirtyPersistentCalls_m3575963459	System.Void UnityEngine.Events.UnityEventBase::DirtyPersistentCalls()	UnityEngine.CoreModule
UnityEventBase_RebuildPersistentCallsIfNeeded_m216788690	System.Void UnityEngine.Events.UnityEventBase::RebuildPersistentCallsIfNeeded()	UnityEngine.CoreModule
UnityEventBase_AddCall_m3539965410	System.Void UnityEngine.Events.UnityEventBase::AddCall(UnityEngine.Events.BaseInvokableCall)	UnityEngine.CoreModule
UnityEventBase_RemoveListener_m3326364145	System.Void UnityEngine.Events.UnityEventBase::RemoveListener(System.Object,System.Reflection.MethodInfo)	UnityEngine.CoreModule
UnityEventBase_PrepareInvoke_m1785382128	System.Collections.Generic.List`1<UnityEngine.Events.BaseInvokableCall> UnityEngine.Events.UnityEventBase::PrepareInvoke()	UnityEngine.CoreModule
UnityEventBase_ToString_m1554306026	System.String UnityEngine.Events.UnityEventBase::ToString()	UnityEngine.CoreModule
UnityEventBase_GetValidMethodInfo_m3989987635	System.Reflection.MethodInfo UnityEngine.Events.UnityEventBase::GetValidMethodInfo(System.Object,System.String,System.Type[])	UnityEngine.CoreModule
ExecuteInEditMode__ctor_m2191480222	System.Void UnityEngine.ExecuteInEditMode::.ctor()	UnityEngine.CoreModule
CameraPlayable_GetHandle_m1459651790_AdjustorThunk	UnityEngine.Playables.PlayableHandle UnityEngine.Experimental.Playables.CameraPlayable::GetHandle()	UnityEngine.CoreModule
CameraPlayable_Equals_m4009879053_AdjustorThunk	System.Boolean UnityEngine.Experimental.Playables.CameraPlayable::Equals(UnityEngine.Experimental.Playables.CameraPlayable)	UnityEngine.CoreModule
MaterialEffectPlayable_GetHandle_m4279427933_AdjustorThunk	UnityEngine.Playables.PlayableHandle UnityEngine.Experimental.Playables.MaterialEffectPlayable::GetHandle()	UnityEngine.CoreModule
MaterialEffectPlayable_Equals_m3750885802_AdjustorThunk	System.Boolean UnityEngine.Experimental.Playables.MaterialEffectPlayable::Equals(UnityEngine.Experimental.Playables.MaterialEffectPlayable)	UnityEngine.CoreModule
TextureMixerPlayable_GetHandle_m2203457785_AdjustorThunk	UnityEngine.Playables.PlayableHandle UnityEngine.Experimental.Playables.TextureMixerPlayable::GetHandle()	UnityEngine.CoreModule
TextureMixerPlayable_Equals_m1074187513_AdjustorThunk	System.Boolean UnityEngine.Experimental.Playables.TextureMixerPlayable::Equals(UnityEngine.Experimental.Playables.TextureMixerPlayable)	UnityEngine.CoreModule
RenderPipelineManager_get_currentPipeline_m1638613344	UnityEngine.Experimental.Rendering.IRenderPipeline UnityEngine.Experimental.Rendering.RenderPipelineManager::get_currentPipeline()	UnityEngine.CoreModule
RenderPipelineManager_set_currentPipeline_m3492857006	System.Void UnityEngine.Experimental.Rendering.RenderPipelineManager::set_currentPipeline(UnityEngine.Experimental.Rendering.IRenderPipeline)	UnityEngine.CoreModule
RenderPipelineManager_CleanupRenderPipeline_m3545163046	System.Void UnityEngine.Experimental.Rendering.RenderPipelineManager::CleanupRenderPipeline()	UnityEngine.CoreModule
RenderPipelineManager_DoRenderLoop_Internal_m3799666479	System.Void UnityEngine.Experimental.Rendering.RenderPipelineManager::DoRenderLoop_Internal(UnityEngine.Experimental.Rendering.IRenderPipelineAsset,UnityEngine.Camera[],System.IntPtr)	UnityEngine.CoreModule
RenderPipelineManager_PrepareRenderPipeline_m4184225229	System.Void UnityEngine.Experimental.Rendering.RenderPipelineManager::PrepareRenderPipeline(UnityEngine.Experimental.Rendering.IRenderPipelineAsset)	UnityEngine.CoreModule
ScriptableRenderContext__ctor_m172989033_AdjustorThunk	System.Void UnityEngine.Experimental.Rendering.ScriptableRenderContext::.ctor(System.IntPtr)	UnityEngine.CoreModule
GameObject__ctor_m2093116449	System.Void UnityEngine.GameObject::.ctor(System.String)	UnityEngine.CoreModule
GameObject__ctor_m3707688467	System.Void UnityEngine.GameObject::.ctor()	UnityEngine.CoreModule
GameObject__ctor_m1350607670	System.Void UnityEngine.GameObject::.ctor(System.String,System.Type[])	UnityEngine.CoreModule
GameObject_GetComponent_m1027872079	UnityEngine.Component UnityEngine.GameObject::GetComponent(System.Type)	UnityEngine.CoreModule
GameObject_GetComponentInChildren_m2567799249	UnityEngine.Component UnityEngine.GameObject::GetComponentInChildren(System.Type,System.Boolean)	UnityEngine.CoreModule
GameObject_GetComponentInParent_m635782859	UnityEngine.Component UnityEngine.GameObject::GetComponentInParent(System.Type)	UnityEngine.CoreModule
GameObject_GetComponentsInternal_m4006738154	System.Array UnityEngine.GameObject::GetComponentsInternal(System.Type,System.Boolean,System.Boolean,System.Boolean,System.Boolean,System.Object)	UnityEngine.CoreModule
GameObject_get_transform_m1369836730	UnityEngine.Transform UnityEngine.GameObject::get_transform()	UnityEngine.CoreModule
GameObject_get_layer_m4158800245	System.Int32 UnityEngine.GameObject::get_layer()	UnityEngine.CoreModule
GameObject_set_layer_m3294992795	System.Void UnityEngine.GameObject::set_layer(System.Int32)	UnityEngine.CoreModule
GameObject_SetActive_m796801857	System.Void UnityEngine.GameObject::SetActive(System.Boolean)	UnityEngine.CoreModule
GameObject_get_activeSelf_m1767405923	System.Boolean UnityEngine.GameObject::get_activeSelf()	UnityEngine.CoreModule
GameObject_get_activeInHierarchy_m2006396688	System.Boolean UnityEngine.GameObject::get_activeInHierarchy()	UnityEngine.CoreModule
GameObject_CompareTag_m3144439756	System.Boolean UnityEngine.GameObject::CompareTag(System.String)	UnityEngine.CoreModule
GameObject_SendMessage_m3720186693	System.Void UnityEngine.GameObject::SendMessage(System.String,System.Object,UnityEngine.SendMessageOptions)	UnityEngine.CoreModule
GameObject_Internal_AddComponentWithType_m3797731663	UnityEngine.Component UnityEngine.GameObject::Internal_AddComponentWithType(System.Type)	UnityEngine.CoreModule
GameObject_AddComponent_m136524825	UnityEngine.Component UnityEngine.GameObject::AddComponent(System.Type)	UnityEngine.CoreModule
GameObject_Internal_CreateGameObject_m2533291801	System.Void UnityEngine.GameObject::Internal_CreateGameObject(UnityEngine.GameObject,System.String)	UnityEngine.CoreModule
GL_Vertex3_m766753641	System.Void UnityEngine.GL::Vertex3(System.Single,System.Single,System.Single)	UnityEngine.CoreModule
GL_TexCoord3_m2204468390	System.Void UnityEngine.GL::TexCoord3(System.Single,System.Single,System.Single)	UnityEngine.CoreModule
GL_TexCoord2_m3805673132	System.Void UnityEngine.GL::TexCoord2(System.Single,System.Single)	UnityEngine.CoreModule
GL_PushMatrix_m1848274883	System.Void UnityEngine.GL::PushMatrix()	UnityEngine.CoreModule
GL_PopMatrix_m3416050869	System.Void UnityEngine.GL::PopMatrix()	UnityEngine.CoreModule
GL_LoadOrtho_m3806556661	System.Void UnityEngine.GL::LoadOrtho()	UnityEngine.CoreModule
GL_Begin_m1290681325	System.Void UnityEngine.GL::Begin(System.Int32)	UnityEngine.CoreModule
GL_End_m539612367	System.Void UnityEngine.GL::End()	UnityEngine.CoreModule
GL_GLClear_m130457898	System.Void UnityEngine.GL::GLClear(System.Boolean,System.Boolean,UnityEngine.Color,System.Single)	UnityEngine.CoreModule
GL_Clear_m467593486	System.Void UnityEngine.GL::Clear(System.Boolean,System.Boolean,UnityEngine.Color)	UnityEngine.CoreModule
GL_GLClear_Injected_m1744777980	System.Void UnityEngine.GL::GLClear_Injected(System.Boolean,System.Boolean,UnityEngine.Color&,System.Single)	UnityEngine.CoreModule
Gradient__ctor_m173848750	System.Void UnityEngine.Gradient::.ctor()	UnityEngine.CoreModule
Gradient_Init_m3104802093	System.Void UnityEngine.Gradient::Init()	UnityEngine.CoreModule
Gradient_Cleanup_m3422458828	System.Void UnityEngine.Gradient::Cleanup()	UnityEngine.CoreModule
Gradient_Finalize_m3995355035	System.Void UnityEngine.Gradient::Finalize()	UnityEngine.CoreModule
Graphics_Internal_GetMaxDrawMeshInstanceCount_m273836218	System.Int32 UnityEngine.Graphics::Internal_GetMaxDrawMeshInstanceCount()	UnityEngine.CoreModule
Graphics_Internal_DrawTexture_m2129480995	System.Void UnityEngine.Graphics::Internal_DrawTexture(UnityEngine.Internal_DrawTextureArguments&)	UnityEngine.CoreModule
Graphics_Blit_m1336850842	System.Void UnityEngine.Graphics::Blit(UnityEngine.Texture,UnityEngine.RenderTexture)	UnityEngine.CoreModule
Graphics_Blit_m4126770912	System.Void UnityEngine.Graphics::Blit(UnityEngine.Texture,UnityEngine.RenderTexture,UnityEngine.Material,System.Int32)	UnityEngine.CoreModule
Graphics_Internal_BlitMaterial_m1736695369	System.Void UnityEngine.Graphics::Internal_BlitMaterial(UnityEngine.Texture,UnityEngine.RenderTexture,UnityEngine.Material,System.Int32,System.Boolean,UnityEngine.Vector2,UnityEngine.Vector2)	UnityEngine.CoreModule
Graphics_INTERNAL_CALL_Internal_BlitMaterial_m1958481550	System.Void UnityEngine.Graphics::INTERNAL_CALL_Internal_BlitMaterial(UnityEngine.Texture,UnityEngine.RenderTexture,UnityEngine.Material,System.Int32,System.Boolean,UnityEngine.Vector2&,UnityEngine.Vector2&)	UnityEngine.CoreModule
Graphics_Internal_SetMRTSimple_m2046295760	System.Void UnityEngine.Graphics::Internal_SetMRTSimple(UnityEngine.RenderBuffer[],UnityEngine.RenderBuffer&,System.Int32,UnityEngine.CubemapFace,System.Int32)	UnityEngine.CoreModule
Graphics_SetRenderTargetImpl_m3371676585	System.Void UnityEngine.Graphics::SetRenderTargetImpl(UnityEngine.RenderBuffer[],UnityEngine.RenderBuffer,System.Int32,UnityEngine.CubemapFace,System.Int32)	UnityEngine.CoreModule
Graphics_SetRenderTarget_m191444692	System.Void UnityEngine.Graphics::SetRenderTarget(UnityEngine.RenderBuffer[],UnityEngine.RenderBuffer)	UnityEngine.CoreModule
Graphics__cctor_m2078894045	System.Void UnityEngine.Graphics::.cctor()	UnityEngine.CoreModule
GUIElement__ctor_m3257342989	System.Void UnityEngine.GUIElement::.ctor()	UnityEngine.CoreModule
GUILayer_HitTest_m512928460	UnityEngine.GUIElement UnityEngine.GUILayer::HitTest(UnityEngine.Vector3)	UnityEngine.CoreModule
GUILayer_INTERNAL_CALL_HitTest_m1069802956	UnityEngine.GUIElement UnityEngine.GUILayer::INTERNAL_CALL_HitTest(UnityEngine.GUILayer,UnityEngine.Vector3&)	UnityEngine.CoreModule
HideInInspector__ctor_m1179782685	System.Void UnityEngine.HideInInspector::.ctor()	UnityEngine.CoreModule
ImageEffectAllowedInSceneView__ctor_m2451209732	System.Void UnityEngine.ImageEffectAllowedInSceneView::.ctor()	UnityEngine.CoreModule
ImageEffectTransformsToLDR__ctor_m4143196970	System.Void UnityEngine.ImageEffectTransformsToLDR::.ctor()	UnityEngine.CoreModule
Input_GetAxis_m4009438427	System.Single UnityEngine.Input::GetAxis(System.String)	UnityEngine.CoreModule
Input_GetAxisRaw_m2316819917	System.Single UnityEngine.Input::GetAxisRaw(System.String)	UnityEngine.CoreModule
Input_GetButton_m2064261504	System.Boolean UnityEngine.Input::GetButton(System.String)	UnityEngine.CoreModule
Input_GetButtonDown_m3074252807	System.Boolean UnityEngine.Input::GetButtonDown(System.String)	UnityEngine.CoreModule
Input_GetButtonUp_m4007681079	System.Boolean UnityEngine.Input::GetButtonUp(System.String)	UnityEngine.CoreModule
Input_GetMouseButton_m513753021	System.Boolean UnityEngine.Input::GetMouseButton(System.Int32)	UnityEngine.CoreModule
Input_GetMouseButtonDown_m2081676745	System.Boolean UnityEngine.Input::GetMouseButtonDown(System.Int32)	UnityEngine.CoreModule
Input_GetMouseButtonUp_m2924350851	System.Boolean UnityEngine.Input::GetMouseButtonUp(System.Int32)	UnityEngine.CoreModule
Input_get_mousePosition_m1616496925	UnityEngine.Vector3 UnityEngine.Input::get_mousePosition()	UnityEngine.CoreModule
Input_INTERNAL_get_mousePosition_m1805263023	System.Void UnityEngine.Input::INTERNAL_get_mousePosition(UnityEngine.Vector3&)	UnityEngine.CoreModule
Input_get_mouseScrollDelta_m1758395486	UnityEngine.Vector2 UnityEngine.Input::get_mouseScrollDelta()	UnityEngine.CoreModule
Input_INTERNAL_get_mouseScrollDelta_m2841988821	System.Void UnityEngine.Input::INTERNAL_get_mouseScrollDelta(UnityEngine.Vector2&)	UnityEngine.CoreModule
Input_get_mousePresent_m2501415498	System.Boolean UnityEngine.Input::get_mousePresent()	UnityEngine.CoreModule
Input_GetTouch_m2192712756	UnityEngine.Touch UnityEngine.Input::GetTouch(System.Int32)	UnityEngine.CoreModule
Input_INTERNAL_CALL_GetTouch_m3481893561	System.Void UnityEngine.Input::INTERNAL_CALL_GetTouch(System.Int32,UnityEngine.Touch&)	UnityEngine.CoreModule
Input_get_touchCount_m3403849067	System.Int32 UnityEngine.Input::get_touchCount()	UnityEngine.CoreModule
Input_get_touchSupported_m1480684970	System.Boolean UnityEngine.Input::get_touchSupported()	UnityEngine.CoreModule
Input_get_imeCompositionMode_m391644396	UnityEngine.IMECompositionMode UnityEngine.Input::get_imeCompositionMode()	UnityEngine.CoreModule
Input_set_imeCompositionMode_m1326937326	System.Void UnityEngine.Input::set_imeCompositionMode(UnityEngine.IMECompositionMode)	UnityEngine.CoreModule
Input_get_compositionString_m2336588846	System.String UnityEngine.Input::get_compositionString()	UnityEngine.CoreModule
Input_get_compositionCursorPos_m2530040356	UnityEngine.Vector2 UnityEngine.Input::get_compositionCursorPos()	UnityEngine.CoreModule
Input_set_compositionCursorPos_m1909373301	System.Void UnityEngine.Input::set_compositionCursorPos(UnityEngine.Vector2)	UnityEngine.CoreModule
Input_INTERNAL_get_compositionCursorPos_m177109014	System.Void UnityEngine.Input::INTERNAL_get_compositionCursorPos(UnityEngine.Vector2&)	UnityEngine.CoreModule
Input_INTERNAL_set_compositionCursorPos_m3628850633	System.Void UnityEngine.Input::INTERNAL_set_compositionCursorPos(UnityEngine.Vector2&)	UnityEngine.CoreModule
Input__cctor_m325696046	System.Void UnityEngine.Input::.cctor()	UnityEngine.CoreModule
DefaultValueAttribute__ctor_m1514328230	System.Void UnityEngine.Internal.DefaultValueAttribute::.ctor(System.String)	UnityEngine.CoreModule
DefaultValueAttribute_get_Value_m3086344020	System.Object UnityEngine.Internal.DefaultValueAttribute::get_Value()	UnityEngine.CoreModule
DefaultValueAttribute_Equals_m443523471	System.Boolean UnityEngine.Internal.DefaultValueAttribute::Equals(System.Object)	UnityEngine.CoreModule
DefaultValueAttribute_GetHashCode_m3368187153	System.Int32 UnityEngine.Internal.DefaultValueAttribute::GetHashCode()	UnityEngine.CoreModule
ExcludeFromDocsAttribute__ctor_m1509941807	System.Void UnityEngine.Internal.ExcludeFromDocsAttribute::.ctor()	UnityEngine.CoreModule
Keyframe__ctor_m1259609478_AdjustorThunk	System.Void UnityEngine.Keyframe::.ctor(System.Single,System.Single,System.Single,System.Single)	UnityEngine.CoreModule
Keyframe_get_time_m803196188_AdjustorThunk	System.Single UnityEngine.Keyframe::get_time()	UnityEngine.CoreModule
Keyframe_set_time_m4083895404_AdjustorThunk	System.Void UnityEngine.Keyframe::set_time(System.Single)	UnityEngine.CoreModule
LayerMask_op_Implicit_m3296792737	System.Int32 UnityEngine.LayerMask::op_Implicit(UnityEngine.LayerMask)	UnityEngine.CoreModule
LayerMask_op_Implicit_m90232283	UnityEngine.LayerMask UnityEngine.LayerMask::op_Implicit(System.Int32)	UnityEngine.CoreModule
Logger__ctor_m439059923	System.Void UnityEngine.Logger::.ctor(UnityEngine.ILogHandler)	UnityEngine.CoreModule
Logger_get_logHandler_m1335645353	UnityEngine.ILogHandler UnityEngine.Logger::get_logHandler()	UnityEngine.CoreModule
Logger_set_logHandler_m4059005946	System.Void UnityEngine.Logger::set_logHandler(UnityEngine.ILogHandler)	UnityEngine.CoreModule
Logger_get_logEnabled_m3154120769	System.Boolean UnityEngine.Logger::get_logEnabled()	UnityEngine.CoreModule
Logger_set_logEnabled_m1180597166	System.Void UnityEngine.Logger::set_logEnabled(System.Boolean)	UnityEngine.CoreModule
Logger_get_filterLogType_m1177392786	UnityEngine.LogType UnityEngine.Logger::get_filterLogType()	UnityEngine.CoreModule
Logger_set_filterLogType_m3622751173	System.Void UnityEngine.Logger::set_filterLogType(UnityEngine.LogType)	UnityEngine.CoreModule
Logger_IsLogTypeAllowed_m3527674834	System.Boolean UnityEngine.Logger::IsLogTypeAllowed(UnityEngine.LogType)	UnityEngine.CoreModule
Logger_GetString_m3669755330	System.String UnityEngine.Logger::GetString(System.Object)	UnityEngine.CoreModule
Logger_Log_m969976427	System.Void UnityEngine.Logger::Log(UnityEngine.LogType,System.Object)	UnityEngine.CoreModule
Logger_Log_m2585387088	System.Void UnityEngine.Logger::Log(UnityEngine.LogType,System.Object,UnityEngine.Object)	UnityEngine.CoreModule
Logger_LogFormat_m3300686007	System.Void UnityEngine.Logger::LogFormat(UnityEngine.LogType,UnityEngine.Object,System.String,System.Object[])	UnityEngine.CoreModule
Logger_LogException_m4285204825	System.Void UnityEngine.Logger::LogException(System.Exception,UnityEngine.Object)	UnityEngine.CoreModule
ManagedStreamHelpers_ValidateLoadFromStream_m580138133	System.Void UnityEngine.ManagedStreamHelpers::ValidateLoadFromStream(System.IO.Stream)	UnityEngine.CoreModule
ManagedStreamHelpers_ManagedStreamRead_m481666286	System.Void UnityEngine.ManagedStreamHelpers::ManagedStreamRead(System.Byte[],System.Int32,System.Int32,System.IO.Stream,System.IntPtr)	UnityEngine.CoreModule
ManagedStreamHelpers_ManagedStreamSeek_m3158782053	System.Void UnityEngine.ManagedStreamHelpers::ManagedStreamSeek(System.Int64,System.UInt32,System.IO.Stream,System.IntPtr)	UnityEngine.CoreModule
ManagedStreamHelpers_ManagedStreamLength_m2930872960	System.Void UnityEngine.ManagedStreamHelpers::ManagedStreamLength(System.IO.Stream,System.IntPtr)	UnityEngine.CoreModule
Material__ctor_m1662457592	System.Void UnityEngine.Material::.ctor(UnityEngine.Shader)	UnityEngine.CoreModule
Material__ctor_m249231841	System.Void UnityEngine.Material::.ctor(UnityEngine.Material)	UnityEngine.CoreModule
Material_set_color_m1794818007	System.Void UnityEngine.Material::set_color(UnityEngine.Color)	UnityEngine.CoreModule
Material_get_mainTexture_m692510677	UnityEngine.Texture UnityEngine.Material::get_mainTexture()	UnityEngine.CoreModule
Material_SetFloatImpl_m1844818093	System.Void UnityEngine.Material::SetFloatImpl(System.Int32,System.Single)	UnityEngine.CoreModule
Material_SetIntImpl_m724477324	System.Void UnityEngine.Material::SetIntImpl(System.Int32,System.Int32)	UnityEngine.CoreModule
Material_SetColorImpl_m3160281768	System.Void UnityEngine.Material::SetColorImpl(System.Int32,UnityEngine.Color)	UnityEngine.CoreModule
Material_INTERNAL_CALL_SetColorImpl_m4283161378	System.Void UnityEngine.Material::INTERNAL_CALL_SetColorImpl(UnityEngine.Material,System.Int32,UnityEngine.Color&)	UnityEngine.CoreModule
Material_SetVectorImpl_m767628138	System.Void UnityEngine.Material::SetVectorImpl(System.Int32,UnityEngine.Vector4)	UnityEngine.CoreModule
Material_INTERNAL_CALL_SetVectorImpl_m2197187798	System.Void UnityEngine.Material::INTERNAL_CALL_SetVectorImpl(UnityEngine.Material,System.Int32,UnityEngine.Vector4&)	UnityEngine.CoreModule
Material_SetMatrixImpl_m4121653577	System.Void UnityEngine.Material::SetMatrixImpl(System.Int32,UnityEngine.Matrix4x4)	UnityEngine.CoreModule
Material_INTERNAL_CALL_SetMatrixImpl_m391072568	System.Void UnityEngine.Material::INTERNAL_CALL_SetMatrixImpl(UnityEngine.Material,System.Int32,UnityEngine.Matrix4x4&)	UnityEngine.CoreModule
Material_SetTextureImpl_m3747834425	System.Void UnityEngine.Material::SetTextureImpl(System.Int32,UnityEngine.Texture)	UnityEngine.CoreModule
Material_SetBufferImpl_m1346487817	System.Void UnityEngine.Material::SetBufferImpl(System.Int32,UnityEngine.ComputeBuffer)	UnityEngine.CoreModule
Material_GetTextureImpl_m1585937334	UnityEngine.Texture UnityEngine.Material::GetTextureImpl(System.Int32)	UnityEngine.CoreModule
Material_HasProperty_m2704238996	System.Boolean UnityEngine.Material::HasProperty(System.String)	UnityEngine.CoreModule
Material_HasProperty_m1904868334	System.Boolean UnityEngine.Material::HasProperty(System.Int32)	UnityEngine.CoreModule
Material_SetPass_m686253719	System.Boolean UnityEngine.Material::SetPass(System.Int32)	UnityEngine.CoreModule
Material_Internal_CreateWithShader_m2478666450	System.Void UnityEngine.Material::Internal_CreateWithShader(UnityEngine.Material,UnityEngine.Shader)	UnityEngine.CoreModule
Material_Internal_CreateWithMaterial_m2363231784	System.Void UnityEngine.Material::Internal_CreateWithMaterial(UnityEngine.Material,UnityEngine.Material)	UnityEngine.CoreModule
Material_EnableKeyword_m329692301	System.Void UnityEngine.Material::EnableKeyword(System.String)	UnityEngine.CoreModule
Material_DisableKeyword_m1245091008	System.Void UnityEngine.Material::DisableKeyword(System.String)	UnityEngine.CoreModule
Material_set_shaderKeywords_m4017377042	System.Void UnityEngine.Material::set_shaderKeywords(System.String[])	UnityEngine.CoreModule
Material_SetFloat_m1688718093	System.Void UnityEngine.Material::SetFloat(System.Int32,System.Single)	UnityEngine.CoreModule
Material_SetInt_m1783799378	System.Void UnityEngine.Material::SetInt(System.String,System.Int32)	UnityEngine.CoreModule
Material_SetInt_m475299667	System.Void UnityEngine.Material::SetInt(System.Int32,System.Int32)	UnityEngine.CoreModule
Material_SetColor_m2020215303	System.Void UnityEngine.Material::SetColor(System.String,UnityEngine.Color)	UnityEngine.CoreModule
Material_SetColor_m355160541	System.Void UnityEngine.Material::SetColor(System.Int32,UnityEngine.Color)	UnityEngine.CoreModule
Material_SetVector_m2633010038	System.Void UnityEngine.Material::SetVector(System.Int32,UnityEngine.Vector4)	UnityEngine.CoreModule
Material_SetMatrix_m751249077	System.Void UnityEngine.Material::SetMatrix(System.Int32,UnityEngine.Matrix4x4)	UnityEngine.CoreModule
Material_SetTexture_m1829349465	System.Void UnityEngine.Material::SetTexture(System.String,UnityEngine.Texture)	UnityEngine.CoreModule
Material_SetTexture_m3009528825	System.Void UnityEngine.Material::SetTexture(System.Int32,UnityEngine.Texture)	UnityEngine.CoreModule
Material_SetBuffer_m2028103613	System.Void UnityEngine.Material::SetBuffer(System.String,UnityEngine.ComputeBuffer)	UnityEngine.CoreModule
Material_SetBuffer_m1722300056	System.Void UnityEngine.Material::SetBuffer(System.Int32,UnityEngine.ComputeBuffer)	UnityEngine.CoreModule
Material_GetTexture_m3545614349	UnityEngine.Texture UnityEngine.Material::GetTexture(System.String)	UnityEngine.CoreModule
Material_GetTexture_m2683508263	UnityEngine.Texture UnityEngine.Material::GetTexture(System.Int32)	UnityEngine.CoreModule
MaterialPropertyBlock_DestroyBlock_m2574126133	System.Void UnityEngine.MaterialPropertyBlock::DestroyBlock()	UnityEngine.CoreModule
MaterialPropertyBlock_Finalize_m3396357103	System.Void UnityEngine.MaterialPropertyBlock::Finalize()	UnityEngine.CoreModule
Mathf_GammaToLinearSpace_m2256982487	System.Single UnityEngine.Mathf::GammaToLinearSpace(System.Single)	UnityEngine.CoreModule
Mathf_LinearToGammaSpace_m2318118709	System.Single UnityEngine.Mathf::LinearToGammaSpace(System.Single)	UnityEngine.CoreModule
Mathf_Sin_m3411839043	System.Single UnityEngine.Mathf::Sin(System.Single)	UnityEngine.CoreModule
Mathf_Cos_m254782616	System.Single UnityEngine.Mathf::Cos(System.Single)	UnityEngine.CoreModule
Mathf_Tan_m2342620340	System.Single UnityEngine.Mathf::Tan(System.Single)	UnityEngine.CoreModule
Mathf_Sqrt_m3337154061	System.Single UnityEngine.Mathf::Sqrt(System.Single)	UnityEngine.CoreModule
Mathf_Abs_m3281243566	System.Single UnityEngine.Mathf::Abs(System.Single)	UnityEngine.CoreModule
Mathf_Min_m1073399594	System.Single UnityEngine.Mathf::Min(System.Single,System.Single)	UnityEngine.CoreModule
Mathf_Min_m18103608	System.Int32 UnityEngine.Mathf::Min(System.Int32,System.Int32)	UnityEngine.CoreModule
Mathf_Max_m3146388979	System.Single UnityEngine.Mathf::Max(System.Single,System.Single)	UnityEngine.CoreModule
Mathf_Max_m3673002171	System.Int32 UnityEngine.Mathf::Max(System.Int32,System.Int32)	UnityEngine.CoreModule
Mathf_Pow_m856735666	System.Single UnityEngine.Mathf::Pow(System.Single,System.Single)	UnityEngine.CoreModule
Mathf_Exp_m2227914834	System.Single UnityEngine.Mathf::Exp(System.Single)	UnityEngine.CoreModule
Mathf_Log_m2177375338	System.Single UnityEngine.Mathf::Log(System.Single,System.Single)	UnityEngine.CoreModule
Mathf_Floor_m1195858412	System.Single UnityEngine.Mathf::Floor(System.Single)	UnityEngine.CoreModule
Mathf_Round_m4098141538	System.Single UnityEngine.Mathf::Round(System.Single)	UnityEngine.CoreModule
Mathf_CeilToInt_m432108984	System.Int32 UnityEngine.Mathf::CeilToInt(System.Single)	UnityEngine.CoreModule
Mathf_FloorToInt_m1870542928	System.Int32 UnityEngine.Mathf::FloorToInt(System.Single)	UnityEngine.CoreModule
Mathf_RoundToInt_m1874334613	System.Int32 UnityEngine.Mathf::RoundToInt(System.Single)	UnityEngine.CoreModule
Mathf_Sign_m3457838305	System.Single UnityEngine.Mathf::Sign(System.Single)	UnityEngine.CoreModule
Mathf_Clamp_m3350697880	System.Single UnityEngine.Mathf::Clamp(System.Single,System.Single,System.Single)	UnityEngine.CoreModule
Mathf_Clamp_m2756574208	System.Int32 UnityEngine.Mathf::Clamp(System.Int32,System.Int32,System.Int32)	UnityEngine.CoreModule
Mathf_Clamp01_m56433566	System.Single UnityEngine.Mathf::Clamp01(System.Single)	UnityEngine.CoreModule
Mathf_Lerp_m1004423579	System.Single UnityEngine.Mathf::Lerp(System.Single,System.Single,System.Single)	UnityEngine.CoreModule
Mathf_LerpUnclamped_m3882011123	System.Single UnityEngine.Mathf::LerpUnclamped(System.Single,System.Single,System.Single)	UnityEngine.CoreModule
Mathf_Approximately_m245805902	System.Boolean UnityEngine.Mathf::Approximately(System.Single,System.Single)	UnityEngine.CoreModule
Mathf_SmoothDamp_m3171073017	System.Single UnityEngine.Mathf::SmoothDamp(System.Single,System.Single,System.Single&,System.Single)	UnityEngine.CoreModule
Mathf_SmoothDamp_m394423605	System.Single UnityEngine.Mathf::SmoothDamp(System.Single,System.Single,System.Single&,System.Single,System.Single,System.Single)	UnityEngine.CoreModule
Mathf_Repeat_m1502810009	System.Single UnityEngine.Mathf::Repeat(System.Single,System.Single)	UnityEngine.CoreModule
Mathf_InverseLerp_m4155825980	System.Single UnityEngine.Mathf::InverseLerp(System.Single,System.Single,System.Single)	UnityEngine.CoreModule
Mathf__cctor_m1175545152	System.Void UnityEngine.Mathf::.cctor()	UnityEngine.CoreModule
Matrix4x4__ctor_m53065545_AdjustorThunk	System.Void UnityEngine.Matrix4x4::.ctor(UnityEngine.Vector4,UnityEngine.Vector4,UnityEngine.Vector4,UnityEngine.Vector4)	UnityEngine.CoreModule
Matrix4x4_Inverse_m4242542718	UnityEngine.Matrix4x4 UnityEngine.Matrix4x4::Inverse(UnityEngine.Matrix4x4)	UnityEngine.CoreModule
Matrix4x4_INTERNAL_CALL_Inverse_m149548436	System.Void UnityEngine.Matrix4x4::INTERNAL_CALL_Inverse(UnityEngine.Matrix4x4&,UnityEngine.Matrix4x4&)	UnityEngine.CoreModule
Matrix4x4_get_inverse_m1870592360_AdjustorThunk	UnityEngine.Matrix4x4 UnityEngine.Matrix4x4::get_inverse()	UnityEngine.CoreModule
Matrix4x4_Ortho_m1994183957	UnityEngine.Matrix4x4 UnityEngine.Matrix4x4::Ortho(System.Single,System.Single,System.Single,System.Single,System.Single,System.Single)	UnityEngine.CoreModule
Matrix4x4_INTERNAL_CALL_Ortho_m3161067846	System.Void UnityEngine.Matrix4x4::INTERNAL_CALL_Ortho(System.Single,System.Single,System.Single,System.Single,System.Single,System.Single,UnityEngine.Matrix4x4&)	UnityEngine.CoreModule
Matrix4x4_set_Item_m4102745984_AdjustorThunk	System.Void UnityEngine.Matrix4x4::set_Item(System.Int32,System.Int32,System.Single)	UnityEngine.CoreModule
Matrix4x4_get_Item_m567451091_AdjustorThunk	System.Single UnityEngine.Matrix4x4::get_Item(System.Int32)	UnityEngine.CoreModule
Matrix4x4_set_Item_m1906605342_AdjustorThunk	System.Void UnityEngine.Matrix4x4::set_Item(System.Int32,System.Single)	UnityEngine.CoreModule
Matrix4x4_GetHashCode_m4034747639_AdjustorThunk	System.Int32 UnityEngine.Matrix4x4::GetHashCode()	UnityEngine.CoreModule
Matrix4x4_Equals_m3210071278_AdjustorThunk	System.Boolean UnityEngine.Matrix4x4::Equals(System.Object)	UnityEngine.CoreModule
Matrix4x4_op_Multiply_m1876492807	UnityEngine.Matrix4x4 UnityEngine.Matrix4x4::op_Multiply(UnityEngine.Matrix4x4,UnityEngine.Matrix4x4)	UnityEngine.CoreModule
Matrix4x4_GetColumn_m461504848_AdjustorThunk	UnityEngine.Vector4 UnityEngine.Matrix4x4::GetColumn(System.Int32)	UnityEngine.CoreModule
Matrix4x4_SetRow_m2327530647_AdjustorThunk	System.Void UnityEngine.Matrix4x4::SetRow(System.Int32,UnityEngine.Vector4)	UnityEngine.CoreModule
Matrix4x4_MultiplyPoint3x4_m4145063176_AdjustorThunk	UnityEngine.Vector3 UnityEngine.Matrix4x4::MultiplyPoint3x4(UnityEngine.Vector3)	UnityEngine.CoreModule
Matrix4x4_get_identity_m1406790249	UnityEngine.Matrix4x4 UnityEngine.Matrix4x4::get_identity()	UnityEngine.CoreModule
Matrix4x4_ToString_m2476911929_AdjustorThunk	System.String UnityEngine.Matrix4x4::ToString()	UnityEngine.CoreModule
Matrix4x4__cctor_m829353309	System.Void UnityEngine.Matrix4x4::.cctor()	UnityEngine.CoreModule
Mesh__ctor_m2533762929	System.Void UnityEngine.Mesh::.ctor()	UnityEngine.CoreModule
Mesh_Internal_Create_m2853543051	System.Void UnityEngine.Mesh::Internal_Create(UnityEngine.Mesh)	UnityEngine.CoreModule
Mesh_GetIndicesImpl_m3233954035	System.Int32[] UnityEngine.Mesh::GetIndicesImpl(System.Int32,System.Boolean)	UnityEngine.CoreModule
Mesh_SetIndicesImpl_m17767641	System.Void UnityEngine.Mesh::SetIndicesImpl(System.Int32,UnityEngine.MeshTopology,System.Array,System.Int32,System.Boolean,System.Int32)	UnityEngine.CoreModule
Mesh_PrintErrorCantAccessChannel_m2109128075	System.Void UnityEngine.Mesh::PrintErrorCantAccessChannel(UnityEngine.Mesh/InternalShaderChannel)	UnityEngine.CoreModule
Mesh_HasChannel_m4256962133	System.Boolean UnityEngine.Mesh::HasChannel(UnityEngine.Mesh/InternalShaderChannel)	UnityEngine.CoreModule
Mesh_SetArrayForChannelImpl_m2642100114	System.Void UnityEngine.Mesh::SetArrayForChannelImpl(UnityEngine.Mesh/InternalShaderChannel,UnityEngine.Mesh/InternalVertexChannelType,System.Int32,System.Array,System.Int32)	UnityEngine.CoreModule
Mesh_GetAllocArrayFromChannelImpl_m3084065604	System.Array UnityEngine.Mesh::GetAllocArrayFromChannelImpl(UnityEngine.Mesh/InternalShaderChannel,UnityEngine.Mesh/InternalVertexChannelType,System.Int32)	UnityEngine.CoreModule
Mesh_get_canAccess_m2239225054	System.Boolean UnityEngine.Mesh::get_canAccess()	UnityEngine.CoreModule
Mesh_get_subMeshCount_m3992802841	System.Int32 UnityEngine.Mesh::get_subMeshCount()	UnityEngine.CoreModule
Mesh_ClearImpl_m1688330970	System.Void UnityEngine.Mesh::ClearImpl(System.Boolean)	UnityEngine.CoreModule
Mesh_RecalculateBoundsImpl_m2362089642	System.Void UnityEngine.Mesh::RecalculateBoundsImpl()	UnityEngine.CoreModule
Mesh_RecalculateNormalsImpl_m3102285457	System.Void UnityEngine.Mesh::RecalculateNormalsImpl()	UnityEngine.CoreModule
Mesh_UploadMeshDataImpl_m755635474	System.Void UnityEngine.Mesh::UploadMeshDataImpl(System.Boolean)	UnityEngine.CoreModule
Mesh_GetUVChannel_m1848830416	UnityEngine.Mesh/InternalShaderChannel UnityEngine.Mesh::GetUVChannel(System.Int32)	UnityEngine.CoreModule
Mesh_DefaultDimensionForChannel_m576040980	System.Int32 UnityEngine.Mesh::DefaultDimensionForChannel(UnityEngine.Mesh/InternalShaderChannel)	UnityEngine.CoreModule
Mesh_SetSizedArrayForChannel_m2565120436	System.Void UnityEngine.Mesh::SetSizedArrayForChannel(UnityEngine.Mesh/InternalShaderChannel,UnityEngine.Mesh/InternalVertexChannelType,System.Int32,System.Array,System.Int32)	UnityEngine.CoreModule
Mesh_get_vertices_m3585684815	UnityEngine.Vector3[] UnityEngine.Mesh::get_vertices()	UnityEngine.CoreModule
Mesh_set_vertices_m2084450642	System.Void UnityEngine.Mesh::set_vertices(UnityEngine.Vector3[])	UnityEngine.CoreModule
Mesh_get_normals_m4099615978	UnityEngine.Vector3[] UnityEngine.Mesh::get_normals()	UnityEngine.CoreModule
Mesh_get_tangents_m3279676290	UnityEngine.Vector4[] UnityEngine.Mesh::get_tangents()	UnityEngine.CoreModule
Mesh_get_uv_m4017248	UnityEngine.Vector2[] UnityEngine.Mesh::get_uv()	UnityEngine.CoreModule
Mesh_set_uv_m1258646872	System.Void UnityEngine.Mesh::set_uv(UnityEngine.Vector2[])	UnityEngine.CoreModule
Mesh_get_uv2_m3615020997	UnityEngine.Vector2[] UnityEngine.Mesh::get_uv2()	UnityEngine.CoreModule
Mesh_get_uv3_m3614955461	UnityEngine.Vector2[] UnityEngine.Mesh::get_uv3()	UnityEngine.CoreModule
Mesh_get_uv4_m3615414213	UnityEngine.Vector2[] UnityEngine.Mesh::get_uv4()	UnityEngine.CoreModule
Mesh_get_colors32_m1253190811	UnityEngine.Color32[] UnityEngine.Mesh::get_colors32()	UnityEngine.CoreModule
Mesh_SetVertices_m685324028	System.Void UnityEngine.Mesh::SetVertices(System.Collections.Generic.List`1<UnityEngine.Vector3>)	UnityEngine.CoreModule
Mesh_SetNormals_m2521889643	System.Void UnityEngine.Mesh::SetNormals(System.Collections.Generic.List`1<UnityEngine.Vector3>)	UnityEngine.CoreModule
Mesh_SetTangents_m1615111656	System.Void UnityEngine.Mesh::SetTangents(System.Collections.Generic.List`1<UnityEngine.Vector4>)	UnityEngine.CoreModule
Mesh_SetColors_m637808999	System.Void UnityEngine.Mesh::SetColors(System.Collections.Generic.List`1<UnityEngine.Color32>)	UnityEngine.CoreModule
Mesh_SetUVs_m3071410036	System.Void UnityEngine.Mesh::SetUVs(System.Int32,System.Collections.Generic.List`1<UnityEngine.Vector2>)	UnityEngine.CoreModule
Mesh_PrintErrorCantAccessIndices_m1546924005	System.Void UnityEngine.Mesh::PrintErrorCantAccessIndices()	UnityEngine.CoreModule
Mesh_CheckCanAccessSubmesh_m1278105798	System.Boolean UnityEngine.Mesh::CheckCanAccessSubmesh(System.Int32,System.Boolean)	UnityEngine.CoreModule
Mesh_CheckCanAccessSubmeshTriangles_m3864611599	System.Boolean UnityEngine.Mesh::CheckCanAccessSubmeshTriangles(System.Int32)	UnityEngine.CoreModule
Mesh_CheckCanAccessSubmeshIndices_m824249680	System.Boolean UnityEngine.Mesh::CheckCanAccessSubmeshIndices(System.Int32)	UnityEngine.CoreModule
Mesh_set_triangles_m255556250	System.Void UnityEngine.Mesh::set_triangles(System.Int32[])	UnityEngine.CoreModule
Mesh_GetIndices_m2873123901	System.Int32[] UnityEngine.Mesh::GetIndices(System.Int32)	UnityEngine.CoreModule
Mesh_GetIndices_m1466450660	System.Int32[] UnityEngine.Mesh::GetIndices(System.Int32,System.Boolean)	UnityEngine.CoreModule
Mesh_SetTrianglesImpl_m1015576670	System.Void UnityEngine.Mesh::SetTrianglesImpl(System.Int32,System.Array,System.Int32,System.Boolean,System.Int32)	UnityEngine.CoreModule
Mesh_SetTriangles_m1523451247	System.Void UnityEngine.Mesh::SetTriangles(System.Collections.Generic.List`1<System.Int32>,System.Int32)	UnityEngine.CoreModule
Mesh_SetTriangles_m2205169959	System.Void UnityEngine.Mesh::SetTriangles(System.Collections.Generic.List`1<System.Int32>,System.Int32,System.Boolean,System.Int32)	UnityEngine.CoreModule
Mesh_SetIndices_m3629265601	System.Void UnityEngine.Mesh::SetIndices(System.Int32[],UnityEngine.MeshTopology,System.Int32)	UnityEngine.CoreModule
Mesh_SetIndices_m4128822790	System.Void UnityEngine.Mesh::SetIndices(System.Int32[],UnityEngine.MeshTopology,System.Int32,System.Boolean,System.Int32)	UnityEngine.CoreModule
Mesh_Clear_m2630385472	System.Void UnityEngine.Mesh::Clear()	UnityEngine.CoreModule
Mesh_RecalculateBounds_m39931642	System.Void UnityEngine.Mesh::RecalculateBounds()	UnityEngine.CoreModule
Mesh_RecalculateNormals_m467587154	System.Void UnityEngine.Mesh::RecalculateNormals()	UnityEngine.CoreModule
Mesh_UploadMeshData_m969465843	System.Void UnityEngine.Mesh::UploadMeshData(System.Boolean)	UnityEngine.CoreModule
MonoBehaviour__ctor_m1579109191	System.Void UnityEngine.MonoBehaviour::.ctor()	UnityEngine.CoreModule
MonoBehaviour_StartCoroutine_m3411253000	UnityEngine.Coroutine UnityEngine.MonoBehaviour::StartCoroutine(System.Collections.IEnumerator)	UnityEngine.CoreModule
MonoBehaviour_StartCoroutine_Auto_Internal_m2421197418	UnityEngine.Coroutine UnityEngine.MonoBehaviour::StartCoroutine_Auto_Internal(System.Collections.IEnumerator)	UnityEngine.CoreModule
MonoBehaviour_StopCoroutine_m615723318	System.Void UnityEngine.MonoBehaviour::StopCoroutine(System.Collections.IEnumerator)	UnityEngine.CoreModule
MonoBehaviour_StopCoroutine_m907039165	System.Void UnityEngine.MonoBehaviour::StopCoroutine(UnityEngine.Coroutine)	UnityEngine.CoreModule
MonoBehaviour_StopCoroutineViaEnumerator_Auto_m3883784228	System.Void UnityEngine.MonoBehaviour::StopCoroutineViaEnumerator_Auto(System.Collections.IEnumerator)	UnityEngine.CoreModule
MonoBehaviour_StopCoroutine_Auto_m820288890	System.Void UnityEngine.MonoBehaviour::StopCoroutine_Auto(UnityEngine.Coroutine)	UnityEngine.CoreModule
MonoBehaviour_print_m330341231	System.Void UnityEngine.MonoBehaviour::print(System.Object)	UnityEngine.CoreModule
MonoBehaviour_set_useGUILayout_m3492031340	System.Void UnityEngine.MonoBehaviour::set_useGUILayout(System.Boolean)	UnityEngine.CoreModule
NativeClassAttribute__ctor_m2882942384	System.Void UnityEngine.NativeClassAttribute::.ctor(System.String)	UnityEngine.CoreModule
NativeClassAttribute_set_QualifiedNativeName_m817439736	System.Void UnityEngine.NativeClassAttribute::set_QualifiedNativeName(System.String)	UnityEngine.CoreModule
MessageEventArgs__ctor_m14798785	System.Void UnityEngine.Networking.PlayerConnection.MessageEventArgs::.ctor()	UnityEngine.CoreModule
PlayerConnection__ctor_m2639507345	System.Void UnityEngine.Networking.PlayerConnection.PlayerConnection::.ctor()	UnityEngine.CoreModule
PlayerConnection_get_instance_m1750121257	UnityEngine.Networking.PlayerConnection.PlayerConnection UnityEngine.Networking.PlayerConnection.PlayerConnection::get_instance()	UnityEngine.CoreModule
PlayerConnection_CreateInstance_m902052006	UnityEngine.Networking.PlayerConnection.PlayerConnection UnityEngine.Networking.PlayerConnection.PlayerConnection::CreateInstance()	UnityEngine.CoreModule
PlayerConnection_MessageCallbackInternal_m1914517467	System.Void UnityEngine.Networking.PlayerConnection.PlayerConnection::MessageCallbackInternal(System.IntPtr,System.UInt64,System.UInt64,System.String)	UnityEngine.CoreModule
PlayerConnection_ConnectedCallbackInternal_m1706913195	System.Void UnityEngine.Networking.PlayerConnection.PlayerConnection::ConnectedCallbackInternal(System.Int32)	UnityEngine.CoreModule
PlayerConnection_DisconnectedCallback_m1697017309	System.Void UnityEngine.Networking.PlayerConnection.PlayerConnection::DisconnectedCallback(System.Int32)	UnityEngine.CoreModule
PlayerEditorConnectionEvents__ctor_m3177489832	System.Void UnityEngine.Networking.PlayerConnection.PlayerEditorConnectionEvents::.ctor()	UnityEngine.CoreModule
PlayerEditorConnectionEvents_InvokeMessageIdSubscribers_m2094591713	System.Void UnityEngine.Networking.PlayerConnection.PlayerEditorConnectionEvents::InvokeMessageIdSubscribers(System.Guid,System.Byte[],System.Int32)	UnityEngine.CoreModule
U3CInvokeMessageIdSubscribersU3Ec__AnonStorey0__ctor_m2486500792	System.Void UnityEngine.Networking.PlayerConnection.PlayerEditorConnectionEvents/<InvokeMessageIdSubscribers>c__AnonStorey0::.ctor()	UnityEngine.CoreModule
U3CInvokeMessageIdSubscribersU3Ec__AnonStorey0_U3CU3Em__0_m444206473	System.Boolean UnityEngine.Networking.PlayerConnection.PlayerEditorConnectionEvents/<InvokeMessageIdSubscribers>c__AnonStorey0::<>m__0(UnityEngine.Networking.PlayerConnection.PlayerEditorConnectionEvents/MessageTypeSubscribers)	UnityEngine.CoreModule
ConnectionChangeEvent__ctor_m764126802	System.Void UnityEngine.Networking.PlayerConnection.PlayerEditorConnectionEvents/ConnectionChangeEvent::.ctor()	UnityEngine.CoreModule
MessageEvent__ctor_m1231650089	System.Void UnityEngine.Networking.PlayerConnection.PlayerEditorConnectionEvents/MessageEvent::.ctor()	UnityEngine.CoreModule
MessageTypeSubscribers__ctor_m1543468991	System.Void UnityEngine.Networking.PlayerConnection.PlayerEditorConnectionEvents/MessageTypeSubscribers::.ctor()	UnityEngine.CoreModule
MessageTypeSubscribers_get_MessageTypeId_m1143155832	System.Guid UnityEngine.Networking.PlayerConnection.PlayerEditorConnectionEvents/MessageTypeSubscribers::get_MessageTypeId()	UnityEngine.CoreModule
NoAllocHelpers_ExtractArrayFromList_m2239661248	System.Array UnityEngine.NoAllocHelpers::ExtractArrayFromList(System.Object)	UnityEngine.CoreModule
NoAllocHelpers_SafeLength_m3994544446	System.Int32 UnityEngine.NoAllocHelpers::SafeLength(System.Array)	UnityEngine.CoreModule
Object__ctor_m1087895580	System.Void UnityEngine.Object::.ctor()	UnityEngine.CoreModule
Object_Internal_CloneSingle_m1021157572	UnityEngine.Object UnityEngine.Object::Internal_CloneSingle(UnityEngine.Object)	UnityEngine.CoreModule
Object_Internal_InstantiateSingle_m4074556765	UnityEngine.Object UnityEngine.Object::Internal_InstantiateSingle(UnityEngine.Object,UnityEngine.Vector3,UnityEngine.Quaternion)	UnityEngine.CoreModule
Object_INTERNAL_CALL_Internal_InstantiateSingle_m243746258	UnityEngine.Object UnityEngine.Object::INTERNAL_CALL_Internal_InstantiateSingle(UnityEngine.Object,UnityEngine.Vector3&,UnityEngine.Quaternion&)	UnityEngine.CoreModule
Object_GetOffsetOfInstanceIDInCPlusPlusObject_m1567230257	System.Int32 UnityEngine.Object::GetOffsetOfInstanceIDInCPlusPlusObject()	UnityEngine.CoreModule
Object_Destroy_m3118546832	System.Void UnityEngine.Object::Destroy(UnityEngine.Object,System.Single)	UnityEngine.CoreModule
Object_Destroy_m565254235	System.Void UnityEngine.Object::Destroy(UnityEngine.Object)	UnityEngine.CoreModule
Object_DestroyImmediate_m2288369078	System.Void UnityEngine.Object::DestroyImmediate(UnityEngine.Object,System.Boolean)	UnityEngine.CoreModule
Object_DestroyImmediate_m3193525861	System.Void UnityEngine.Object::DestroyImmediate(UnityEngine.Object)	UnityEngine.CoreModule
Object_get_name_m4211327027	System.String UnityEngine.Object::get_name()	UnityEngine.CoreModule
Object_set_name_m291480324	System.Void UnityEngine.Object::set_name(System.String)	UnityEngine.CoreModule
Object_set_hideFlags_m1648752846	System.Void UnityEngine.Object::set_hideFlags(UnityEngine.HideFlags)	UnityEngine.CoreModule
Object_ToString_m3272709752	System.String UnityEngine.Object::ToString()	UnityEngine.CoreModule
Object_GetInstanceID_m1255174761	System.Int32 UnityEngine.Object::GetInstanceID()	UnityEngine.CoreModule
Object_GetHashCode_m1944636947	System.Int32 UnityEngine.Object::GetHashCode()	UnityEngine.CoreModule
Object_Equals_m4262027856	System.Boolean UnityEngine.Object::Equals(System.Object)	UnityEngine.CoreModule
Object_op_Implicit_m3574996620	System.Boolean UnityEngine.Object::op_Implicit(UnityEngine.Object)	UnityEngine.CoreModule
Object_CompareBaseObjects_m2405226032	System.Boolean UnityEngine.Object::CompareBaseObjects(UnityEngine.Object,UnityEngine.Object)	UnityEngine.CoreModule
Object_IsNativeObjectAlive_m3095908075	System.Boolean UnityEngine.Object::IsNativeObjectAlive(UnityEngine.Object)	UnityEngine.CoreModule
Object_GetCachedPtr_m151292858	System.IntPtr UnityEngine.Object::GetCachedPtr()	UnityEngine.CoreModule
Object_Instantiate_m2682941528	UnityEngine.Object UnityEngine.Object::Instantiate(UnityEngine.Object,UnityEngine.Vector3,UnityEngine.Quaternion)	UnityEngine.CoreModule
Object_CheckNullArgument_m4237608654	System.Void UnityEngine.Object::CheckNullArgument(System.Object,System.String)	UnityEngine.CoreModule
Object_op_Equality_m1810815630	System.Boolean UnityEngine.Object::op_Equality(UnityEngine.Object,UnityEngine.Object)	UnityEngine.CoreModule
Object_op_Inequality_m4071470834	System.Boolean UnityEngine.Object::op_Inequality(UnityEngine.Object,UnityEngine.Object)	UnityEngine.CoreModule
Object__cctor_m2398773973	System.Void UnityEngine.Object::.cctor()	UnityEngine.CoreModule
Plane__ctor_m2890438515_AdjustorThunk	System.Void UnityEngine.Plane::.ctor(UnityEngine.Vector3,UnityEngine.Vector3)	UnityEngine.CoreModule
Plane_Raycast_m62370169_AdjustorThunk	System.Boolean UnityEngine.Plane::Raycast(UnityEngine.Ray,System.Single&)	UnityEngine.CoreModule
Plane_ToString_m1879648265_AdjustorThunk	System.String UnityEngine.Plane::ToString()	UnityEngine.CoreModule
Playable__ctor_m3175303195_AdjustorThunk	System.Void UnityEngine.Playables.Playable::.ctor(UnityEngine.Playables.PlayableHandle)	UnityEngine.CoreModule
Playable_get_Null_m3556999077	UnityEngine.Playables.Playable UnityEngine.Playables.Playable::get_Null()	UnityEngine.CoreModule
Playable_GetHandle_m98909670_AdjustorThunk	UnityEngine.Playables.PlayableHandle UnityEngine.Playables.Playable::GetHandle()	UnityEngine.CoreModule
Playable_Equals_m328753404_AdjustorThunk	System.Boolean UnityEngine.Playables.Playable::Equals(UnityEngine.Playables.Playable)	UnityEngine.CoreModule
Playable__cctor_m464525928	System.Void UnityEngine.Playables.Playable::.cctor()	UnityEngine.CoreModule
PlayableAsset__ctor_m2395156306	System.Void UnityEngine.Playables.PlayableAsset::.ctor()	UnityEngine.CoreModule
PlayableAsset_get_duration_m3549083384	System.Double UnityEngine.Playables.PlayableAsset::get_duration()	UnityEngine.CoreModule
PlayableAsset_Internal_CreatePlayable_m2550417712	System.Void UnityEngine.Playables.PlayableAsset::Internal_CreatePlayable(UnityEngine.Playables.PlayableAsset,UnityEngine.Playables.PlayableGraph,UnityEngine.GameObject,System.IntPtr)	UnityEngine.CoreModule
PlayableAsset_Internal_GetPlayableAssetDuration_m2090502339	System.Void UnityEngine.Playables.PlayableAsset::Internal_GetPlayableAssetDuration(UnityEngine.Playables.PlayableAsset,System.IntPtr)	UnityEngine.CoreModule
PlayableBehaviour__ctor_m3891915003	System.Void UnityEngine.Playables.PlayableBehaviour::.ctor()	UnityEngine.CoreModule
PlayableBehaviour_Clone_m2851991741	System.Object UnityEngine.Playables.PlayableBehaviour::Clone()	UnityEngine.CoreModule
PlayableBinding__cctor_m2159960528	System.Void UnityEngine.Playables.PlayableBinding::.cctor()	UnityEngine.CoreModule
PlayableHandle_get_Null_m218234861	UnityEngine.Playables.PlayableHandle UnityEngine.Playables.PlayableHandle::get_Null()	UnityEngine.CoreModule
PlayableHandle_op_Equality_m3344837515	System.Boolean UnityEngine.Playables.PlayableHandle::op_Equality(UnityEngine.Playables.PlayableHandle,UnityEngine.Playables.PlayableHandle)	UnityEngine.CoreModule
PlayableHandle_Equals_m1666612586_AdjustorThunk	System.Boolean UnityEngine.Playables.PlayableHandle::Equals(System.Object)	UnityEngine.CoreModule
PlayableHandle_GetHashCode_m1297878485_AdjustorThunk	System.Int32 UnityEngine.Playables.PlayableHandle::GetHashCode()	UnityEngine.CoreModule
PlayableHandle_CompareVersion_m2748798983	System.Boolean UnityEngine.Playables.PlayableHandle::CompareVersion(UnityEngine.Playables.PlayableHandle,UnityEngine.Playables.PlayableHandle)	UnityEngine.CoreModule
PlayableHandle_IsValid_m777349566_AdjustorThunk	System.Boolean UnityEngine.Playables.PlayableHandle::IsValid()	UnityEngine.CoreModule
PlayableHandle_GetPlayableType_m432385838_AdjustorThunk	System.Type UnityEngine.Playables.PlayableHandle::GetPlayableType()	UnityEngine.CoreModule
PlayableHandle_IsValid_Injected_m2746805669	System.Boolean UnityEngine.Playables.PlayableHandle::IsValid_Injected(UnityEngine.Playables.PlayableHandle&)	UnityEngine.CoreModule
PlayableHandle_GetPlayableType_Injected_m686992718	System.Type UnityEngine.Playables.PlayableHandle::GetPlayableType_Injected(UnityEngine.Playables.PlayableHandle&)	UnityEngine.CoreModule
PlayableOutput__ctor_m3330119218_AdjustorThunk	System.Void UnityEngine.Playables.PlayableOutput::.ctor(UnityEngine.Playables.PlayableOutputHandle)	UnityEngine.CoreModule
PlayableOutput_GetHandle_m777137769_AdjustorThunk	UnityEngine.Playables.PlayableOutputHandle UnityEngine.Playables.PlayableOutput::GetHandle()	UnityEngine.CoreModule
PlayableOutput_Equals_m3146274716_AdjustorThunk	System.Boolean UnityEngine.Playables.PlayableOutput::Equals(UnityEngine.Playables.PlayableOutput)	UnityEngine.CoreModule
PlayableOutput__cctor_m2348686299	System.Void UnityEngine.Playables.PlayableOutput::.cctor()	UnityEngine.CoreModule
PlayableOutputHandle_get_Null_m1200584339	UnityEngine.Playables.PlayableOutputHandle UnityEngine.Playables.PlayableOutputHandle::get_Null()	UnityEngine.CoreModule
PlayableOutputHandle_GetHashCode_m2803245663_AdjustorThunk	System.Int32 UnityEngine.Playables.PlayableOutputHandle::GetHashCode()	UnityEngine.CoreModule
PlayableOutputHandle_op_Equality_m388301694	System.Boolean UnityEngine.Playables.PlayableOutputHandle::op_Equality(UnityEngine.Playables.PlayableOutputHandle,UnityEngine.Playables.PlayableOutputHandle)	UnityEngine.CoreModule
PlayableOutputHandle_Equals_m334596297_AdjustorThunk	System.Boolean UnityEngine.Playables.PlayableOutputHandle::Equals(System.Object)	UnityEngine.CoreModule
PlayableOutputHandle_CompareVersion_m841260813	System.Boolean UnityEngine.Playables.PlayableOutputHandle::CompareVersion(UnityEngine.Playables.PlayableOutputHandle,UnityEngine.Playables.PlayableOutputHandle)	UnityEngine.CoreModule
PropertyAttribute__ctor_m1017741868	System.Void UnityEngine.PropertyAttribute::.ctor()	UnityEngine.CoreModule
PropertyName__ctor_m1858502781_AdjustorThunk	System.Void UnityEngine.PropertyName::.ctor(System.String)	UnityEngine.CoreModule
PropertyName__ctor_m3511806171_AdjustorThunk	System.Void UnityEngine.PropertyName::.ctor(UnityEngine.PropertyName)	UnityEngine.CoreModule
PropertyName__ctor_m912660408_AdjustorThunk	System.Void UnityEngine.PropertyName::.ctor(System.Int32)	UnityEngine.CoreModule
PropertyName_op_Equality_m2761233272	System.Boolean UnityEngine.PropertyName::op_Equality(UnityEngine.PropertyName,UnityEngine.PropertyName)	UnityEngine.CoreModule
PropertyName_op_Inequality_m3504767831	System.Boolean UnityEngine.PropertyName::op_Inequality(UnityEngine.PropertyName,UnityEngine.PropertyName)	UnityEngine.CoreModule
PropertyName_GetHashCode_m3570549176_AdjustorThunk	System.Int32 UnityEngine.PropertyName::GetHashCode()	UnityEngine.CoreModule
PropertyName_Equals_m2608649819_AdjustorThunk	System.Boolean UnityEngine.PropertyName::Equals(System.Object)	UnityEngine.CoreModule
PropertyName_op_Implicit_m1633828199	UnityEngine.PropertyName UnityEngine.PropertyName::op_Implicit(System.String)	UnityEngine.CoreModule
PropertyName_op_Implicit_m114733813	UnityEngine.PropertyName UnityEngine.PropertyName::op_Implicit(System.Int32)	UnityEngine.CoreModule
PropertyName_ToString_m3328159423_AdjustorThunk	System.String UnityEngine.PropertyName::ToString()	UnityEngine.CoreModule
PropertyNameUtils_PropertyNameFromString_m3719796130	UnityEngine.PropertyName UnityEngine.PropertyNameUtils::PropertyNameFromString(System.String)	UnityEngine.CoreModule
PropertyNameUtils_PropertyNameFromString_Injected_m1259736140	System.Void UnityEngine.PropertyNameUtils::PropertyNameFromString_Injected(System.String,UnityEngine.PropertyName&)	UnityEngine.CoreModule
QualitySettings_get_activeColorSpace_m2902748248	UnityEngine.ColorSpace UnityEngine.QualitySettings::get_activeColorSpace()	UnityEngine.CoreModule
Quaternion__ctor_m435141806_AdjustorThunk	System.Void UnityEngine.Quaternion::.ctor(System.Single,System.Single,System.Single,System.Single)	UnityEngine.CoreModule
Quaternion_Inverse_m1311579081	UnityEngine.Quaternion UnityEngine.Quaternion::Inverse(UnityEngine.Quaternion)	UnityEngine.CoreModule
Quaternion_INTERNAL_CALL_Inverse_m679736573	System.Void UnityEngine.Quaternion::INTERNAL_CALL_Inverse(UnityEngine.Quaternion&,UnityEngine.Quaternion&)	UnityEngine.CoreModule
Quaternion_Euler_m3049309462	UnityEngine.Quaternion UnityEngine.Quaternion::Euler(System.Single,System.Single,System.Single)	UnityEngine.CoreModule
Quaternion_Internal_FromEulerRad_m1647759854	UnityEngine.Quaternion UnityEngine.Quaternion::Internal_FromEulerRad(UnityEngine.Vector3)	UnityEngine.CoreModule
Quaternion_INTERNAL_CALL_Internal_FromEulerRad_m3496231420	System.Void UnityEngine.Quaternion::INTERNAL_CALL_Internal_FromEulerRad(UnityEngine.Vector3&,UnityEngine.Quaternion&)	UnityEngine.CoreModule
Quaternion_op_Multiply_m1294064023	UnityEngine.Quaternion UnityEngine.Quaternion::op_Multiply(UnityEngine.Quaternion,UnityEngine.Quaternion)	UnityEngine.CoreModule
Quaternion_op_Multiply_m2607404835	UnityEngine.Vector3 UnityEngine.Quaternion::op_Multiply(UnityEngine.Quaternion,UnityEngine.Vector3)	UnityEngine.CoreModule
Quaternion_op_Equality_m1582314779	System.Boolean UnityEngine.Quaternion::op_Equality(UnityEngine.Quaternion,UnityEngine.Quaternion)	UnityEngine.CoreModule
Quaternion_op_Inequality_m1948345154	System.Boolean UnityEngine.Quaternion::op_Inequality(UnityEngine.Quaternion,UnityEngine.Quaternion)	UnityEngine.CoreModule
Quaternion_Dot_m1392781996	System.Single UnityEngine.Quaternion::Dot(UnityEngine.Quaternion,UnityEngine.Quaternion)	UnityEngine.CoreModule
Quaternion_GetHashCode_m2636680144_AdjustorThunk	System.Int32 UnityEngine.Quaternion::GetHashCode()	UnityEngine.CoreModule
Quaternion_Equals_m1863659319_AdjustorThunk	System.Boolean UnityEngine.Quaternion::Equals(System.Object)	UnityEngine.CoreModule
Quaternion_ToString_m2203056442_AdjustorThunk	System.String UnityEngine.Quaternion::ToString()	UnityEngine.CoreModule
Quaternion__cctor_m2965965177	System.Void UnityEngine.Quaternion::.cctor()	UnityEngine.CoreModule
Random_Range_m2202990745	System.Single UnityEngine.Random::Range(System.Single,System.Single)	UnityEngine.CoreModule
Random_get_value_m3115885645	System.Single UnityEngine.Random::get_value()	UnityEngine.CoreModule
RangeAttribute__ctor_m32920615	System.Void UnityEngine.RangeAttribute::.ctor(System.Single,System.Single)	UnityEngine.CoreModule
RangeInt__ctor_m240963897_AdjustorThunk	System.Void UnityEngine.RangeInt::.ctor(System.Int32,System.Int32)	UnityEngine.CoreModule
RangeInt_get_end_m4128831787_AdjustorThunk	System.Int32 UnityEngine.RangeInt::get_end()	UnityEngine.CoreModule
Ray__ctor_m168149494_AdjustorThunk	System.Void UnityEngine.Ray::.ctor(UnityEngine.Vector3,UnityEngine.Vector3)	UnityEngine.CoreModule
Ray_get_origin_m2819290985_AdjustorThunk	UnityEngine.Vector3 UnityEngine.Ray::get_origin()	UnityEngine.CoreModule
Ray_get_direction_m761601601_AdjustorThunk	UnityEngine.Vector3 UnityEngine.Ray::get_direction()	UnityEngine.CoreModule
Ray_GetPoint_m1852405345_AdjustorThunk	UnityEngine.Vector3 UnityEngine.Ray::GetPoint(System.Single)	UnityEngine.CoreModule
Ray_ToString_m1732834890_AdjustorThunk	System.String UnityEngine.Ray::ToString()	UnityEngine.CoreModule
Rect__ctor_m2614021312_AdjustorThunk	System.Void UnityEngine.Rect::.ctor(System.Single,System.Single,System.Single,System.Single)	UnityEngine.CoreModule
Rect_get_x_m3839990490_AdjustorThunk	System.Single UnityEngine.Rect::get_x()	UnityEngine.CoreModule
Rect_set_x_m2352063068_AdjustorThunk	System.Void UnityEngine.Rect::set_x(System.Single)	UnityEngine.CoreModule
Rect_get_y_m1501338330_AdjustorThunk	System.Single UnityEngine.Rect::get_y()	UnityEngine.CoreModule
Rect_set_y_m3702432190_AdjustorThunk	System.Void UnityEngine.Rect::set_y(System.Single)	UnityEngine.CoreModule
Rect_get_position_m2115952571_AdjustorThunk	UnityEngine.Vector2 UnityEngine.Rect::get_position()	UnityEngine.CoreModule
Rect_get_center_m138276653_AdjustorThunk	UnityEngine.Vector2 UnityEngine.Rect::get_center()	UnityEngine.CoreModule
Rect_get_min_m847841034_AdjustorThunk	UnityEngine.Vector2 UnityEngine.Rect::get_min()	UnityEngine.CoreModule
Rect_get_max_m350137314_AdjustorThunk	UnityEngine.Vector2 UnityEngine.Rect::get_max()	UnityEngine.CoreModule
Rect_get_width_m3421484486_AdjustorThunk	System.Single UnityEngine.Rect::get_width()	UnityEngine.CoreModule
Rect_set_width_m2963421158_AdjustorThunk	System.Void UnityEngine.Rect::set_width(System.Single)	UnityEngine.CoreModule
Rect_get_height_m1358425599_AdjustorThunk	System.Single UnityEngine.Rect::get_height()	UnityEngine.CoreModule
Rect_set_height_m1625569324_AdjustorThunk	System.Void UnityEngine.Rect::set_height(System.Single)	UnityEngine.CoreModule
Rect_get_size_m477575021_AdjustorThunk	UnityEngine.Vector2 UnityEngine.Rect::get_size()	UnityEngine.CoreModule
Rect_get_xMin_m581135837_AdjustorThunk	System.Single UnityEngine.Rect::get_xMin()	UnityEngine.CoreModule
Rect_set_xMin_m2413290617_AdjustorThunk	System.Void UnityEngine.Rect::set_xMin(System.Single)	UnityEngine.CoreModule
Rect_get_yMin_m2601414109_AdjustorThunk	System.Single UnityEngine.Rect::get_yMin()	UnityEngine.CoreModule
Rect_set_yMin_m2724127720_AdjustorThunk	System.Void UnityEngine.Rect::set_yMin(System.Single)	UnityEngine.CoreModule
Rect_get_xMax_m3018144503_AdjustorThunk	System.Single UnityEngine.Rect::get_xMax()	UnityEngine.CoreModule
Rect_set_xMax_m1720695099_AdjustorThunk	System.Void UnityEngine.Rect::set_xMax(System.Single)	UnityEngine.CoreModule
Rect_get_yMax_m743455479_AdjustorThunk	System.Single UnityEngine.Rect::get_yMax()	UnityEngine.CoreModule
Rect_set_yMax_m2031532394_AdjustorThunk	System.Void UnityEngine.Rect::set_yMax(System.Single)	UnityEngine.CoreModule
Rect_Contains_m3188543637_AdjustorThunk	System.Boolean UnityEngine.Rect::Contains(UnityEngine.Vector2)	UnityEngine.CoreModule
Rect_Contains_m1232228501_AdjustorThunk	System.Boolean UnityEngine.Rect::Contains(UnityEngine.Vector3)	UnityEngine.CoreModule
Rect_OrderMinMax_m3383942098	UnityEngine.Rect UnityEngine.Rect::OrderMinMax(UnityEngine.Rect)	UnityEngine.CoreModule
Rect_Overlaps_m1458199541_AdjustorThunk	System.Boolean UnityEngine.Rect::Overlaps(UnityEngine.Rect)	UnityEngine.CoreModule
Rect_Overlaps_m522570764_AdjustorThunk	System.Boolean UnityEngine.Rect::Overlaps(UnityEngine.Rect,System.Boolean)	UnityEngine.CoreModule
Rect_op_Inequality_m51778115	System.Boolean UnityEngine.Rect::op_Inequality(UnityEngine.Rect,UnityEngine.Rect)	UnityEngine.CoreModule
Rect_op_Equality_m3986168348	System.Boolean UnityEngine.Rect::op_Equality(UnityEngine.Rect,UnityEngine.Rect)	UnityEngine.CoreModule
Rect_GetHashCode_m1816164252_AdjustorThunk	System.Int32 UnityEngine.Rect::GetHashCode()	UnityEngine.CoreModule
Rect_Equals_m4169342960_AdjustorThunk	System.Boolean UnityEngine.Rect::Equals(System.Object)	UnityEngine.CoreModule
Rect_ToString_m447614148_AdjustorThunk	System.String UnityEngine.Rect::ToString()	UnityEngine.CoreModule
RectOffset__ctor_m3236153262	System.Void UnityEngine.RectOffset::.ctor()	UnityEngine.CoreModule
RectOffset__ctor_m2718275157	System.Void UnityEngine.RectOffset::.ctor(System.Object,System.IntPtr)	UnityEngine.CoreModule
RectOffset_Init_m2028508611	System.Void UnityEngine.RectOffset::Init()	UnityEngine.CoreModule
RectOffset_Cleanup_m2552807639	System.Void UnityEngine.RectOffset::Cleanup()	UnityEngine.CoreModule
RectOffset_get_left_m1232181034	System.Int32 UnityEngine.RectOffset::get_left()	UnityEngine.CoreModule
RectOffset_set_left_m432301222	System.Void UnityEngine.RectOffset::set_left(System.Int32)	UnityEngine.CoreModule
RectOffset_get_right_m2294081512	System.Int32 UnityEngine.RectOffset::get_right()	UnityEngine.CoreModule
RectOffset_set_right_m807318764	System.Void UnityEngine.RectOffset::set_right(System.Int32)	UnityEngine.CoreModule
RectOffset_get_top_m2855347295	System.Int32 UnityEngine.RectOffset::get_top()	UnityEngine.CoreModule
RectOffset_set_top_m713260669	System.Void UnityEngine.RectOffset::set_top(System.Int32)	UnityEngine.CoreModule
RectOffset_get_bottom_m890891527	System.Int32 UnityEngine.RectOffset::get_bottom()	UnityEngine.CoreModule
RectOffset_set_bottom_m2747419780	System.Void UnityEngine.RectOffset::set_bottom(System.Int32)	UnityEngine.CoreModule
RectOffset_get_horizontal_m2663785949	System.Int32 UnityEngine.RectOffset::get_horizontal()	UnityEngine.CoreModule
RectOffset_get_vertical_m2029961580	System.Int32 UnityEngine.RectOffset::get_vertical()	UnityEngine.CoreModule
RectOffset_Finalize_m3971587028	System.Void UnityEngine.RectOffset::Finalize()	UnityEngine.CoreModule
RectOffset_ToString_m2007443979	System.String UnityEngine.RectOffset::ToString()	UnityEngine.CoreModule
RectTransform_get_rect_m574169965	UnityEngine.Rect UnityEngine.RectTransform::get_rect()	UnityEngine.CoreModule
RectTransform_INTERNAL_get_rect_m3130887130	System.Void UnityEngine.RectTransform::INTERNAL_get_rect(UnityEngine.Rect&)	UnityEngine.CoreModule
RectTransform_get_anchorMin_m2928307238	UnityEngine.Vector2 UnityEngine.RectTransform::get_anchorMin()	UnityEngine.CoreModule
RectTransform_set_anchorMin_m4230103102	System.Void UnityEngine.RectTransform::set_anchorMin(UnityEngine.Vector2)	UnityEngine.CoreModule
RectTransform_INTERNAL_get_anchorMin_m1735215721	System.Void UnityEngine.RectTransform::INTERNAL_get_anchorMin(UnityEngine.Vector2&)	UnityEngine.CoreModule
RectTransform_INTERNAL_set_anchorMin_m2377650992	System.Void UnityEngine.RectTransform::INTERNAL_set_anchorMin(UnityEngine.Vector2&)	UnityEngine.CoreModule
RectTransform_get_anchorMax_m2495270048	UnityEngine.Vector2 UnityEngine.RectTransform::get_anchorMax()	UnityEngine.CoreModule
RectTransform_set_anchorMax_m2998668828	System.Void UnityEngine.RectTransform::set_anchorMax(UnityEngine.Vector2)	UnityEngine.CoreModule
RectTransform_INTERNAL_get_anchorMax_m1239315619	System.Void UnityEngine.RectTransform::INTERNAL_get_anchorMax(UnityEngine.Vector2&)	UnityEngine.CoreModule
RectTransform_INTERNAL_set_anchorMax_m2100588677	System.Void UnityEngine.RectTransform::INTERNAL_set_anchorMax(UnityEngine.Vector2&)	UnityEngine.CoreModule
RectTransform_get_anchoredPosition_m1813443094	UnityEngine.Vector2 UnityEngine.RectTransform::get_anchoredPosition()	UnityEngine.CoreModule
RectTransform_set_anchoredPosition_m4126691837	System.Void UnityEngine.RectTransform::set_anchoredPosition(UnityEngine.Vector2)	UnityEngine.CoreModule
RectTransform_INTERNAL_get_anchoredPosition_m1010391491	System.Void UnityEngine.RectTransform::INTERNAL_get_anchoredPosition(UnityEngine.Vector2&)	UnityEngine.CoreModule
RectTransform_INTERNAL_set_anchoredPosition_m939517950	System.Void UnityEngine.RectTransform::INTERNAL_set_anchoredPosition(UnityEngine.Vector2&)	UnityEngine.CoreModule
RectTransform_get_sizeDelta_m2183112744	UnityEngine.Vector2 UnityEngine.RectTransform::get_sizeDelta()	UnityEngine.CoreModule
RectTransform_set_sizeDelta_m3462269772	System.Void UnityEngine.RectTransform::set_sizeDelta(UnityEngine.Vector2)	UnityEngine.CoreModule
RectTransform_INTERNAL_get_sizeDelta_m2173368204	System.Void UnityEngine.RectTransform::INTERNAL_get_sizeDelta(UnityEngine.Vector2&)	UnityEngine.CoreModule
RectTransform_INTERNAL_set_sizeDelta_m188783163	System.Void UnityEngine.RectTransform::INTERNAL_set_sizeDelta(UnityEngine.Vector2&)	UnityEngine.CoreModule
RectTransform_get_pivot_m3425744470	UnityEngine.Vector2 UnityEngine.RectTransform::get_pivot()	UnityEngine.CoreModule
RectTransform_set_pivot_m909387058	System.Void UnityEngine.RectTransform::set_pivot(UnityEngine.Vector2)	UnityEngine.CoreModule
RectTransform_INTERNAL_get_pivot_m2970933031	System.Void UnityEngine.RectTransform::INTERNAL_get_pivot(UnityEngine.Vector2&)	UnityEngine.CoreModule
RectTransform_INTERNAL_set_pivot_m1160676233	System.Void UnityEngine.RectTransform::INTERNAL_set_pivot(UnityEngine.Vector2&)	UnityEngine.CoreModule
RectTransform_add_reapplyDrivenProperties_m1374850920	System.Void UnityEngine.RectTransform::add_reapplyDrivenProperties(UnityEngine.RectTransform/ReapplyDrivenProperties)	UnityEngine.CoreModule
RectTransform_remove_reapplyDrivenProperties_m1119724599	System.Void UnityEngine.RectTransform::remove_reapplyDrivenProperties(UnityEngine.RectTransform/ReapplyDrivenProperties)	UnityEngine.CoreModule
RectTransform_SendReapplyDrivenProperties_m187867097	System.Void UnityEngine.RectTransform::SendReapplyDrivenProperties(UnityEngine.RectTransform)	UnityEngine.CoreModule
RectTransform_GetLocalCorners_m823861473	System.Void UnityEngine.RectTransform::GetLocalCorners(UnityEngine.Vector3[])	UnityEngine.CoreModule
RectTransform_GetWorldCorners_m3553547973	System.Void UnityEngine.RectTransform::GetWorldCorners(UnityEngine.Vector3[])	UnityEngine.CoreModule
RectTransform_set_offsetMin_m1512629941	System.Void UnityEngine.RectTransform::set_offsetMin(UnityEngine.Vector2)	UnityEngine.CoreModule
RectTransform_set_offsetMax_m2526664592	System.Void UnityEngine.RectTransform::set_offsetMax(UnityEngine.Vector2)	UnityEngine.CoreModule
RectTransform_SetInsetAndSizeFromParentEdge_m3531740593	System.Void UnityEngine.RectTransform::SetInsetAndSizeFromParentEdge(UnityEngine.RectTransform/Edge,System.Single,System.Single)	UnityEngine.CoreModule
RectTransform_SetSizeWithCurrentAnchors_m1274467307	System.Void UnityEngine.RectTransform::SetSizeWithCurrentAnchors(UnityEngine.RectTransform/Axis,System.Single)	UnityEngine.CoreModule
RectTransform_GetParentSize_m3947930162	UnityEngine.Vector2 UnityEngine.RectTransform::GetParentSize()	UnityEngine.CoreModule
ReapplyDrivenProperties__ctor_m836366652	System.Void UnityEngine.RectTransform/ReapplyDrivenProperties::.ctor(System.Object,System.IntPtr)	UnityEngine.CoreModule
ReapplyDrivenProperties_Invoke_m1151937880	System.Void UnityEngine.RectTransform/ReapplyDrivenProperties::Invoke(UnityEngine.RectTransform)	UnityEngine.CoreModule
ReapplyDrivenProperties_BeginInvoke_m4260606555	System.IAsyncResult UnityEngine.RectTransform/ReapplyDrivenProperties::BeginInvoke(UnityEngine.RectTransform,System.AsyncCallback,System.Object)	UnityEngine.CoreModule
ReapplyDrivenProperties_EndInvoke_m700307436	System.Void UnityEngine.RectTransform/ReapplyDrivenProperties::EndInvoke(System.IAsyncResult)	UnityEngine.CoreModule
Renderer_GetMaterial_m1815496413	UnityEngine.Material UnityEngine.Renderer::GetMaterial()	UnityEngine.CoreModule
Renderer_get_sortingLayerID_m3902855301	System.Int32 UnityEngine.Renderer::get_sortingLayerID()	UnityEngine.CoreModule
Renderer_get_sortingOrder_m344607889	System.Int32 UnityEngine.Renderer::get_sortingOrder()	UnityEngine.CoreModule
Renderer_get_material_m4171603682	UnityEngine.Material UnityEngine.Renderer::get_material()	UnityEngine.CoreModule
CommandBuffer__ctor_m3028411456	System.Void UnityEngine.Rendering.CommandBuffer::.ctor()	UnityEngine.CoreModule
CommandBuffer_Finalize_m993456318	System.Void UnityEngine.Rendering.CommandBuffer::Finalize()	UnityEngine.CoreModule
CommandBuffer_Dispose_m146760806	System.Void UnityEngine.Rendering.CommandBuffer::Dispose()	UnityEngine.CoreModule
CommandBuffer_Dispose_m3918254646	System.Void UnityEngine.Rendering.CommandBuffer::Dispose(System.Boolean)	UnityEngine.CoreModule
CommandBuffer_InitBuffer_m928401907	System.Void UnityEngine.Rendering.CommandBuffer::InitBuffer(UnityEngine.Rendering.CommandBuffer)	UnityEngine.CoreModule
CommandBuffer_ReleaseBuffer_m2545150641	System.Void UnityEngine.Rendering.CommandBuffer::ReleaseBuffer()	UnityEngine.CoreModule
CommandBuffer_set_name_m1839128424	System.Void UnityEngine.Rendering.CommandBuffer::set_name(System.String)	UnityEngine.CoreModule
CommandBuffer_Clear_m3260707516	System.Void UnityEngine.Rendering.CommandBuffer::Clear()	UnityEngine.CoreModule
CommandBuffer_DrawMesh_m3658061837	System.Void UnityEngine.Rendering.CommandBuffer::DrawMesh(UnityEngine.Mesh,UnityEngine.Matrix4x4,UnityEngine.Material,System.Int32,System.Int32)	UnityEngine.CoreModule
CommandBuffer_DrawMesh_m2147885662	System.Void UnityEngine.Rendering.CommandBuffer::DrawMesh(UnityEngine.Mesh,UnityEngine.Matrix4x4,UnityEngine.Material,System.Int32,System.Int32,UnityEngine.MaterialPropertyBlock)	UnityEngine.CoreModule
CommandBuffer_Internal_DrawMesh_m3934482641	System.Void UnityEngine.Rendering.CommandBuffer::Internal_DrawMesh(UnityEngine.Mesh,UnityEngine.Matrix4x4,UnityEngine.Material,System.Int32,System.Int32,UnityEngine.MaterialPropertyBlock)	UnityEngine.CoreModule
CommandBuffer_INTERNAL_CALL_Internal_DrawMesh_m3033657424	System.Void UnityEngine.Rendering.CommandBuffer::INTERNAL_CALL_Internal_DrawMesh(UnityEngine.Rendering.CommandBuffer,UnityEngine.Mesh,UnityEngine.Matrix4x4&,UnityEngine.Material,System.Int32,System.Int32,UnityEngine.MaterialPropertyBlock)	UnityEngine.CoreModule
CommandBuffer_SetRenderTarget_m2951052232	System.Void UnityEngine.Rendering.CommandBuffer::SetRenderTarget(UnityEngine.Rendering.RenderTargetIdentifier[],UnityEngine.Rendering.RenderTargetIdentifier)	UnityEngine.CoreModule
CommandBuffer_SetRenderTarget_Multiple_m3142590132	System.Void UnityEngine.Rendering.CommandBuffer::SetRenderTarget_Multiple(UnityEngine.Rendering.RenderTargetIdentifier[],UnityEngine.Rendering.RenderTargetIdentifier&)	UnityEngine.CoreModule
CommandBuffer_Blit_m32042010	System.Void UnityEngine.Rendering.CommandBuffer::Blit(UnityEngine.Texture,UnityEngine.Rendering.RenderTargetIdentifier,UnityEngine.Material,System.Int32)	UnityEngine.CoreModule
CommandBuffer_Blit_Texture_m4156465018	System.Void UnityEngine.Rendering.CommandBuffer::Blit_Texture(UnityEngine.Texture,UnityEngine.Rendering.RenderTargetIdentifier&,UnityEngine.Material,System.Int32,UnityEngine.Vector2,UnityEngine.Vector2)	UnityEngine.CoreModule
CommandBuffer_INTERNAL_CALL_Blit_Texture_m1169163901	System.Void UnityEngine.Rendering.CommandBuffer::INTERNAL_CALL_Blit_Texture(UnityEngine.Rendering.CommandBuffer,UnityEngine.Texture,UnityEngine.Rendering.RenderTargetIdentifier&,UnityEngine.Material,System.Int32,UnityEngine.Vector2&,UnityEngine.Vector2&)	UnityEngine.CoreModule
CommandBuffer_Blit_m1393847922	System.Void UnityEngine.Rendering.CommandBuffer::Blit(UnityEngine.Rendering.RenderTargetIdentifier,UnityEngine.Rendering.RenderTargetIdentifier)	UnityEngine.CoreModule
CommandBuffer_Blit_m1867893672	System.Void UnityEngine.Rendering.CommandBuffer::Blit(UnityEngine.Rendering.RenderTargetIdentifier,UnityEngine.Rendering.RenderTargetIdentifier,UnityEngine.Material,System.Int32)	UnityEngine.CoreModule
CommandBuffer_Blit_Identifier_m4152802028	System.Void UnityEngine.Rendering.CommandBuffer::Blit_Identifier(UnityEngine.Rendering.RenderTargetIdentifier&,UnityEngine.Rendering.RenderTargetIdentifier&,UnityEngine.Material,System.Int32,UnityEngine.Vector2,UnityEngine.Vector2)	UnityEngine.CoreModule
CommandBuffer_INTERNAL_CALL_Blit_Identifier_m527599613	System.Void UnityEngine.Rendering.CommandBuffer::INTERNAL_CALL_Blit_Identifier(UnityEngine.Rendering.CommandBuffer,UnityEngine.Rendering.RenderTargetIdentifier&,UnityEngine.Rendering.RenderTargetIdentifier&,UnityEngine.Material,System.Int32,UnityEngine.Vector2&,UnityEngine.Vector2&)	UnityEngine.CoreModule
CommandBuffer_GetTemporaryRT_m373966279	System.Void UnityEngine.Rendering.CommandBuffer::GetTemporaryRT(System.Int32,System.Int32,System.Int32,System.Int32,UnityEngine.FilterMode,UnityEngine.RenderTextureFormat,UnityEngine.RenderTextureReadWrite,System.Int32,System.Boolean,UnityEngine.RenderTextureMemoryless,System.Boolean)	UnityEngine.CoreModule
CommandBuffer_GetTemporaryRT_m2948653747	System.Void UnityEngine.Rendering.CommandBuffer::GetTemporaryRT(System.Int32,System.Int32,System.Int32,System.Int32,UnityEngine.FilterMode,UnityEngine.RenderTextureFormat,UnityEngine.RenderTextureReadWrite)	UnityEngine.CoreModule
CommandBuffer_GetTemporaryRT_m2252457381	System.Void UnityEngine.Rendering.CommandBuffer::GetTemporaryRT(System.Int32,System.Int32,System.Int32,System.Int32,UnityEngine.FilterMode,UnityEngine.RenderTextureFormat)	UnityEngine.CoreModule
CommandBuffer_GetTemporaryRT_m3395598028	System.Void UnityEngine.Rendering.CommandBuffer::GetTemporaryRT(System.Int32,System.Int32,System.Int32,System.Int32,UnityEngine.FilterMode)	UnityEngine.CoreModule
CommandBuffer_ReleaseTemporaryRT_m2627662573	System.Void UnityEngine.Rendering.CommandBuffer::ReleaseTemporaryRT(System.Int32)	UnityEngine.CoreModule
CommandBuffer_SetGlobalFloat_m4256468291	System.Void UnityEngine.Rendering.CommandBuffer::SetGlobalFloat(System.Int32,System.Single)	UnityEngine.CoreModule
CommandBuffer_SetGlobalVector_m2474181847	System.Void UnityEngine.Rendering.CommandBuffer::SetGlobalVector(System.Int32,UnityEngine.Vector4)	UnityEngine.CoreModule
CommandBuffer_INTERNAL_CALL_SetGlobalVector_m2181728165	System.Void UnityEngine.Rendering.CommandBuffer::INTERNAL_CALL_SetGlobalVector(UnityEngine.Rendering.CommandBuffer,System.Int32,UnityEngine.Vector4&)	UnityEngine.CoreModule
CommandBuffer_SetGlobalTexture_m67524349	System.Void UnityEngine.Rendering.CommandBuffer::SetGlobalTexture(System.Int32,UnityEngine.Rendering.RenderTargetIdentifier)	UnityEngine.CoreModule
CommandBuffer_SetGlobalTexture_Impl_m96828397	System.Void UnityEngine.Rendering.CommandBuffer::SetGlobalTexture_Impl(System.Int32,UnityEngine.Rendering.RenderTargetIdentifier&)	UnityEngine.CoreModule
RenderTargetIdentifier__ctor_m2243930664_AdjustorThunk	System.Void UnityEngine.Rendering.RenderTargetIdentifier::.ctor(UnityEngine.Rendering.BuiltinRenderTextureType)	UnityEngine.CoreModule
RenderTargetIdentifier__ctor_m4072422479_AdjustorThunk	System.Void UnityEngine.Rendering.RenderTargetIdentifier::.ctor(System.Int32)	UnityEngine.CoreModule
RenderTargetIdentifier__ctor_m2966131472_AdjustorThunk	System.Void UnityEngine.Rendering.RenderTargetIdentifier::.ctor(UnityEngine.Texture)	UnityEngine.CoreModule
RenderTargetIdentifier_op_Implicit_m2644497587	UnityEngine.Rendering.RenderTargetIdentifier UnityEngine.Rendering.RenderTargetIdentifier::op_Implicit(UnityEngine.Rendering.BuiltinRenderTextureType)	UnityEngine.CoreModule
RenderTargetIdentifier_op_Implicit_m1310414951	UnityEngine.Rendering.RenderTargetIdentifier UnityEngine.Rendering.RenderTargetIdentifier::op_Implicit(System.Int32)	UnityEngine.CoreModule
RenderTargetIdentifier_op_Implicit_m3327331520	UnityEngine.Rendering.RenderTargetIdentifier UnityEngine.Rendering.RenderTargetIdentifier::op_Implicit(UnityEngine.Texture)	UnityEngine.CoreModule
RenderTargetIdentifier_ToString_m2485456827_AdjustorThunk	System.String UnityEngine.Rendering.RenderTargetIdentifier::ToString()	UnityEngine.CoreModule
RenderTargetIdentifier_GetHashCode_m1961157614_AdjustorThunk	System.Int32 UnityEngine.Rendering.RenderTargetIdentifier::GetHashCode()	UnityEngine.CoreModule
RenderTargetIdentifier_Equals_m4153726175_AdjustorThunk	System.Boolean UnityEngine.Rendering.RenderTargetIdentifier::Equals(UnityEngine.Rendering.RenderTargetIdentifier)	UnityEngine.CoreModule
RenderTargetIdentifier_Equals_m1528828512_AdjustorThunk	System.Boolean UnityEngine.Rendering.RenderTargetIdentifier::Equals(System.Object)	UnityEngine.CoreModule
RenderSettings_get_fog_m382149821	System.Boolean UnityEngine.RenderSettings::get_fog()	UnityEngine.CoreModule
RenderSettings_get_fogStartDistance_m3205984467	System.Single UnityEngine.RenderSettings::get_fogStartDistance()	UnityEngine.CoreModule
RenderSettings_get_fogEndDistance_m3431247078	System.Single UnityEngine.RenderSettings::get_fogEndDistance()	UnityEngine.CoreModule
RenderSettings_get_fogMode_m3629449155	UnityEngine.FogMode UnityEngine.RenderSettings::get_fogMode()	UnityEngine.CoreModule
RenderSettings_get_fogColor_m1270918470	UnityEngine.Color UnityEngine.RenderSettings::get_fogColor()	UnityEngine.CoreModule
RenderSettings_get_fogDensity_m616878862	System.Single UnityEngine.RenderSettings::get_fogDensity()	UnityEngine.CoreModule
RenderSettings_get_fogColor_Injected_m508162699	System.Void UnityEngine.RenderSettings::get_fogColor_Injected(UnityEngine.Color&)	UnityEngine.CoreModule
RenderTexture__ctor_m2187158709	System.Void UnityEngine.RenderTexture::.ctor(System.Int32,System.Int32,System.Int32,UnityEngine.RenderTextureFormat)	UnityEngine.CoreModule
RenderTexture__ctor_m3368882316	System.Void UnityEngine.RenderTexture::.ctor()	UnityEngine.CoreModule
RenderTexture_Internal_CreateRenderTexture_m3273952128	System.Void UnityEngine.RenderTexture::Internal_CreateRenderTexture(UnityEngine.RenderTexture)	UnityEngine.CoreModule
RenderTexture_GetTemporary_m1363375227	UnityEngine.RenderTexture UnityEngine.RenderTexture::GetTemporary(System.Int32,System.Int32,System.Int32,UnityEngine.RenderTextureFormat,UnityEngine.RenderTextureReadWrite)	UnityEngine.CoreModule
RenderTexture_GetTemporary_m3378328322	UnityEngine.RenderTexture UnityEngine.RenderTexture::GetTemporary(System.Int32,System.Int32,System.Int32,UnityEngine.RenderTextureFormat)	UnityEngine.CoreModule
RenderTexture_GetTemporary_m1832746092	UnityEngine.RenderTexture UnityEngine.RenderTexture::GetTemporary(System.Int32,System.Int32,System.Int32,UnityEngine.RenderTextureFormat,UnityEngine.RenderTextureReadWrite,System.Int32,UnityEngine.RenderTextureMemoryless,UnityEngine.VRTextureUsage,System.Boolean)	UnityEngine.CoreModule
RenderTexture_GetTemporary_Internal_m3558187963	UnityEngine.RenderTexture UnityEngine.RenderTexture::GetTemporary_Internal(UnityEngine.RenderTextureDescriptor)	UnityEngine.CoreModule
RenderTexture_INTERNAL_CALL_GetTemporary_Internal_m3898599721	UnityEngine.RenderTexture UnityEngine.RenderTexture::INTERNAL_CALL_GetTemporary_Internal(UnityEngine.RenderTextureDescriptor&)	UnityEngine.CoreModule
RenderTexture_ReleaseTemporary_m2400081536	System.Void UnityEngine.RenderTexture::ReleaseTemporary(UnityEngine.RenderTexture)	UnityEngine.CoreModule
RenderTexture_Internal_GetWidth_m647592734	System.Int32 UnityEngine.RenderTexture::Internal_GetWidth(UnityEngine.RenderTexture)	UnityEngine.CoreModule
RenderTexture_Internal_SetWidth_m1838533947	System.Void UnityEngine.RenderTexture::Internal_SetWidth(UnityEngine.RenderTexture,System.Int32)	UnityEngine.CoreModule
RenderTexture_Internal_GetHeight_m2848955502	System.Int32 UnityEngine.RenderTexture::Internal_GetHeight(UnityEngine.RenderTexture)	UnityEngine.CoreModule
RenderTexture_Internal_SetHeight_m464601256	System.Void UnityEngine.RenderTexture::Internal_SetHeight(UnityEngine.RenderTexture,System.Int32)	UnityEngine.CoreModule
RenderTexture_Internal_SetSRGBReadWrite_m1777240235	System.Void UnityEngine.RenderTexture::Internal_SetSRGBReadWrite(UnityEngine.RenderTexture,System.Boolean)	UnityEngine.CoreModule
RenderTexture_get_width_m2160921386	System.Int32 UnityEngine.RenderTexture::get_width()	UnityEngine.CoreModule
RenderTexture_set_width_m410512079	System.Void UnityEngine.RenderTexture::set_width(System.Int32)	UnityEngine.CoreModule
RenderTexture_get_height_m1018441327	System.Int32 UnityEngine.RenderTexture::get_height()	UnityEngine.CoreModule
RenderTexture_set_height_m1102706773	System.Void UnityEngine.RenderTexture::set_height(System.Int32)	UnityEngine.CoreModule
RenderTexture_get_depth_m3825994142	System.Int32 UnityEngine.RenderTexture::get_depth()	UnityEngine.CoreModule
RenderTexture_set_depth_m936447630	System.Void UnityEngine.RenderTexture::set_depth(System.Int32)	UnityEngine.CoreModule
RenderTexture_get_sRGB_m300498885	System.Boolean UnityEngine.RenderTexture::get_sRGB()	UnityEngine.CoreModule
RenderTexture_get_format_m3846871418	UnityEngine.RenderTextureFormat UnityEngine.RenderTexture::get_format()	UnityEngine.CoreModule
RenderTexture_set_format_m2479999990	System.Void UnityEngine.RenderTexture::set_format(UnityEngine.RenderTextureFormat)	UnityEngine.CoreModule
RenderTexture_Create_m2861863713	System.Boolean UnityEngine.RenderTexture::Create()	UnityEngine.CoreModule
RenderTexture_INTERNAL_CALL_Create_m2799867789	System.Boolean UnityEngine.RenderTexture::INTERNAL_CALL_Create(UnityEngine.RenderTexture)	UnityEngine.CoreModule
RenderTexture_Release_m1749927881	System.Void UnityEngine.RenderTexture::Release()	UnityEngine.CoreModule
RenderTexture_INTERNAL_CALL_Release_m2702845882	System.Void UnityEngine.RenderTexture::INTERNAL_CALL_Release(UnityEngine.RenderTexture)	UnityEngine.CoreModule
RenderTexture_IsCreated_m1088809752	System.Boolean UnityEngine.RenderTexture::IsCreated()	UnityEngine.CoreModule
RenderTexture_INTERNAL_CALL_IsCreated_m3380493263	System.Boolean UnityEngine.RenderTexture::INTERNAL_CALL_IsCreated(UnityEngine.RenderTexture)	UnityEngine.CoreModule
RenderTexture_get_colorBuffer_m2062927451	UnityEngine.RenderBuffer UnityEngine.RenderTexture::get_colorBuffer()	UnityEngine.CoreModule
RenderTexture_get_depthBuffer_m1409937006	UnityEngine.RenderBuffer UnityEngine.RenderTexture::get_depthBuffer()	UnityEngine.CoreModule
RenderTexture_GetColorBuffer_m1744943814	System.Void UnityEngine.RenderTexture::GetColorBuffer(UnityEngine.RenderBuffer&)	UnityEngine.CoreModule
RenderTexture_GetDepthBuffer_m3719911517	System.Void UnityEngine.RenderTexture::GetDepthBuffer(UnityEngine.RenderBuffer&)	UnityEngine.CoreModule
RenderTexture_get_active_m2427925032	UnityEngine.RenderTexture UnityEngine.RenderTexture::get_active()	UnityEngine.CoreModule
RenderTexture_set_active_m1437732586	System.Void UnityEngine.RenderTexture::set_active(UnityEngine.RenderTexture)	UnityEngine.CoreModule
RenderTexture_GetTemporary_m307390032	UnityEngine.RenderTexture UnityEngine.RenderTexture::GetTemporary(UnityEngine.RenderTextureDescriptor)	UnityEngine.CoreModule
RenderTexture_ValidateRenderTextureDesc_m1651269986	System.Void UnityEngine.RenderTexture::ValidateRenderTextureDesc(UnityEngine.RenderTextureDescriptor)	UnityEngine.CoreModule
RenderTextureDescriptor__ctor_m382365189_AdjustorThunk	System.Void UnityEngine.RenderTextureDescriptor::.ctor(System.Int32,System.Int32)	UnityEngine.CoreModule
RenderTextureDescriptor__ctor_m505960146_AdjustorThunk	System.Void UnityEngine.RenderTextureDescriptor::.ctor(System.Int32,System.Int32,UnityEngine.RenderTextureFormat,System.Int32)	UnityEngine.CoreModule
RenderTextureDescriptor_get_width_m26344548_AdjustorThunk	System.Int32 UnityEngine.RenderTextureDescriptor::get_width()	UnityEngine.CoreModule
RenderTextureDescriptor_set_width_m2491653054_AdjustorThunk	System.Void UnityEngine.RenderTextureDescriptor::set_width(System.Int32)	UnityEngine.CoreModule
RenderTextureDescriptor_get_height_m1891977024_AdjustorThunk	System.Int32 UnityEngine.RenderTextureDescriptor::get_height()	UnityEngine.CoreModule
RenderTextureDescriptor_set_height_m2134913371_AdjustorThunk	System.Void UnityEngine.RenderTextureDescriptor::set_height(System.Int32)	UnityEngine.CoreModule
RenderTextureDescriptor_get_msaaSamples_m2437860573_AdjustorThunk	System.Int32 UnityEngine.RenderTextureDescriptor::get_msaaSamples()	UnityEngine.CoreModule
RenderTextureDescriptor_set_msaaSamples_m2884263852_AdjustorThunk	System.Void UnityEngine.RenderTextureDescriptor::set_msaaSamples(System.Int32)	UnityEngine.CoreModule
RenderTextureDescriptor_get_volumeDepth_m3098156076_AdjustorThunk	System.Int32 UnityEngine.RenderTextureDescriptor::get_volumeDepth()	UnityEngine.CoreModule
RenderTextureDescriptor_set_volumeDepth_m157981773_AdjustorThunk	System.Void UnityEngine.RenderTextureDescriptor::set_volumeDepth(System.Int32)	UnityEngine.CoreModule
RenderTextureDescriptor_set_colorFormat_m3409821771_AdjustorThunk	System.Void UnityEngine.RenderTextureDescriptor::set_colorFormat(UnityEngine.RenderTextureFormat)	UnityEngine.CoreModule
RenderTextureDescriptor_get_depthBufferBits_m2160829816_AdjustorThunk	System.Int32 UnityEngine.RenderTextureDescriptor::get_depthBufferBits()	UnityEngine.CoreModule
RenderTextureDescriptor_set_depthBufferBits_m2738180586_AdjustorThunk	System.Void UnityEngine.RenderTextureDescriptor::set_depthBufferBits(System.Int32)	UnityEngine.CoreModule
RenderTextureDescriptor_set_dimension_m2001855118_AdjustorThunk	System.Void UnityEngine.RenderTextureDescriptor::set_dimension(UnityEngine.Rendering.TextureDimension)	UnityEngine.CoreModule
RenderTextureDescriptor_set_shadowSamplingMode_m370381400_AdjustorThunk	System.Void UnityEngine.RenderTextureDescriptor::set_shadowSamplingMode(UnityEngine.Rendering.ShadowSamplingMode)	UnityEngine.CoreModule
RenderTextureDescriptor_set_vrUsage_m4041389224_AdjustorThunk	System.Void UnityEngine.RenderTextureDescriptor::set_vrUsage(UnityEngine.VRTextureUsage)	UnityEngine.CoreModule
RenderTextureDescriptor_set_memoryless_m2505015318_AdjustorThunk	System.Void UnityEngine.RenderTextureDescriptor::set_memoryless(UnityEngine.RenderTextureMemoryless)	UnityEngine.CoreModule
RenderTextureDescriptor_SetOrClearRenderTextureCreationFlag_m14983743_AdjustorThunk	System.Void UnityEngine.RenderTextureDescriptor::SetOrClearRenderTextureCreationFlag(System.Boolean,UnityEngine.RenderTextureCreationFlags)	UnityEngine.CoreModule
RenderTextureDescriptor_set_sRGB_m1977654705_AdjustorThunk	System.Void UnityEngine.RenderTextureDescriptor::set_sRGB(System.Boolean)	UnityEngine.CoreModule
RenderTextureDescriptor_set_createdFromScript_m2699911114_AdjustorThunk	System.Void UnityEngine.RenderTextureDescriptor::set_createdFromScript(System.Boolean)	UnityEngine.CoreModule
RenderTextureDescriptor_set_useDynamicScale_m3336914221_AdjustorThunk	System.Void UnityEngine.RenderTextureDescriptor::set_useDynamicScale(System.Boolean)	UnityEngine.CoreModule
RenderTextureDescriptor__cctor_m3115061957	System.Void UnityEngine.RenderTextureDescriptor::.cctor()	UnityEngine.CoreModule
RequireComponent__ctor_m886241599	System.Void UnityEngine.RequireComponent::.ctor(System.Type)	UnityEngine.CoreModule
Resources_Load_m3480190876	UnityEngine.Object UnityEngine.Resources::Load(System.String,System.Type)	UnityEngine.CoreModule
Resources_GetBuiltinResource_m3641967638	UnityEngine.Object UnityEngine.Resources::GetBuiltinResource(System.Type,System.String)	UnityEngine.CoreModule
Scene_get_handle_m1544696971_AdjustorThunk	System.Int32 UnityEngine.SceneManagement.Scene::get_handle()	UnityEngine.CoreModule
Scene_get_buildIndex_m270272723_AdjustorThunk	System.Int32 UnityEngine.SceneManagement.Scene::get_buildIndex()	UnityEngine.CoreModule
Scene_GetHashCode_m2998285532_AdjustorThunk	System.Int32 UnityEngine.SceneManagement.Scene::GetHashCode()	UnityEngine.CoreModule
Scene_Equals_m581999093_AdjustorThunk	System.Boolean UnityEngine.SceneManagement.Scene::Equals(System.Object)	UnityEngine.CoreModule
Scene_GetBuildIndexInternal_m953733945	System.Int32 UnityEngine.SceneManagement.Scene::GetBuildIndexInternal(System.Int32)	UnityEngine.CoreModule
SceneManager_GetActiveScene_m1825203488	UnityEngine.SceneManagement.Scene UnityEngine.SceneManagement.SceneManager::GetActiveScene()	UnityEngine.CoreModule
SceneManager_INTERNAL_CALL_GetActiveScene_m1427626561	System.Void UnityEngine.SceneManagement.SceneManager::INTERNAL_CALL_GetActiveScene(UnityEngine.SceneManagement.Scene&)	UnityEngine.CoreModule
SceneManager_LoadScene_m3463216446	System.Void UnityEngine.SceneManagement.SceneManager::LoadScene(System.Int32)	UnityEngine.CoreModule
SceneManager_LoadScene_m3267304740	System.Void UnityEngine.SceneManagement.SceneManager::LoadScene(System.Int32,UnityEngine.SceneManagement.LoadSceneMode)	UnityEngine.CoreModule
SceneManager_LoadSceneAsyncNameIndexInternal_m4031498323	UnityEngine.AsyncOperation UnityEngine.SceneManagement.SceneManager::LoadSceneAsyncNameIndexInternal(System.String,System.Int32,System.Boolean,System.Boolean)	UnityEngine.CoreModule
SceneManager_Internal_SceneLoaded_m2694652025	System.Void UnityEngine.SceneManagement.SceneManager::Internal_SceneLoaded(UnityEngine.SceneManagement.Scene,UnityEngine.SceneManagement.LoadSceneMode)	UnityEngine.CoreModule
SceneManager_Internal_SceneUnloaded_m3247148570	System.Void UnityEngine.SceneManagement.SceneManager::Internal_SceneUnloaded(UnityEngine.SceneManagement.Scene)	UnityEngine.CoreModule
SceneManager_Internal_ActiveSceneChanged_m3676176255	System.Void UnityEngine.SceneManagement.SceneManager::Internal_ActiveSceneChanged(UnityEngine.SceneManagement.Scene,UnityEngine.SceneManagement.Scene)	UnityEngine.CoreModule
Screen_get_width_m345039817	System.Int32 UnityEngine.Screen::get_width()	UnityEngine.CoreModule
Screen_get_height_m1623532518	System.Int32 UnityEngine.Screen::get_height()	UnityEngine.CoreModule
Screen_get_dpi_m495672463	System.Single UnityEngine.Screen::get_dpi()	UnityEngine.CoreModule
ScriptableObject__ctor_m1310743131	System.Void UnityEngine.ScriptableObject::.ctor()	UnityEngine.CoreModule
ScriptableObject_Internal_CreateScriptableObject_m2945320968	System.Void UnityEngine.ScriptableObject::Internal_CreateScriptableObject(UnityEngine.ScriptableObject)	UnityEngine.CoreModule
ScriptableObject_CreateInstance_m2611081756	UnityEngine.ScriptableObject UnityEngine.ScriptableObject::CreateInstance(System.Type)	UnityEngine.CoreModule
ScriptableObject_CreateInstanceFromType_m1997111014	UnityEngine.ScriptableObject UnityEngine.ScriptableObject::CreateInstanceFromType(System.Type)	UnityEngine.CoreModule
SelectionBaseAttribute__ctor_m2749097321	System.Void UnityEngine.SelectionBaseAttribute::.ctor()	UnityEngine.CoreModule
SendMouseEvents_SetMouseMoved_m2822596724	System.Void UnityEngine.SendMouseEvents::SetMouseMoved()	UnityEngine.CoreModule
SendMouseEvents_HitTestLegacyGUI_m579942228	System.Void UnityEngine.SendMouseEvents::HitTestLegacyGUI(UnityEngine.Camera,UnityEngine.Vector3,UnityEngine.SendMouseEvents/HitInfo&)	UnityEngine.CoreModule
SendMouseEvents_DoSendMouseEvents_m2140870850	System.Void UnityEngine.SendMouseEvents::DoSendMouseEvents(System.Int32)	UnityEngine.CoreModule
SendMouseEvents_SendEvents_m1956471769	System.Void UnityEngine.SendMouseEvents::SendEvents(System.Int32,UnityEngine.SendMouseEvents/HitInfo)	UnityEngine.CoreModule
SendMouseEvents__cctor_m2378365934	System.Void UnityEngine.SendMouseEvents::.cctor()	UnityEngine.CoreModule
HitInfo_SendMessage_m1343099429_AdjustorThunk	System.Void UnityEngine.SendMouseEvents/HitInfo::SendMessage(System.String)	UnityEngine.CoreModule
HitInfo_op_Implicit_m665224877	System.Boolean UnityEngine.SendMouseEvents/HitInfo::op_Implicit(UnityEngine.SendMouseEvents/HitInfo)	UnityEngine.CoreModule
HitInfo_Compare_m2336739674	System.Boolean UnityEngine.SendMouseEvents/HitInfo::Compare(UnityEngine.SendMouseEvents/HitInfo,UnityEngine.SendMouseEvents/HitInfo)	UnityEngine.CoreModule
FormerlySerializedAsAttribute__ctor_m520861771	System.Void UnityEngine.Serialization.FormerlySerializedAsAttribute::.ctor(System.String)	UnityEngine.CoreModule
SerializeField__ctor_m808862924	System.Void UnityEngine.SerializeField::.ctor()	UnityEngine.CoreModule
SetupCoroutine_InvokeMoveNext_m3199342729	System.Void UnityEngine.SetupCoroutine::InvokeMoveNext(System.Collections.IEnumerator,System.IntPtr)	UnityEngine.CoreModule
SetupCoroutine_InvokeMember_m2661944898	System.Object UnityEngine.SetupCoroutine::InvokeMember(System.Object,System.String,System.Object)	UnityEngine.CoreModule
Shader__ctor_m837260462	System.Void UnityEngine.Shader::.ctor()	UnityEngine.CoreModule
Shader_Find_m2092206247	UnityEngine.Shader UnityEngine.Shader::Find(System.String)	UnityEngine.CoreModule
Shader_PropertyToID_m1030499873	System.Int32 UnityEngine.Shader::PropertyToID(System.String)	UnityEngine.CoreModule
SortingLayer_GetLayerValueFromID_m1947934714	System.Int32 UnityEngine.SortingLayer::GetLayerValueFromID(System.Int32)	UnityEngine.CoreModule
SpaceAttribute__ctor_m3235906033	System.Void UnityEngine.SpaceAttribute::.ctor()	UnityEngine.CoreModule
SpaceAttribute__ctor_m2972541600	System.Void UnityEngine.SpaceAttribute::.ctor(System.Single)	UnityEngine.CoreModule
Sprite_get_rect_m2575211689	UnityEngine.Rect UnityEngine.Sprite::get_rect()	UnityEngine.CoreModule
Sprite_INTERNAL_get_rect_m1600380876	System.Void UnityEngine.Sprite::INTERNAL_get_rect(UnityEngine.Rect&)	UnityEngine.CoreModule
Sprite_get_texture_m3976398399	UnityEngine.Texture2D UnityEngine.Sprite::get_texture()	UnityEngine.CoreModule
Sprite_get_associatedAlphaSplitTexture_m1197622862	UnityEngine.Texture2D UnityEngine.Sprite::get_associatedAlphaSplitTexture()	UnityEngine.CoreModule
Sprite_get_textureRect_m3217515846	UnityEngine.Rect UnityEngine.Sprite::get_textureRect()	UnityEngine.CoreModule
Sprite_INTERNAL_get_textureRect_m2310671861	System.Void UnityEngine.Sprite::INTERNAL_get_textureRect(UnityEngine.Rect&)	UnityEngine.CoreModule
Sprite_get_packed_m1179604684	System.Boolean UnityEngine.Sprite::get_packed()	UnityEngine.CoreModule
Sprite_get_border_m2985609076	UnityEngine.Vector4 UnityEngine.Sprite::get_border()	UnityEngine.CoreModule
Sprite_INTERNAL_get_border_m3728071101	System.Void UnityEngine.Sprite::INTERNAL_get_border(UnityEngine.Vector4&)	UnityEngine.CoreModule
Sprite_get_pixelsPerUnit_m524644775	System.Single UnityEngine.Sprite::get_pixelsPerUnit()	UnityEngine.CoreModule
DataUtility_GetInnerUV_m2896140645	UnityEngine.Vector4 UnityEngine.Sprites.DataUtility::GetInnerUV(UnityEngine.Sprite)	UnityEngine.CoreModule
DataUtility_INTERNAL_CALL_GetInnerUV_m1230966310	System.Void UnityEngine.Sprites.DataUtility::INTERNAL_CALL_GetInnerUV(UnityEngine.Sprite,UnityEngine.Vector4&)	UnityEngine.CoreModule
DataUtility_GetOuterUV_m2509686757	UnityEngine.Vector4 UnityEngine.Sprites.DataUtility::GetOuterUV(UnityEngine.Sprite)	UnityEngine.CoreModule
DataUtility_INTERNAL_CALL_GetOuterUV_m2471985598	System.Void UnityEngine.Sprites.DataUtility::INTERNAL_CALL_GetOuterUV(UnityEngine.Sprite,UnityEngine.Vector4&)	UnityEngine.CoreModule
DataUtility_GetPadding_m1385423541	UnityEngine.Vector4 UnityEngine.Sprites.DataUtility::GetPadding(UnityEngine.Sprite)	UnityEngine.CoreModule
DataUtility_INTERNAL_CALL_GetPadding_m650254139	System.Void UnityEngine.Sprites.DataUtility::INTERNAL_CALL_GetPadding(UnityEngine.Sprite,UnityEngine.Vector4&)	UnityEngine.CoreModule
DataUtility_GetMinSize_m843062179	UnityEngine.Vector2 UnityEngine.Sprites.DataUtility::GetMinSize(UnityEngine.Sprite)	UnityEngine.CoreModule
DataUtility_Internal_GetMinSize_m2628270685	System.Void UnityEngine.Sprites.DataUtility::Internal_GetMinSize(UnityEngine.Sprite,UnityEngine.Vector2&)	UnityEngine.CoreModule
StackTraceUtility_SetProjectFolder_m830524047	System.Void UnityEngine.StackTraceUtility::SetProjectFolder(System.String)	UnityEngine.CoreModule
StackTraceUtility_ExtractStackTrace_m3279197967	System.String UnityEngine.StackTraceUtility::ExtractStackTrace()	UnityEngine.CoreModule
StackTraceUtility_IsSystemStacktraceType_m299828041	System.Boolean UnityEngine.StackTraceUtility::IsSystemStacktraceType(System.Object)	UnityEngine.CoreModule
StackTraceUtility_ExtractStringFromExceptionInternal_m2686726792	System.Void UnityEngine.StackTraceUtility::ExtractStringFromExceptionInternal(System.Object,System.String&,System.String&)	UnityEngine.CoreModule
StackTraceUtility_PostprocessStacktrace_m1043256299	System.String UnityEngine.StackTraceUtility::PostprocessStacktrace(System.String,System.Boolean)	UnityEngine.CoreModule
StackTraceUtility_ExtractFormattedStackTrace_m1281750362	System.String UnityEngine.StackTraceUtility::ExtractFormattedStackTrace(System.Diagnostics.StackTrace)	UnityEngine.CoreModule
StackTraceUtility__cctor_m1981266436	System.Void UnityEngine.StackTraceUtility::.cctor()	UnityEngine.CoreModule
SystemInfo_get_operatingSystemFamily_m4256884728	UnityEngine.OperatingSystemFamily UnityEngine.SystemInfo::get_operatingSystemFamily()	UnityEngine.CoreModule
SystemInfo_get_graphicsDeviceType_m2360462293	UnityEngine.Rendering.GraphicsDeviceType UnityEngine.SystemInfo::get_graphicsDeviceType()	UnityEngine.CoreModule
SystemInfo_get_supportsMotionVectors_m46965105	System.Boolean UnityEngine.SystemInfo::get_supportsMotionVectors()	UnityEngine.CoreModule
SystemInfo_get_supportsComputeShaders_m257823564	System.Boolean UnityEngine.SystemInfo::get_supportsComputeShaders()	UnityEngine.CoreModule
SystemInfo_get_supportedRenderTargetCount_m259160359	System.Int32 UnityEngine.SystemInfo::get_supportedRenderTargetCount()	UnityEngine.CoreModule
SystemInfo_SupportsRenderTextureFormat_m1663449629	System.Boolean UnityEngine.SystemInfo::SupportsRenderTextureFormat(UnityEngine.RenderTextureFormat)	UnityEngine.CoreModule
TextAreaAttribute__ctor_m2173231689	System.Void UnityEngine.TextAreaAttribute::.ctor(System.Int32,System.Int32)	UnityEngine.CoreModule
Texture__ctor_m3554519797	System.Void UnityEngine.Texture::.ctor()	UnityEngine.CoreModule
Texture_Internal_GetWidth_m629815273	System.Int32 UnityEngine.Texture::Internal_GetWidth(UnityEngine.Texture)	UnityEngine.CoreModule
Texture_Internal_GetHeight_m2885553040	System.Int32 UnityEngine.Texture::Internal_GetHeight(UnityEngine.Texture)	UnityEngine.CoreModule
Texture_get_width_m888163864	System.Int32 UnityEngine.Texture::get_width()	UnityEngine.CoreModule
Texture_set_width_m1057761909	System.Void UnityEngine.Texture::set_width(System.Int32)	UnityEngine.CoreModule
Texture_get_height_m3786488511	System.Int32 UnityEngine.Texture::get_height()	UnityEngine.CoreModule
Texture_set_height_m589028641	System.Void UnityEngine.Texture::set_height(System.Int32)	UnityEngine.CoreModule
Texture_get_filterMode_m3474837873	UnityEngine.FilterMode UnityEngine.Texture::get_filterMode()	UnityEngine.CoreModule
Texture_set_filterMode_m3078068058	System.Void UnityEngine.Texture::set_filterMode(UnityEngine.FilterMode)	UnityEngine.CoreModule
Texture_set_anisoLevel_m4149907611	System.Void UnityEngine.Texture::set_anisoLevel(System.Int32)	UnityEngine.CoreModule
Texture_get_wrapMode_m2187367613	UnityEngine.TextureWrapMode UnityEngine.Texture::get_wrapMode()	UnityEngine.CoreModule
Texture_set_wrapMode_m587872754	System.Void UnityEngine.Texture::set_wrapMode(UnityEngine.TextureWrapMode)	UnityEngine.CoreModule
Texture_get_texelSize_m2409716740	UnityEngine.Vector2 UnityEngine.Texture::get_texelSize()	UnityEngine.CoreModule
Texture_INTERNAL_get_texelSize_m393369999	System.Void UnityEngine.Texture::INTERNAL_get_texelSize(UnityEngine.Vector2&)	UnityEngine.CoreModule
Texture2D__ctor_m2862217990	System.Void UnityEngine.Texture2D::.ctor(System.Int32,System.Int32,UnityEngine.TextureFormat,System.Boolean)	UnityEngine.CoreModule
Texture2D__ctor_m1269666504	System.Void UnityEngine.Texture2D::.ctor(System.Int32,System.Int32,UnityEngine.TextureFormat,System.Boolean,System.Boolean)	UnityEngine.CoreModule
Texture2D_Internal_Create_m807587593	System.Void UnityEngine.Texture2D::Internal_Create(UnityEngine.Texture2D,System.Int32,System.Int32,UnityEngine.TextureFormat,System.Boolean,System.Boolean,System.IntPtr)	UnityEngine.CoreModule
Texture2D_get_whiteTexture_m2176011403	UnityEngine.Texture2D UnityEngine.Texture2D::get_whiteTexture()	UnityEngine.CoreModule
Texture2D_SetPixel_m2984741184	System.Void UnityEngine.Texture2D::SetPixel(System.Int32,System.Int32,UnityEngine.Color)	UnityEngine.CoreModule
Texture2D_INTERNAL_CALL_SetPixel_m4151298262	System.Void UnityEngine.Texture2D::INTERNAL_CALL_SetPixel(UnityEngine.Texture2D,System.Int32,System.Int32,UnityEngine.Color&)	UnityEngine.CoreModule
Texture2D_GetPixelBilinear_m1950540195	UnityEngine.Color UnityEngine.Texture2D::GetPixelBilinear(System.Single,System.Single)	UnityEngine.CoreModule
Texture2D_INTERNAL_CALL_GetPixelBilinear_m2045611222	System.Void UnityEngine.Texture2D::INTERNAL_CALL_GetPixelBilinear(UnityEngine.Texture2D,System.Single,System.Single,UnityEngine.Color&)	UnityEngine.CoreModule
Texture2D_SetPixels_m3008871897	System.Void UnityEngine.Texture2D::SetPixels(UnityEngine.Color[])	UnityEngine.CoreModule
Texture2D_SetPixels_m568067555	System.Void UnityEngine.Texture2D::SetPixels(UnityEngine.Color[],System.Int32)	UnityEngine.CoreModule
Texture2D_SetPixels_m639021706	System.Void UnityEngine.Texture2D::SetPixels(System.Int32,System.Int32,System.Int32,System.Int32,UnityEngine.Color[],System.Int32)	UnityEngine.CoreModule
Texture2D_Apply_m2470606565	System.Void UnityEngine.Texture2D::Apply(System.Boolean,System.Boolean)	UnityEngine.CoreModule
Texture2D_Apply_m2271746283	System.Void UnityEngine.Texture2D::Apply()	UnityEngine.CoreModule
Time_get_time_m2907476221	System.Single UnityEngine.Time::get_time()	UnityEngine.CoreModule
Time_get_deltaTime_m372706562	System.Single UnityEngine.Time::get_deltaTime()	UnityEngine.CoreModule
Time_get_unscaledTime_m3457564332	System.Single UnityEngine.Time::get_unscaledTime()	UnityEngine.CoreModule
Time_get_unscaledDeltaTime_m4270080131	System.Single UnityEngine.Time::get_unscaledDeltaTime()	UnityEngine.CoreModule
Time_get_frameCount_m1220035214	System.Int32 UnityEngine.Time::get_frameCount()	UnityEngine.CoreModule
Time_get_realtimeSinceStartup_m3141794964	System.Single UnityEngine.Time::get_realtimeSinceStartup()	UnityEngine.CoreModule
TooltipAttribute__ctor_m534364555	System.Void UnityEngine.TooltipAttribute::.ctor(System.String)	UnityEngine.CoreModule
Touch_get_fingerId_m859576425_AdjustorThunk	System.Int32 UnityEngine.Touch::get_fingerId()	UnityEngine.CoreModule
Touch_get_position_m3109777936_AdjustorThunk	UnityEngine.Vector2 UnityEngine.Touch::get_position()	UnityEngine.CoreModule
Touch_get_phase_m214549210_AdjustorThunk	UnityEngine.TouchPhase UnityEngine.Touch::get_phase()	UnityEngine.CoreModule
Touch_get_type_m960232264_AdjustorThunk	UnityEngine.TouchType UnityEngine.Touch::get_type()	UnityEngine.CoreModule
TouchScreenKeyboard_Open_m43950298	UnityEngine.TouchScreenKeyboard UnityEngine.TouchScreenKeyboard::Open(System.String,UnityEngine.TouchScreenKeyboardType,System.Boolean,System.Boolean,System.Boolean)	UnityEngine.CoreModule
TouchScreenKeyboard_Open_m3325559252	UnityEngine.TouchScreenKeyboard UnityEngine.TouchScreenKeyboard::Open(System.String,UnityEngine.TouchScreenKeyboardType,System.Boolean,System.Boolean)	UnityEngine.CoreModule
TouchScreenKeyboard_Open_m231964201	UnityEngine.TouchScreenKeyboard UnityEngine.TouchScreenKeyboard::Open(System.String,UnityEngine.TouchScreenKeyboardType,System.Boolean,System.Boolean,System.Boolean,System.Boolean,System.String)	UnityEngine.CoreModule
TouchScreenKeyboard_get_text_m1797464608	System.String UnityEngine.TouchScreenKeyboard::get_text()	UnityEngine.CoreModule
TouchScreenKeyboard_set_text_m107652927	System.Void UnityEngine.TouchScreenKeyboard::set_text(System.String)	UnityEngine.CoreModule
TouchScreenKeyboard_set_hideInput_m1428661361	System.Void UnityEngine.TouchScreenKeyboard::set_hideInput(System.Boolean)	UnityEngine.CoreModule
TouchScreenKeyboard_get_active_m4267591905	System.Boolean UnityEngine.TouchScreenKeyboard::get_active()	UnityEngine.CoreModule
TouchScreenKeyboard_set_active_m1980731296	System.Void UnityEngine.TouchScreenKeyboard::set_active(System.Boolean)	UnityEngine.CoreModule
TouchScreenKeyboard_get_done_m3615485155	System.Boolean UnityEngine.TouchScreenKeyboard::get_done()	UnityEngine.CoreModule
TouchScreenKeyboard_get_wasCanceled_m3225271241	System.Boolean UnityEngine.TouchScreenKeyboard::get_wasCanceled()	UnityEngine.CoreModule
TouchScreenKeyboard_get_isSupported_m1062200762	System.Boolean UnityEngine.TouchScreenKeyboard::get_isSupported()	UnityEngine.CoreModule
TouchScreenKeyboard_get_canGetSelection_m1476717240	System.Boolean UnityEngine.TouchScreenKeyboard::get_canGetSelection()	UnityEngine.CoreModule
TouchScreenKeyboard_get_selection_m3453176589	UnityEngine.RangeInt UnityEngine.TouchScreenKeyboard::get_selection()	UnityEngine.CoreModule
TrackedReference_op_Equality_m3702354772	System.Boolean UnityEngine.TrackedReference::op_Equality(UnityEngine.TrackedReference,UnityEngine.TrackedReference)	UnityEngine.CoreModule
TrackedReference_Equals_m1342350606	System.Boolean UnityEngine.TrackedReference::Equals(System.Object)	UnityEngine.CoreModule
TrackedReference_GetHashCode_m3645519794	System.Int32 UnityEngine.TrackedReference::GetHashCode()	UnityEngine.CoreModule
Transform__ctor_m3470711880	System.Void UnityEngine.Transform::.ctor()	UnityEngine.CoreModule
Transform_get_position_m36019626	UnityEngine.Vector3 UnityEngine.Transform::get_position()	UnityEngine.CoreModule
Transform_set_position_m3387557959	System.Void UnityEngine.Transform::set_position(UnityEngine.Vector3)	UnityEngine.CoreModule
Transform_INTERNAL_get_position_m1310184257	System.Void UnityEngine.Transform::INTERNAL_get_position(UnityEngine.Vector3&)	UnityEngine.CoreModule
Transform_INTERNAL_set_position_m3627767375	System.Void UnityEngine.Transform::INTERNAL_set_position(UnityEngine.Vector3&)	UnityEngine.CoreModule
Transform_get_localPosition_m4234289348	UnityEngine.Vector3 UnityEngine.Transform::get_localPosition()	UnityEngine.CoreModule
Transform_set_localPosition_m4128471975	System.Void UnityEngine.Transform::set_localPosition(UnityEngine.Vector3)	UnityEngine.CoreModule
Transform_INTERNAL_get_localPosition_m1816167803	System.Void UnityEngine.Transform::INTERNAL_get_localPosition(UnityEngine.Vector3&)	UnityEngine.CoreModule
Transform_INTERNAL_set_localPosition_m1936358505	System.Void UnityEngine.Transform::INTERNAL_set_localPosition(UnityEngine.Vector3&)	UnityEngine.CoreModule
Transform_get_forward_m747522392	UnityEngine.Vector3 UnityEngine.Transform::get_forward()	UnityEngine.CoreModule
Transform_get_rotation_m3502953881	UnityEngine.Quaternion UnityEngine.Transform::get_rotation()	UnityEngine.CoreModule
Transform_set_rotation_m3524318132	System.Void UnityEngine.Transform::set_rotation(UnityEngine.Quaternion)	UnityEngine.CoreModule
Transform_INTERNAL_get_rotation_m2413441996	System.Void UnityEngine.Transform::INTERNAL_get_rotation(UnityEngine.Quaternion&)	UnityEngine.CoreModule
Transform_INTERNAL_set_rotation_m2375965701	System.Void UnityEngine.Transform::INTERNAL_set_rotation(UnityEngine.Quaternion&)	UnityEngine.CoreModule
Transform_get_localRotation_m3487911431	UnityEngine.Quaternion UnityEngine.Transform::get_localRotation()	UnityEngine.CoreModule
Transform_set_localRotation_m19445462	System.Void UnityEngine.Transform::set_localRotation(UnityEngine.Quaternion)	UnityEngine.CoreModule
Transform_INTERNAL_get_localRotation_m1111330565	System.Void UnityEngine.Transform::INTERNAL_get_localRotation(UnityEngine.Quaternion&)	UnityEngine.CoreModule
Transform_INTERNAL_set_localRotation_m3824682417	System.Void UnityEngine.Transform::INTERNAL_set_localRotation(UnityEngine.Quaternion&)	UnityEngine.CoreModule
Transform_get_localScale_m129152068	UnityEngine.Vector3 UnityEngine.Transform::get_localScale()	UnityEngine.CoreModule
Transform_set_localScale_m3053443106	System.Void UnityEngine.Transform::set_localScale(UnityEngine.Vector3)	UnityEngine.CoreModule
Transform_INTERNAL_get_localScale_m3233655062	System.Void UnityEngine.Transform::INTERNAL_get_localScale(UnityEngine.Vector3&)	UnityEngine.CoreModule
Transform_INTERNAL_set_localScale_m1089294020	System.Void UnityEngine.Transform::INTERNAL_set_localScale(UnityEngine.Vector3&)	UnityEngine.CoreModule
Transform_get_parent_m835071599	UnityEngine.Transform UnityEngine.Transform::get_parent()	UnityEngine.CoreModule
Transform_set_parent_m786917804	System.Void UnityEngine.Transform::set_parent(UnityEngine.Transform)	UnityEngine.CoreModule
Transform_get_parentInternal_m1494967989	UnityEngine.Transform UnityEngine.Transform::get_parentInternal()	UnityEngine.CoreModule
Transform_set_parentInternal_m2066300701	System.Void UnityEngine.Transform::set_parentInternal(UnityEngine.Transform)	UnityEngine.CoreModule
Transform_SetParent_m381167889	System.Void UnityEngine.Transform::SetParent(UnityEngine.Transform)	UnityEngine.CoreModule
Transform_SetParent_m273471670	System.Void UnityEngine.Transform::SetParent(UnityEngine.Transform,System.Boolean)	UnityEngine.CoreModule
Transform_get_worldToLocalMatrix_m399704877	UnityEngine.Matrix4x4 UnityEngine.Transform::get_worldToLocalMatrix()	UnityEngine.CoreModule
Transform_INTERNAL_get_worldToLocalMatrix_m2730237241	System.Void UnityEngine.Transform::INTERNAL_get_worldToLocalMatrix(UnityEngine.Matrix4x4&)	UnityEngine.CoreModule
Transform_TransformPoint_m226827784	UnityEngine.Vector3 UnityEngine.Transform::TransformPoint(UnityEngine.Vector3)	UnityEngine.CoreModule
Transform_INTERNAL_CALL_TransformPoint_m4261269221	System.Void UnityEngine.Transform::INTERNAL_CALL_TransformPoint(UnityEngine.Transform,UnityEngine.Vector3&,UnityEngine.Vector3&)	UnityEngine.CoreModule
Transform_InverseTransformPoint_m1343916000	UnityEngine.Vector3 UnityEngine.Transform::InverseTransformPoint(UnityEngine.Vector3)	UnityEngine.CoreModule
Transform_INTERNAL_CALL_InverseTransformPoint_m821776309	System.Void UnityEngine.Transform::INTERNAL_CALL_InverseTransformPoint(UnityEngine.Transform,UnityEngine.Vector3&,UnityEngine.Vector3&)	UnityEngine.CoreModule
Transform_get_childCount_m3145433196	System.Int32 UnityEngine.Transform::get_childCount()	UnityEngine.CoreModule
Transform_SetAsFirstSibling_m253439912	System.Void UnityEngine.Transform::SetAsFirstSibling()	UnityEngine.CoreModule
Transform_IsChildOf_m224006092	System.Boolean UnityEngine.Transform::IsChildOf(UnityEngine.Transform)	UnityEngine.CoreModule
Transform_GetEnumerator_m2717073726	System.Collections.IEnumerator UnityEngine.Transform::GetEnumerator()	UnityEngine.CoreModule
Transform_GetChild_m1092972975	UnityEngine.Transform UnityEngine.Transform::GetChild(System.Int32)	UnityEngine.CoreModule
Enumerator__ctor_m1351041375	System.Void UnityEngine.Transform/Enumerator::.ctor(UnityEngine.Transform)	UnityEngine.CoreModule
Enumerator_get_Current_m2591725252	System.Object UnityEngine.Transform/Enumerator::get_Current()	UnityEngine.CoreModule
Enumerator_MoveNext_m4275888254	System.Boolean UnityEngine.Transform/Enumerator::MoveNext()	UnityEngine.CoreModule
Enumerator_Reset_m39541243	System.Void UnityEngine.Transform/Enumerator::Reset()	UnityEngine.CoreModule
SpriteAtlasManager_RequestAtlas_m455709951	System.Boolean UnityEngine.U2D.SpriteAtlasManager::RequestAtlas(System.String)	UnityEngine.CoreModule
SpriteAtlasManager_Register_m2413332465	System.Void UnityEngine.U2D.SpriteAtlasManager::Register(UnityEngine.U2D.SpriteAtlas)	UnityEngine.CoreModule
SpriteAtlasManager__cctor_m3642741753	System.Void UnityEngine.U2D.SpriteAtlasManager::.cctor()	UnityEngine.CoreModule
RequestAtlasCallback__ctor_m3023745648	System.Void UnityEngine.U2D.SpriteAtlasManager/RequestAtlasCallback::.ctor(System.Object,System.IntPtr)	UnityEngine.CoreModule
RequestAtlasCallback_Invoke_m378128467	System.Void UnityEngine.U2D.SpriteAtlasManager/RequestAtlasCallback::Invoke(System.String,System.Action`1<UnityEngine.U2D.SpriteAtlas>)	UnityEngine.CoreModule
RequestAtlasCallback_BeginInvoke_m2655374249	System.IAsyncResult UnityEngine.U2D.SpriteAtlasManager/RequestAtlasCallback::BeginInvoke(System.String,System.Action`1<UnityEngine.U2D.SpriteAtlas>,System.AsyncCallback,System.Object)	UnityEngine.CoreModule
RequestAtlasCallback_EndInvoke_m2592639818	System.Void UnityEngine.U2D.SpriteAtlasManager/RequestAtlasCallback::EndInvoke(System.IAsyncResult)	UnityEngine.CoreModule
UnityException__ctor_m1456865679	System.Void UnityEngine.UnityException::.ctor()	UnityEngine.CoreModule
UnitySynchronizationContext__ctor_m1707488257	System.Void UnityEngine.UnitySynchronizationContext::.ctor()	UnityEngine.CoreModule
UnitySynchronizationContext_Exec_m3359802660	System.Void UnityEngine.UnitySynchronizationContext::Exec()	UnityEngine.CoreModule
UnitySynchronizationContext_InitializeSynchronizationContext_m3217591031	System.Void UnityEngine.UnitySynchronizationContext::InitializeSynchronizationContext()	UnityEngine.CoreModule
UnitySynchronizationContext_ExecuteTasks_m1310741010	System.Void UnityEngine.UnitySynchronizationContext::ExecuteTasks()	UnityEngine.CoreModule
WorkRequest_Invoke_m3488164927_AdjustorThunk	System.Void UnityEngine.UnitySynchronizationContext/WorkRequest::Invoke()	UnityEngine.CoreModule
Vector2__ctor_m3970636864_AdjustorThunk	System.Void UnityEngine.Vector2::.ctor(System.Single,System.Single)	UnityEngine.CoreModule
Vector2_get_Item_m3559215723_AdjustorThunk	System.Single UnityEngine.Vector2::get_Item(System.Int32)	UnityEngine.CoreModule
Vector2_set_Item_m3557490725_AdjustorThunk	System.Void UnityEngine.Vector2::set_Item(System.Int32,System.Single)	UnityEngine.CoreModule
Vector2_Scale_m165605769	UnityEngine.Vector2 UnityEngine.Vector2::Scale(UnityEngine.Vector2,UnityEngine.Vector2)	UnityEngine.CoreModule
Vector2_ToString_m1205609053_AdjustorThunk	System.String UnityEngine.Vector2::ToString()	UnityEngine.CoreModule
Vector2_GetHashCode_m3916089713_AdjustorThunk	System.Int32 UnityEngine.Vector2::GetHashCode()	UnityEngine.CoreModule
Vector2_Equals_m832062989_AdjustorThunk	System.Boolean UnityEngine.Vector2::Equals(System.Object)	UnityEngine.CoreModule
Vector2_Dot_m1554553447	System.Single UnityEngine.Vector2::Dot(UnityEngine.Vector2,UnityEngine.Vector2)	UnityEngine.CoreModule
Vector2_get_magnitude_m2752892833_AdjustorThunk	System.Single UnityEngine.Vector2::get_magnitude()	UnityEngine.CoreModule
Vector2_get_sqrMagnitude_m837837635_AdjustorThunk	System.Single UnityEngine.Vector2::get_sqrMagnitude()	UnityEngine.CoreModule
Vector2_op_Addition_m800700293	UnityEngine.Vector2 UnityEngine.Vector2::op_Addition(UnityEngine.Vector2,UnityEngine.Vector2)	UnityEngine.CoreModule
Vector2_op_Subtraction_m73004381	UnityEngine.Vector2 UnityEngine.Vector2::op_Subtraction(UnityEngine.Vector2,UnityEngine.Vector2)	UnityEngine.CoreModule
Vector2_op_Multiply_m2347887432	UnityEngine.Vector2 UnityEngine.Vector2::op_Multiply(UnityEngine.Vector2,System.Single)	UnityEngine.CoreModule
Vector2_op_Division_m132623573	UnityEngine.Vector2 UnityEngine.Vector2::op_Division(UnityEngine.Vector2,System.Single)	UnityEngine.CoreModule
Vector2_op_Equality_m2303255133	System.Boolean UnityEngine.Vector2::op_Equality(UnityEngine.Vector2,UnityEngine.Vector2)	UnityEngine.CoreModule
Vector2_op_Inequality_m3858779880	System.Boolean UnityEngine.Vector2::op_Inequality(UnityEngine.Vector2,UnityEngine.Vector2)	UnityEngine.CoreModule
Vector2_op_Implicit_m4260192859	UnityEngine.Vector2 UnityEngine.Vector2::op_Implicit(UnityEngine.Vector3)	UnityEngine.CoreModule
Vector2_op_Implicit_m1860157806	UnityEngine.Vector3 UnityEngine.Vector2::op_Implicit(UnityEngine.Vector2)	UnityEngine.CoreModule
Vector2_get_zero_m540426400	UnityEngine.Vector2 UnityEngine.Vector2::get_zero()	UnityEngine.CoreModule
Vector2_get_one_m738793577	UnityEngine.Vector2 UnityEngine.Vector2::get_one()	UnityEngine.CoreModule
Vector2_get_up_m2647420593	UnityEngine.Vector2 UnityEngine.Vector2::get_up()	UnityEngine.CoreModule
Vector2_get_right_m1027081661	UnityEngine.Vector2 UnityEngine.Vector2::get_right()	UnityEngine.CoreModule
Vector2__cctor_m2108982652	System.Void UnityEngine.Vector2::.cctor()	UnityEngine.CoreModule
Vector3__ctor_m3353183577_AdjustorThunk	System.Void UnityEngine.Vector3::.ctor(System.Single,System.Single,System.Single)	UnityEngine.CoreModule
Vector3__ctor_m1719387948_AdjustorThunk	System.Void UnityEngine.Vector3::.ctor(System.Single,System.Single)	UnityEngine.CoreModule
Vector3_Lerp_m407887542	UnityEngine.Vector3 UnityEngine.Vector3::Lerp(UnityEngine.Vector3,UnityEngine.Vector3,System.Single)	UnityEngine.CoreModule
Vector3_SmoothDamp_m1123559802	UnityEngine.Vector3 UnityEngine.Vector3::SmoothDamp(UnityEngine.Vector3,UnityEngine.Vector3,UnityEngine.Vector3&,System.Single)	UnityEngine.CoreModule
Vector3_SmoothDamp_m4063901109	UnityEngine.Vector3 UnityEngine.Vector3::SmoothDamp(UnityEngine.Vector3,UnityEngine.Vector3,UnityEngine.Vector3&,System.Single,System.Single,System.Single)	UnityEngine.CoreModule
Vector3_get_Item_m668685504_AdjustorThunk	System.Single UnityEngine.Vector3::get_Item(System.Int32)	UnityEngine.CoreModule
Vector3_set_Item_m1772472431_AdjustorThunk	System.Void UnityEngine.Vector3::set_Item(System.Int32,System.Single)	UnityEngine.CoreModule
Vector3_GetHashCode_m2879461828_AdjustorThunk	System.Int32 UnityEngine.Vector3::GetHashCode()	UnityEngine.CoreModule
Vector3_Equals_m1753054704_AdjustorThunk	System.Boolean UnityEngine.Vector3::Equals(System.Object)	UnityEngine.CoreModule
Vector3_Normalize_m2941713846	UnityEngine.Vector3 UnityEngine.Vector3::Normalize(UnityEngine.Vector3)	UnityEngine.CoreModule
Vector3_get_normalized_m2454957984_AdjustorThunk	UnityEngine.Vector3 UnityEngine.Vector3::get_normalized()	UnityEngine.CoreModule
Vector3_Dot_m606404487	System.Single UnityEngine.Vector3::Dot(UnityEngine.Vector3,UnityEngine.Vector3)	UnityEngine.CoreModule
Vector3_Distance_m886789632	System.Single UnityEngine.Vector3::Distance(UnityEngine.Vector3,UnityEngine.Vector3)	UnityEngine.CoreModule
Vector3_ClampMagnitude_m2732959745	UnityEngine.Vector3 UnityEngine.Vector3::ClampMagnitude(UnityEngine.Vector3,System.Single)	UnityEngine.CoreModule
Vector3_Magnitude_m3447562852	System.Single UnityEngine.Vector3::Magnitude(UnityEngine.Vector3)	UnityEngine.CoreModule
Vector3_get_magnitude_m27958459_AdjustorThunk	System.Single UnityEngine.Vector3::get_magnitude()	UnityEngine.CoreModule
Vector3_SqrMagnitude_m3025115945	System.Single UnityEngine.Vector3::SqrMagnitude(UnityEngine.Vector3)	UnityEngine.CoreModule
Vector3_get_sqrMagnitude_m1474274574_AdjustorThunk	System.Single UnityEngine.Vector3::get_sqrMagnitude()	UnityEngine.CoreModule
Vector3_Min_m1803158933	UnityEngine.Vector3 UnityEngine.Vector3::Min(UnityEngine.Vector3,UnityEngine.Vector3)	UnityEngine.CoreModule
Vector3_Max_m3304052994	UnityEngine.Vector3 UnityEngine.Vector3::Max(UnityEngine.Vector3,UnityEngine.Vector3)	UnityEngine.CoreModule
Vector3_get_zero_m1409827619	UnityEngine.Vector3 UnityEngine.Vector3::get_zero()	UnityEngine.CoreModule
Vector3_get_one_m1629952498	UnityEngine.Vector3 UnityEngine.Vector3::get_one()	UnityEngine.CoreModule
Vector3_get_forward_m3100859705	UnityEngine.Vector3 UnityEngine.Vector3::get_forward()	UnityEngine.CoreModule
Vector3_get_back_m4077847766	UnityEngine.Vector3 UnityEngine.Vector3::get_back()	UnityEngine.CoreModule
Vector3_get_up_m3584168373	UnityEngine.Vector3 UnityEngine.Vector3::get_up()	UnityEngine.CoreModule
Vector3_get_down_m3781355428	UnityEngine.Vector3 UnityEngine.Vector3::get_down()	UnityEngine.CoreModule
Vector3_get_left_m2428419009	UnityEngine.Vector3 UnityEngine.Vector3::get_left()	UnityEngine.CoreModule
Vector3_get_right_m1913784872	UnityEngine.Vector3 UnityEngine.Vector3::get_right()	UnityEngine.CoreModule
Vector3_op_Addition_m779775034	UnityEngine.Vector3 UnityEngine.Vector3::op_Addition(UnityEngine.Vector3,UnityEngine.Vector3)	UnityEngine.CoreModule
Vector3_op_Subtraction_m3073674971	UnityEngine.Vector3 UnityEngine.Vector3::op_Subtraction(UnityEngine.Vector3,UnityEngine.Vector3)	UnityEngine.CoreModule
Vector3_op_Multiply_m3376773913	UnityEngine.Vector3 UnityEngine.Vector3::op_Multiply(UnityEngine.Vector3,System.Single)	UnityEngine.CoreModule
Vector3_op_Multiply_m2104357790	UnityEngine.Vector3 UnityEngine.Vector3::op_Multiply(System.Single,UnityEngine.Vector3)	UnityEngine.CoreModule
Vector3_op_Division_m510815599	UnityEngine.Vector3 UnityEngine.Vector3::op_Division(UnityEngine.Vector3,System.Single)	UnityEngine.CoreModule
Vector3_op_Equality_m4231250055	System.Boolean UnityEngine.Vector3::op_Equality(UnityEngine.Vector3,UnityEngine.Vector3)	UnityEngine.CoreModule
Vector3_op_Inequality_m315980366	System.Boolean UnityEngine.Vector3::op_Inequality(UnityEngine.Vector3,UnityEngine.Vector3)	UnityEngine.CoreModule
Vector3_ToString_m759076600_AdjustorThunk	System.String UnityEngine.Vector3::ToString()	UnityEngine.CoreModule
Vector3__cctor_m2599650684	System.Void UnityEngine.Vector3::.cctor()	UnityEngine.CoreModule
Vector4__ctor_m2498754347_AdjustorThunk	System.Void UnityEngine.Vector4::.ctor(System.Single,System.Single,System.Single,System.Single)	UnityEngine.CoreModule
Vector4_get_Item_m2380866393_AdjustorThunk	System.Single UnityEngine.Vector4::get_Item(System.Int32)	UnityEngine.CoreModule
Vector4_set_Item_m1183742235_AdjustorThunk	System.Void UnityEngine.Vector4::set_Item(System.Int32,System.Single)	UnityEngine.CoreModule
Vector4_GetHashCode_m536821243_AdjustorThunk	System.Int32 UnityEngine.Vector4::GetHashCode()	UnityEngine.CoreModule
Vector4_Equals_m1779210055_AdjustorThunk	System.Boolean UnityEngine.Vector4::Equals(System.Object)	UnityEngine.CoreModule
Vector4_Dot_m3492158352	System.Single UnityEngine.Vector4::Dot(UnityEngine.Vector4,UnityEngine.Vector4)	UnityEngine.CoreModule
Vector4_get_sqrMagnitude_m3767723558_AdjustorThunk	System.Single UnityEngine.Vector4::get_sqrMagnitude()	UnityEngine.CoreModule
Vector4_get_zero_m1422399515	UnityEngine.Vector4 UnityEngine.Vector4::get_zero()	UnityEngine.CoreModule
Vector4_get_one_m1616703050	UnityEngine.Vector4 UnityEngine.Vector4::get_one()	UnityEngine.CoreModule
Vector4_op_Subtraction_m1632208160	UnityEngine.Vector4 UnityEngine.Vector4::op_Subtraction(UnityEngine.Vector4,UnityEngine.Vector4)	UnityEngine.CoreModule
Vector4_op_Multiply_m213790997	UnityEngine.Vector4 UnityEngine.Vector4::op_Multiply(UnityEngine.Vector4,System.Single)	UnityEngine.CoreModule
Vector4_op_Division_m264790546	UnityEngine.Vector4 UnityEngine.Vector4::op_Division(UnityEngine.Vector4,System.Single)	UnityEngine.CoreModule
Vector4_op_Equality_m2403588337	System.Boolean UnityEngine.Vector4::op_Equality(UnityEngine.Vector4,UnityEngine.Vector4)	UnityEngine.CoreModule
Vector4_op_Inequality_m3625339929	System.Boolean UnityEngine.Vector4::op_Inequality(UnityEngine.Vector4,UnityEngine.Vector4)	UnityEngine.CoreModule
Vector4_op_Implicit_m2966035112	UnityEngine.Vector4 UnityEngine.Vector4::op_Implicit(UnityEngine.Vector3)	UnityEngine.CoreModule
Vector4_op_Implicit_m237151757	UnityEngine.Vector4 UnityEngine.Vector4::op_Implicit(UnityEngine.Vector2)	UnityEngine.CoreModule
Vector4_ToString_m1596036856_AdjustorThunk	System.String UnityEngine.Vector4::ToString()	UnityEngine.CoreModule
Vector4_SqrMagnitude_m1488236336	System.Single UnityEngine.Vector4::SqrMagnitude(UnityEngine.Vector4)	UnityEngine.CoreModule
Vector4__cctor_m2519631228	System.Void UnityEngine.Vector4::.cctor()	UnityEngine.CoreModule
WaitForEndOfFrame__ctor_m1381314187	System.Void UnityEngine.WaitForEndOfFrame::.ctor()	UnityEngine.CoreModule
WaitForSeconds__ctor_m2199082655	System.Void UnityEngine.WaitForSeconds::.ctor(System.Single)	UnityEngine.CoreModule
WaitForSecondsRealtime__ctor_m507157904	System.Void UnityEngine.WaitForSecondsRealtime::.ctor(System.Single)	UnityEngine.CoreModule
WaitForSecondsRealtime_get_keepWaiting_m846832224	System.Boolean UnityEngine.WaitForSecondsRealtime::get_keepWaiting()	UnityEngine.CoreModule
YieldInstruction__ctor_m1498450609	System.Void UnityEngine.YieldInstruction::.ctor()	UnityEngine.CoreModule
GenericStack__ctor_m933681517	System.Void UnityEngineInternal.GenericStack::.ctor()	UnityEngine.CoreModule
MathfInternal__cctor_m2622893686	System.Void UnityEngineInternal.MathfInternal::.cctor()	UnityEngine.CoreModule
NetFxCoreExtensions_CreateDelegate_m751211712	System.Delegate UnityEngineInternal.NetFxCoreExtensions::CreateDelegate(System.Reflection.MethodInfo,System.Type,System.Object)	UnityEngine.CoreModule
NetFxCoreExtensions_GetMethodInfo_m444570327	System.Reflection.MethodInfo UnityEngineInternal.NetFxCoreExtensions::GetMethodInfo(System.Delegate)	UnityEngine.CoreModule
ScriptingUtils_CreateDelegate_m650796149	System.Delegate UnityEngineInternal.ScriptingUtils::CreateDelegate(System.Type,System.Reflection.MethodInfo)	UnityEngine.CoreModule
TypeInferenceRuleAttribute__ctor_m3137488504	System.Void UnityEngineInternal.TypeInferenceRuleAttribute::.ctor(UnityEngineInternal.TypeInferenceRules)	UnityEngine.CoreModule
TypeInferenceRuleAttribute__ctor_m2736695831	System.Void UnityEngineInternal.TypeInferenceRuleAttribute::.ctor(System.String)	UnityEngine.CoreModule
TypeInferenceRuleAttribute_ToString_m4089326196	System.String UnityEngineInternal.TypeInferenceRuleAttribute::ToString()	UnityEngine.CoreModule
Font_get_material_m1471867149	UnityEngine.Material UnityEngine.Font::get_material()	UnityEngine.TextRenderingModule
Font_HasCharacter_m2396486601	System.Boolean UnityEngine.Font::HasCharacter(System.Char)	UnityEngine.TextRenderingModule
Font_add_textureRebuilt_m2164317336	System.Void UnityEngine.Font::add_textureRebuilt(System.Action`1<UnityEngine.Font>)	UnityEngine.TextRenderingModule
Font_remove_textureRebuilt_m1198718614	System.Void UnityEngine.Font::remove_textureRebuilt(System.Action`1<UnityEngine.Font>)	UnityEngine.TextRenderingModule
Font_InvokeTextureRebuilt_Internal_m3260810449	System.Void UnityEngine.Font::InvokeTextureRebuilt_Internal(UnityEngine.Font)	UnityEngine.TextRenderingModule
Font_get_dynamic_m1338157964	System.Boolean UnityEngine.Font::get_dynamic()	UnityEngine.TextRenderingModule
Font_get_fontSize_m2823245826	System.Int32 UnityEngine.Font::get_fontSize()	UnityEngine.TextRenderingModule
FontTextureRebuildCallback__ctor_m3251169343	System.Void UnityEngine.Font/FontTextureRebuildCallback::.ctor(System.Object,System.IntPtr)	UnityEngine.TextRenderingModule
FontTextureRebuildCallback_Invoke_m3604797831	System.Void UnityEngine.Font/FontTextureRebuildCallback::Invoke()	UnityEngine.TextRenderingModule
FontTextureRebuildCallback_BeginInvoke_m304512862	System.IAsyncResult UnityEngine.Font/FontTextureRebuildCallback::BeginInvoke(System.AsyncCallback,System.Object)	UnityEngine.TextRenderingModule
FontTextureRebuildCallback_EndInvoke_m3732346867	System.Void UnityEngine.Font/FontTextureRebuildCallback::EndInvoke(System.IAsyncResult)	UnityEngine.TextRenderingModule
TextGenerationSettings_CompareColors_m3051734236_AdjustorThunk	System.Boolean UnityEngine.TextGenerationSettings::CompareColors(UnityEngine.Color,UnityEngine.Color)	UnityEngine.TextRenderingModule
TextGenerationSettings_CompareVector2_m1914066862_AdjustorThunk	System.Boolean UnityEngine.TextGenerationSettings::CompareVector2(UnityEngine.Vector2,UnityEngine.Vector2)	UnityEngine.TextRenderingModule
TextGenerationSettings_Equals_m3618607189_AdjustorThunk	System.Boolean UnityEngine.TextGenerationSettings::Equals(UnityEngine.TextGenerationSettings)	UnityEngine.TextRenderingModule
TextGenerator__ctor_m2083174502	System.Void UnityEngine.TextGenerator::.ctor()	UnityEngine.TextRenderingModule
TextGenerator__ctor_m1349784994	System.Void UnityEngine.TextGenerator::.ctor(System.Int32)	UnityEngine.TextRenderingModule
TextGenerator_Init_m1168488231	System.Void UnityEngine.TextGenerator::Init()	UnityEngine.TextRenderingModule
TextGenerator_Dispose_cpp_m1826354328	System.Void UnityEngine.TextGenerator::Dispose_cpp()	UnityEngine.TextRenderingModule
TextGenerator_Populate_Internal_m235458295	System.Boolean UnityEngine.TextGenerator::Populate_Internal(System.String,UnityEngine.Font,UnityEngine.Color,System.Int32,System.Single,System.Single,UnityEngine.FontStyle,System.Boolean,System.Boolean,System.Int32,System.Int32,UnityEngine.VerticalWrapMode,UnityEngine.HorizontalWrapMode,System.Boolean,UnityEngine.TextAnchor,UnityEngine.Vector2,UnityEngine.Vector2,System.Boolean,System.Boolean,UnityEngine.TextGenerationError&)	UnityEngine.TextRenderingModule
TextGenerator_Populate_Internal_cpp_m3129180843	System.Boolean UnityEngine.TextGenerator::Populate_Internal_cpp(System.String,UnityEngine.Font,UnityEngine.Color,System.Int32,System.Single,System.Single,UnityEngine.FontStyle,System.Boolean,System.Boolean,System.Int32,System.Int32,System.Int32,System.Int32,System.Boolean,UnityEngine.TextAnchor,System.Single,System.Single,System.Single,System.Single,System.Boolean,System.Boolean,System.UInt32&)	UnityEngine.TextRenderingModule
TextGenerator_INTERNAL_CALL_Populate_Internal_cpp_m4171649399	System.Boolean UnityEngine.TextGenerator::INTERNAL_CALL_Populate_Internal_cpp(UnityEngine.TextGenerator,System.String,UnityEngine.Font,UnityEngine.Color&,System.Int32,System.Single,System.Single,UnityEngine.FontStyle,System.Boolean,System.Boolean,System.Int32,System.Int32,System.Int32,System.Int32,System.Boolean,UnityEngine.TextAnchor,System.Single,System.Single,System.Single,System.Single,System.Boolean,System.Boolean,System.UInt32&)	UnityEngine.TextRenderingModule
TextGenerator_get_rectExtents_m1954683619	UnityEngine.Rect UnityEngine.TextGenerator::get_rectExtents()	UnityEngine.TextRenderingModule
TextGenerator_INTERNAL_get_rectExtents_m183810018	System.Void UnityEngine.TextGenerator::INTERNAL_get_rectExtents(UnityEngine.Rect&)	UnityEngine.TextRenderingModule
TextGenerator_GetVerticesInternal_m3222977969	System.Void UnityEngine.TextGenerator::GetVerticesInternal(System.Object)	UnityEngine.TextRenderingModule
TextGenerator_get_characterCount_m864136654	System.Int32 UnityEngine.TextGenerator::get_characterCount()	UnityEngine.TextRenderingModule
TextGenerator_get_characterCountVisible_m3790045314	System.Int32 UnityEngine.TextGenerator::get_characterCountVisible()	UnityEngine.TextRenderingModule
TextGenerator_GetCharactersInternal_m518981545	System.Void UnityEngine.TextGenerator::GetCharactersInternal(System.Object)	UnityEngine.TextRenderingModule
TextGenerator_get_lineCount_m916872812	System.Int32 UnityEngine.TextGenerator::get_lineCount()	UnityEngine.TextRenderingModule
TextGenerator_GetLinesInternal_m3073492067	System.Void UnityEngine.TextGenerator::GetLinesInternal(System.Object)	UnityEngine.TextRenderingModule
TextGenerator_Finalize_m1935290842	System.Void UnityEngine.TextGenerator::Finalize()	UnityEngine.TextRenderingModule
TextGenerator_System_IDisposable_Dispose_m231296259	System.Void UnityEngine.TextGenerator::System.IDisposable.Dispose()	UnityEngine.TextRenderingModule
TextGenerator_ValidatedSettings_m2281808551	UnityEngine.TextGenerationSettings UnityEngine.TextGenerator::ValidatedSettings(UnityEngine.TextGenerationSettings)	UnityEngine.TextRenderingModule
TextGenerator_Invalidate_m1072346986	System.Void UnityEngine.TextGenerator::Invalidate()	UnityEngine.TextRenderingModule
TextGenerator_GetCharacters_m3307287644	System.Void UnityEngine.TextGenerator::GetCharacters(System.Collections.Generic.List`1<UnityEngine.UICharInfo>)	UnityEngine.TextRenderingModule
TextGenerator_GetLines_m1739216537	System.Void UnityEngine.TextGenerator::GetLines(System.Collections.Generic.List`1<UnityEngine.UILineInfo>)	UnityEngine.TextRenderingModule
TextGenerator_GetVertices_m1494933754	System.Void UnityEngine.TextGenerator::GetVertices(System.Collections.Generic.List`1<UnityEngine.UIVertex>)	UnityEngine.TextRenderingModule
TextGenerator_GetPreferredWidth_m3290188249	System.Single UnityEngine.TextGenerator::GetPreferredWidth(System.String,UnityEngine.TextGenerationSettings)	UnityEngine.TextRenderingModule
TextGenerator_GetPreferredHeight_m3514897836	System.Single UnityEngine.TextGenerator::GetPreferredHeight(System.String,UnityEngine.TextGenerationSettings)	UnityEngine.TextRenderingModule
TextGenerator_PopulateWithErrors_m1222498386	System.Boolean UnityEngine.TextGenerator::PopulateWithErrors(System.String,UnityEngine.TextGenerationSettings,UnityEngine.GameObject)	UnityEngine.TextRenderingModule
TextGenerator_Populate_m194003733	System.Boolean UnityEngine.TextGenerator::Populate(System.String,UnityEngine.TextGenerationSettings)	UnityEngine.TextRenderingModule
TextGenerator_PopulateWithError_m2946608503	UnityEngine.TextGenerationError UnityEngine.TextGenerator::PopulateWithError(System.String,UnityEngine.TextGenerationSettings)	UnityEngine.TextRenderingModule
TextGenerator_PopulateAlways_m1922695746	UnityEngine.TextGenerationError UnityEngine.TextGenerator::PopulateAlways(System.String,UnityEngine.TextGenerationSettings)	UnityEngine.TextRenderingModule
TextGenerator_get_verts_m2839413408	System.Collections.Generic.IList`1<UnityEngine.UIVertex> UnityEngine.TextGenerator::get_verts()	UnityEngine.TextRenderingModule
TextGenerator_get_characters_m3585880177	System.Collections.Generic.IList`1<UnityEngine.UICharInfo> UnityEngine.TextGenerator::get_characters()	UnityEngine.TextRenderingModule
TextGenerator_get_lines_m2696243854	System.Collections.Generic.IList`1<UnityEngine.UILineInfo> UnityEngine.TextGenerator::get_lines()	UnityEngine.TextRenderingModule
UIVertex__cctor_m1216617541	System.Void UnityEngine.UIVertex::.cctor()	UnityEngine.TextRenderingModule
AnimationEvent__ctor_m234009954	System.Void UnityEngine.AnimationEvent::.ctor()	UnityEngine.AnimationModule
AnimationClipPlayable_GetHandle_m3441351653_AdjustorThunk	UnityEngine.Playables.PlayableHandle UnityEngine.Animations.AnimationClipPlayable::GetHandle()	UnityEngine.AnimationModule
AnimationClipPlayable_Equals_m1031707451_AdjustorThunk	System.Boolean UnityEngine.Animations.AnimationClipPlayable::Equals(UnityEngine.Animations.AnimationClipPlayable)	UnityEngine.AnimationModule
AnimationLayerMixerPlayable__ctor_m860721801_AdjustorThunk	System.Void UnityEngine.Animations.AnimationLayerMixerPlayable::.ctor(UnityEngine.Playables.PlayableHandle)	UnityEngine.AnimationModule
AnimationLayerMixerPlayable_GetHandle_m3854437798_AdjustorThunk	UnityEngine.Playables.PlayableHandle UnityEngine.Animations.AnimationLayerMixerPlayable::GetHandle()	UnityEngine.AnimationModule
AnimationLayerMixerPlayable_Equals_m4271416323_AdjustorThunk	System.Boolean UnityEngine.Animations.AnimationLayerMixerPlayable::Equals(UnityEngine.Animations.AnimationLayerMixerPlayable)	UnityEngine.AnimationModule
AnimationLayerMixerPlayable__cctor_m4086299972	System.Void UnityEngine.Animations.AnimationLayerMixerPlayable::.cctor()	UnityEngine.AnimationModule
AnimationMixerPlayable_GetHandle_m2198358075_AdjustorThunk	UnityEngine.Playables.PlayableHandle UnityEngine.Animations.AnimationMixerPlayable::GetHandle()	UnityEngine.AnimationModule
AnimationMixerPlayable_Equals_m3971478909_AdjustorThunk	System.Boolean UnityEngine.Animations.AnimationMixerPlayable::Equals(UnityEngine.Animations.AnimationMixerPlayable)	UnityEngine.AnimationModule
AnimationMotionXToDeltaPlayable_GetHandle_m1319190040_AdjustorThunk	UnityEngine.Playables.PlayableHandle UnityEngine.Animations.AnimationMotionXToDeltaPlayable::GetHandle()	UnityEngine.AnimationModule
AnimationMotionXToDeltaPlayable_Equals_m3896842955_AdjustorThunk	System.Boolean UnityEngine.Animations.AnimationMotionXToDeltaPlayable::Equals(UnityEngine.Animations.AnimationMotionXToDeltaPlayable)	UnityEngine.AnimationModule
AnimationOffsetPlayable__ctor_m577157274_AdjustorThunk	System.Void UnityEngine.Animations.AnimationOffsetPlayable::.ctor(UnityEngine.Playables.PlayableHandle)	UnityEngine.AnimationModule
AnimationOffsetPlayable_GetHandle_m449079993_AdjustorThunk	UnityEngine.Playables.PlayableHandle UnityEngine.Animations.AnimationOffsetPlayable::GetHandle()	UnityEngine.AnimationModule
AnimationOffsetPlayable_Equals_m2902253045_AdjustorThunk	System.Boolean UnityEngine.Animations.AnimationOffsetPlayable::Equals(UnityEngine.Animations.AnimationOffsetPlayable)	UnityEngine.AnimationModule
AnimationOffsetPlayable__cctor_m1029460816	System.Void UnityEngine.Animations.AnimationOffsetPlayable::.cctor()	UnityEngine.AnimationModule
AnimatorControllerPlayable__ctor_m3584989806_AdjustorThunk	System.Void UnityEngine.Animations.AnimatorControllerPlayable::.ctor(UnityEngine.Playables.PlayableHandle)	UnityEngine.AnimationModule
AnimatorControllerPlayable_GetHandle_m2425630109_AdjustorThunk	UnityEngine.Playables.PlayableHandle UnityEngine.Animations.AnimatorControllerPlayable::GetHandle()	UnityEngine.AnimationModule
AnimatorControllerPlayable_SetHandle_m2260644454_AdjustorThunk	System.Void UnityEngine.Animations.AnimatorControllerPlayable::SetHandle(UnityEngine.Playables.PlayableHandle)	UnityEngine.AnimationModule
AnimatorControllerPlayable_Equals_m3421642688_AdjustorThunk	System.Boolean UnityEngine.Animations.AnimatorControllerPlayable::Equals(UnityEngine.Animations.AnimatorControllerPlayable)	UnityEngine.AnimationModule
AnimatorControllerPlayable__cctor_m3439442711	System.Void UnityEngine.Animations.AnimatorControllerPlayable::.cctor()	UnityEngine.AnimationModule
Animator_SetTrigger_m2134052629	System.Void UnityEngine.Animator::SetTrigger(System.String)	UnityEngine.AnimationModule
Animator_ResetTrigger_m2321267720	System.Void UnityEngine.Animator::ResetTrigger(System.String)	UnityEngine.AnimationModule
Animator_get_hasBoundPlayables_m2940726619	System.Boolean UnityEngine.Animator::get_hasBoundPlayables()	UnityEngine.AnimationModule
Animator_SetTriggerString_m2612407758	System.Void UnityEngine.Animator::SetTriggerString(System.String)	UnityEngine.AnimationModule
Animator_ResetTriggerString_m394341254	System.Void UnityEngine.Animator::ResetTriggerString(System.String)	UnityEngine.AnimationModule
AudioClipPlayable_GetHandle_m1762771314_AdjustorThunk	UnityEngine.Playables.PlayableHandle UnityEngine.Audio.AudioClipPlayable::GetHandle()	UnityEngine.AudioModule
AudioClipPlayable_Equals_m3705880618_AdjustorThunk	System.Boolean UnityEngine.Audio.AudioClipPlayable::Equals(UnityEngine.Audio.AudioClipPlayable)	UnityEngine.AudioModule
AudioMixerPlayable_GetHandle_m57919556_AdjustorThunk	UnityEngine.Playables.PlayableHandle UnityEngine.Audio.AudioMixerPlayable::GetHandle()	UnityEngine.AudioModule
AudioMixerPlayable_Equals_m1649866213_AdjustorThunk	System.Boolean UnityEngine.Audio.AudioMixerPlayable::Equals(UnityEngine.Audio.AudioMixerPlayable)	UnityEngine.AudioModule
AudioClip__ctor_m1211547677	System.Void UnityEngine.AudioClip::.ctor()	UnityEngine.AudioModule
AudioClip_get_ambisonic_m3815052287	System.Boolean UnityEngine.AudioClip::get_ambisonic()	UnityEngine.AudioModule
AudioClip_InvokePCMReaderCallback_Internal_m224395634	System.Void UnityEngine.AudioClip::InvokePCMReaderCallback_Internal(System.Single[])	UnityEngine.AudioModule
AudioClip_InvokePCMSetPositionCallback_Internal_m3097960898	System.Void UnityEngine.AudioClip::InvokePCMSetPositionCallback_Internal(System.Int32)	UnityEngine.AudioModule
PCMReaderCallback__ctor_m4269754975	System.Void UnityEngine.AudioClip/PCMReaderCallback::.ctor(System.Object,System.IntPtr)	UnityEngine.AudioModule
PCMReaderCallback_Invoke_m2948796957	System.Void UnityEngine.AudioClip/PCMReaderCallback::Invoke(System.Single[])	UnityEngine.AudioModule
PCMReaderCallback_BeginInvoke_m3391809637	System.IAsyncResult UnityEngine.AudioClip/PCMReaderCallback::BeginInvoke(System.Single[],System.AsyncCallback,System.Object)	UnityEngine.AudioModule
PCMReaderCallback_EndInvoke_m3916876196	System.Void UnityEngine.AudioClip/PCMReaderCallback::EndInvoke(System.IAsyncResult)	UnityEngine.AudioModule
PCMSetPositionCallback__ctor_m2909837933	System.Void UnityEngine.AudioClip/PCMSetPositionCallback::.ctor(System.Object,System.IntPtr)	UnityEngine.AudioModule
PCMSetPositionCallback_Invoke_m2167694991	System.Void UnityEngine.AudioClip/PCMSetPositionCallback::Invoke(System.Int32)	UnityEngine.AudioModule
PCMSetPositionCallback_BeginInvoke_m2701134198	System.IAsyncResult UnityEngine.AudioClip/PCMSetPositionCallback::BeginInvoke(System.Int32,System.AsyncCallback,System.Object)	UnityEngine.AudioModule
PCMSetPositionCallback_EndInvoke_m1405765992	System.Void UnityEngine.AudioClip/PCMSetPositionCallback::EndInvoke(System.IAsyncResult)	UnityEngine.AudioModule
AudioExtensionDefinition_GetExtensionType_m1450823952	System.Type UnityEngine.AudioExtensionDefinition::GetExtensionType()	UnityEngine.AudioModule
AudioExtensionManager_GetAudioListener_m817760607	UnityEngine.Object UnityEngine.AudioExtensionManager::GetAudioListener()	UnityEngine.AudioModule
AudioExtensionManager_AddSpatializerExtension_m820561940	UnityEngine.AudioSourceExtension UnityEngine.AudioExtensionManager::AddSpatializerExtension(UnityEngine.AudioSource)	UnityEngine.AudioModule
AudioExtensionManager_AddAmbisonicDecoderExtension_m3197702864	UnityEngine.AudioSourceExtension UnityEngine.AudioExtensionManager::AddAmbisonicDecoderExtension(UnityEngine.AudioSource)	UnityEngine.AudioModule
AudioExtensionManager_WriteExtensionProperties_m1988587615	System.Void UnityEngine.AudioExtensionManager::WriteExtensionProperties(UnityEngine.AudioSourceExtension,System.String)	UnityEngine.AudioModule
AudioExtensionManager_AddSpatializerExtension_m3915849352	UnityEngine.AudioListenerExtension UnityEngine.AudioExtensionManager::AddSpatializerExtension(UnityEngine.AudioListener)	UnityEngine.AudioModule
AudioExtensionManager_WriteExtensionProperties_m3028464154	System.Void UnityEngine.AudioExtensionManager::WriteExtensionProperties(UnityEngine.AudioListenerExtension,System.String)	UnityEngine.AudioModule
AudioExtensionManager_GetListenerSpatializerExtensionType_m3035569206	System.Type UnityEngine.AudioExtensionManager::GetListenerSpatializerExtensionType()	UnityEngine.AudioModule
AudioExtensionManager_GetListenerSpatializerExtensionEditorType_m630287782	System.Type UnityEngine.AudioExtensionManager::GetListenerSpatializerExtensionEditorType()	UnityEngine.AudioModule
AudioExtensionManager_GetSourceSpatializerExtensionType_m3221230995	System.Type UnityEngine.AudioExtensionManager::GetSourceSpatializerExtensionType()	UnityEngine.AudioModule
AudioExtensionManager_AddExtensionToManager_m3475649283	System.Void UnityEngine.AudioExtensionManager::AddExtensionToManager(UnityEngine.AudioSourceExtension)	UnityEngine.AudioModule
AudioExtensionManager_RemoveExtensionFromManager_m442924172	System.Void UnityEngine.AudioExtensionManager::RemoveExtensionFromManager(UnityEngine.AudioSourceExtension)	UnityEngine.AudioModule
AudioExtensionManager_Update_m3269307447	System.Void UnityEngine.AudioExtensionManager::Update()	UnityEngine.AudioModule
AudioExtensionManager_GetReadyToPlay_m1557263244	System.Void UnityEngine.AudioExtensionManager::GetReadyToPlay(UnityEngine.AudioSourceExtension)	UnityEngine.AudioModule
AudioExtensionManager_RegisterBuiltinDefinitions_m2742744104	System.Void UnityEngine.AudioExtensionManager::RegisterBuiltinDefinitions()	UnityEngine.AudioModule
AudioExtensionManager__cctor_m1361600190	System.Void UnityEngine.AudioExtensionManager::.cctor()	UnityEngine.AudioModule
AudioListener_GetNumExtensionProperties_m3139224773	System.Int32 UnityEngine.AudioListener::GetNumExtensionProperties()	UnityEngine.AudioModule
AudioListener_ReadExtensionName_m929423100	UnityEngine.PropertyName UnityEngine.AudioListener::ReadExtensionName(System.Int32)	UnityEngine.AudioModule
AudioListener_INTERNAL_CALL_ReadExtensionName_m4145804327	System.Void UnityEngine.AudioListener::INTERNAL_CALL_ReadExtensionName(UnityEngine.AudioListener,System.Int32,UnityEngine.PropertyName&)	UnityEngine.AudioModule
AudioListener_ReadExtensionPropertyName_m3416271339	UnityEngine.PropertyName UnityEngine.AudioListener::ReadExtensionPropertyName(System.Int32)	UnityEngine.AudioModule
AudioListener_INTERNAL_CALL_ReadExtensionPropertyName_m330480156	System.Void UnityEngine.AudioListener::INTERNAL_CALL_ReadExtensionPropertyName(UnityEngine.AudioListener,System.Int32,UnityEngine.PropertyName&)	UnityEngine.AudioModule
AudioListener_ReadExtensionPropertyValue_m2443832840	System.Single UnityEngine.AudioListener::ReadExtensionPropertyValue(System.Int32)	UnityEngine.AudioModule
AudioListener_ClearExtensionProperties_m3849891634	System.Void UnityEngine.AudioListener::ClearExtensionProperties(UnityEngine.PropertyName)	UnityEngine.AudioModule
AudioListener_INTERNAL_CALL_ClearExtensionProperties_m2036387607	System.Void UnityEngine.AudioListener::INTERNAL_CALL_ClearExtensionProperties(UnityEngine.AudioListener,UnityEngine.PropertyName&)	UnityEngine.AudioModule
AudioListener_AddExtension_m994751216	UnityEngine.AudioListenerExtension UnityEngine.AudioListener::AddExtension(System.Type)	UnityEngine.AudioModule
AudioListenerExtension_get_audioListener_m3597041395	UnityEngine.AudioListener UnityEngine.AudioListenerExtension::get_audioListener()	UnityEngine.AudioModule
AudioListenerExtension_set_audioListener_m3412289012	System.Void UnityEngine.AudioListenerExtension::set_audioListener(UnityEngine.AudioListener)	UnityEngine.AudioModule
AudioListenerExtension_WriteExtensionProperty_m4064727398	System.Void UnityEngine.AudioListenerExtension::WriteExtensionProperty(UnityEngine.PropertyName,System.Single)	UnityEngine.AudioModule
AudioListenerExtension_ExtensionUpdate_m1303405084	System.Void UnityEngine.AudioListenerExtension::ExtensionUpdate()	UnityEngine.AudioModule
AudioSettings_GetSpatializerPluginName_m1324100978	System.String UnityEngine.AudioSettings::GetSpatializerPluginName()	UnityEngine.AudioModule
AudioSettings_InvokeOnAudioConfigurationChanged_m3131294153	System.Void UnityEngine.AudioSettings::InvokeOnAudioConfigurationChanged(System.Boolean)	UnityEngine.AudioModule
AudioSettings_InvokeOnAudioManagerUpdate_m4044425648	System.Void UnityEngine.AudioSettings::InvokeOnAudioManagerUpdate()	UnityEngine.AudioModule
AudioSettings_InvokeOnAudioSourcePlay_m3298744573	System.Void UnityEngine.AudioSettings::InvokeOnAudioSourcePlay(UnityEngine.AudioSource)	UnityEngine.AudioModule
AudioSettings_GetAmbisonicDecoderPluginName_m19603540	System.String UnityEngine.AudioSettings::GetAmbisonicDecoderPluginName()	UnityEngine.AudioModule
AudioConfigurationChangeHandler__ctor_m1059338375	System.Void UnityEngine.AudioSettings/AudioConfigurationChangeHandler::.ctor(System.Object,System.IntPtr)	UnityEngine.AudioModule
AudioConfigurationChangeHandler_Invoke_m1233557945	System.Void UnityEngine.AudioSettings/AudioConfigurationChangeHandler::Invoke(System.Boolean)	UnityEngine.AudioModule
AudioConfigurationChangeHandler_BeginInvoke_m4104069447	System.IAsyncResult UnityEngine.AudioSettings/AudioConfigurationChangeHandler::BeginInvoke(System.Boolean,System.AsyncCallback,System.Object)	UnityEngine.AudioModule
AudioConfigurationChangeHandler_EndInvoke_m4175380841	System.Void UnityEngine.AudioSettings/AudioConfigurationChangeHandler::EndInvoke(System.IAsyncResult)	UnityEngine.AudioModule
AudioSource_get_pitch_m2141937929	System.Single UnityEngine.AudioSource::get_pitch()	UnityEngine.AudioModule
AudioSource_set_pitch_m2413801168	System.Void UnityEngine.AudioSource::set_pitch(System.Single)	UnityEngine.AudioModule
AudioSource_get_clip_m1234340632	UnityEngine.AudioClip UnityEngine.AudioSource::get_clip()	UnityEngine.AudioModule
AudioSource_set_clip_m31653938	System.Void UnityEngine.AudioSource::set_clip(UnityEngine.AudioClip)	UnityEngine.AudioModule
AudioSource_Play_m3389845180	System.Void UnityEngine.AudioSource::Play(System.UInt64)	UnityEngine.AudioModule
AudioSource_Play_m48294159	System.Void UnityEngine.AudioSource::Play()	UnityEngine.AudioModule
AudioSource_get_isPlaying_m1896551654	System.Boolean UnityEngine.AudioSource::get_isPlaying()	UnityEngine.AudioModule
AudioSource_get_spatializeInternal_m2117549793	System.Boolean UnityEngine.AudioSource::get_spatializeInternal()	UnityEngine.AudioModule
AudioSource_get_spatialize_m3609701298	System.Boolean UnityEngine.AudioSource::get_spatialize()	UnityEngine.AudioModule
AudioSource_GetNumExtensionProperties_m1231815209	System.Int32 UnityEngine.AudioSource::GetNumExtensionProperties()	UnityEngine.AudioModule
AudioSource_ReadExtensionName_m725112169	UnityEngine.PropertyName UnityEngine.AudioSource::ReadExtensionName(System.Int32)	UnityEngine.AudioModule
AudioSource_INTERNAL_CALL_ReadExtensionName_m36001502	System.Void UnityEngine.AudioSource::INTERNAL_CALL_ReadExtensionName(UnityEngine.AudioSource,System.Int32,UnityEngine.PropertyName&)	UnityEngine.AudioModule
AudioSource_ReadExtensionPropertyName_m2761820692	UnityEngine.PropertyName UnityEngine.AudioSource::ReadExtensionPropertyName(System.Int32)	UnityEngine.AudioModule
AudioSource_INTERNAL_CALL_ReadExtensionPropertyName_m3643462071	System.Void UnityEngine.AudioSource::INTERNAL_CALL_ReadExtensionPropertyName(UnityEngine.AudioSource,System.Int32,UnityEngine.PropertyName&)	UnityEngine.AudioModule
AudioSource_ReadExtensionPropertyValue_m72717540	System.Single UnityEngine.AudioSource::ReadExtensionPropertyValue(System.Int32)	UnityEngine.AudioModule
AudioSource_ClearExtensionProperties_m2116074582	System.Void UnityEngine.AudioSource::ClearExtensionProperties(UnityEngine.PropertyName)	UnityEngine.AudioModule
AudioSource_INTERNAL_CALL_ClearExtensionProperties_m2159298662	System.Void UnityEngine.AudioSource::INTERNAL_CALL_ClearExtensionProperties(UnityEngine.AudioSource,UnityEngine.PropertyName&)	UnityEngine.AudioModule
AudioSource_AddSpatializerExtension_m2560794359	UnityEngine.AudioSourceExtension UnityEngine.AudioSource::AddSpatializerExtension(System.Type)	UnityEngine.AudioModule
AudioSource_AddAmbisonicExtension_m304476911	UnityEngine.AudioSourceExtension UnityEngine.AudioSource::AddAmbisonicExtension(System.Type)	UnityEngine.AudioModule
AudioSourceExtension_get_audioSource_m1465006871	UnityEngine.AudioSource UnityEngine.AudioSourceExtension::get_audioSource()	UnityEngine.AudioModule
AudioSourceExtension_set_audioSource_m3729768988	System.Void UnityEngine.AudioSourceExtension::set_audioSource(UnityEngine.AudioSource)	UnityEngine.AudioModule
AudioSourceExtension_WriteExtensionProperty_m2866033202	System.Void UnityEngine.AudioSourceExtension::WriteExtensionProperty(UnityEngine.PropertyName,System.Single)	UnityEngine.AudioModule
AudioSourceExtension_Play_m420799475	System.Void UnityEngine.AudioSourceExtension::Play()	UnityEngine.AudioModule
AudioSourceExtension_Stop_m387892536	System.Void UnityEngine.AudioSourceExtension::Stop()	UnityEngine.AudioModule
AudioSourceExtension_ExtensionUpdate_m2790353999	System.Void UnityEngine.AudioSourceExtension::ExtensionUpdate()	UnityEngine.AudioModule
Event__ctor_m3316259149	System.Void UnityEngine.Event::.ctor()	UnityEngine.IMGUIModule
Event__ctor_m526447123	System.Void UnityEngine.Event::.ctor(System.Int32)	UnityEngine.IMGUIModule
Event_Init_m2830944622	System.Void UnityEngine.Event::Init(System.Int32)	UnityEngine.IMGUIModule
Event_Cleanup_m2477919477	System.Void UnityEngine.Event::Cleanup()	UnityEngine.IMGUIModule
Event_get_rawType_m2996166859	UnityEngine.EventType UnityEngine.Event::get_rawType()	UnityEngine.IMGUIModule
Event_get_type_m1370041809	UnityEngine.EventType UnityEngine.Event::get_type()	UnityEngine.IMGUIModule
Event_Internal_GetMousePosition_m1101229675	System.Void UnityEngine.Event::Internal_GetMousePosition(UnityEngine.Vector2&)	UnityEngine.IMGUIModule
Event_get_modifiers_m995073384	UnityEngine.EventModifiers UnityEngine.Event::get_modifiers()	UnityEngine.IMGUIModule
Event_get_character_m1666742088	System.Char UnityEngine.Event::get_character()	UnityEngine.IMGUIModule
Event_get_commandName_m4275147343	System.String UnityEngine.Event::get_commandName()	UnityEngine.IMGUIModule
Event_get_keyCode_m1098493350	UnityEngine.KeyCode UnityEngine.Event::get_keyCode()	UnityEngine.IMGUIModule
Event_Internal_SetNativeEvent_m1397431767	System.Void UnityEngine.Event::Internal_SetNativeEvent(System.IntPtr)	UnityEngine.IMGUIModule
Event_set_displayIndex_m1342258734	System.Void UnityEngine.Event::set_displayIndex(System.Int32)	UnityEngine.IMGUIModule
Event_PopEvent_m2275423287	System.Boolean UnityEngine.Event::PopEvent(UnityEngine.Event)	UnityEngine.IMGUIModule
Event_Finalize_m2235592665	System.Void UnityEngine.Event::Finalize()	UnityEngine.IMGUIModule
Event_get_mousePosition_m733809635	UnityEngine.Vector2 UnityEngine.Event::get_mousePosition()	UnityEngine.IMGUIModule
Event_get_current_m2393892120	UnityEngine.Event UnityEngine.Event::get_current()	UnityEngine.IMGUIModule
Event_Internal_MakeMasterEventCurrent_m112421958	System.Void UnityEngine.Event::Internal_MakeMasterEventCurrent(System.Int32)	UnityEngine.IMGUIModule
Event_get_isKey_m1703963445	System.Boolean UnityEngine.Event::get_isKey()	UnityEngine.IMGUIModule
Event_get_isMouse_m1058251071	System.Boolean UnityEngine.Event::get_isMouse()	UnityEngine.IMGUIModule
Event_GetHashCode_m3559153592	System.Int32 UnityEngine.Event::GetHashCode()	UnityEngine.IMGUIModule
Event_Equals_m321840542	System.Boolean UnityEngine.Event::Equals(System.Object)	UnityEngine.IMGUIModule
Event_ToString_m1688862299	System.String UnityEngine.Event::ToString()	UnityEngine.IMGUIModule
GUI__cctor_m3051457990	System.Void UnityEngine.GUI::.cctor()	UnityEngine.IMGUIModule
GUI_get_color_m4285352717	UnityEngine.Color UnityEngine.GUI::get_color()	UnityEngine.IMGUIModule
GUI_INTERNAL_get_color_m2229551565	System.Void UnityEngine.GUI::INTERNAL_get_color(UnityEngine.Color&)	UnityEngine.IMGUIModule
GUI_set_changed_m535954674	System.Void UnityEngine.GUI::set_changed(System.Boolean)	UnityEngine.IMGUIModule
GUI_get_blendMaterial_m1996809730	UnityEngine.Material UnityEngine.GUI::get_blendMaterial()	UnityEngine.IMGUIModule
GUI_get_blitMaterial_m2757700097	UnityEngine.Material UnityEngine.GUI::get_blitMaterial()	UnityEngine.IMGUIModule
GUI_get_roundedRectMaterial_m2832805582	UnityEngine.Material UnityEngine.GUI::get_roundedRectMaterial()	UnityEngine.IMGUIModule
GUI_set_nextScrollStepTime_m1026410471	System.Void UnityEngine.GUI::set_nextScrollStepTime(System.DateTime)	UnityEngine.IMGUIModule
GUI_set_skin_m3073574632	System.Void UnityEngine.GUI::set_skin(UnityEngine.GUISkin)	UnityEngine.IMGUIModule
GUI_get_skin_m1874615010	UnityEngine.GUISkin UnityEngine.GUI::get_skin()	UnityEngine.IMGUIModule
GUI_DoSetSkin_m604425702	System.Void UnityEngine.GUI::DoSetSkin(UnityEngine.GUISkin)	UnityEngine.IMGUIModule
GUI_DrawTexture_m3124770796	System.Void UnityEngine.GUI::DrawTexture(UnityEngine.Rect,UnityEngine.Texture)	UnityEngine.IMGUIModule
GUI_DrawTexture_m2312292152	System.Void UnityEngine.GUI::DrawTexture(UnityEngine.Rect,UnityEngine.Texture,UnityEngine.ScaleMode)	UnityEngine.IMGUIModule
GUI_DrawTexture_m4147873729	System.Void UnityEngine.GUI::DrawTexture(UnityEngine.Rect,UnityEngine.Texture,UnityEngine.ScaleMode,System.Boolean)	UnityEngine.IMGUIModule
GUI_DrawTexture_m3452015432	System.Void UnityEngine.GUI::DrawTexture(UnityEngine.Rect,UnityEngine.Texture,UnityEngine.ScaleMode,System.Boolean,System.Single)	UnityEngine.IMGUIModule
GUI_DrawTexture_m2714147229	System.Void UnityEngine.GUI::DrawTexture(UnityEngine.Rect,UnityEngine.Texture,UnityEngine.ScaleMode,System.Boolean,System.Single,UnityEngine.Color,System.Single,System.Single)	UnityEngine.IMGUIModule
GUI_DrawTexture_m2349527731	System.Void UnityEngine.GUI::DrawTexture(UnityEngine.Rect,UnityEngine.Texture,UnityEngine.ScaleMode,System.Boolean,System.Single,UnityEngine.Color,UnityEngine.Vector4,System.Single)	UnityEngine.IMGUIModule
GUI_DrawTexture_m2843052271	System.Void UnityEngine.GUI::DrawTexture(UnityEngine.Rect,UnityEngine.Texture,UnityEngine.ScaleMode,System.Boolean,System.Single,UnityEngine.Color,UnityEngine.Vector4,UnityEngine.Vector4)	UnityEngine.IMGUIModule
GUI_CalculateScaledTextureRects_m518609609	System.Boolean UnityEngine.GUI::CalculateScaledTextureRects(UnityEngine.Rect,UnityEngine.ScaleMode,System.Single,UnityEngine.Rect&,UnityEngine.Rect&)	UnityEngine.IMGUIModule
GUI_CallWindowDelegate_m3309453386	System.Void UnityEngine.GUI::CallWindowDelegate(UnityEngine.GUI/WindowFunction,System.Int32,System.Int32,UnityEngine.GUISkin,System.Int32,System.Single,System.Single,UnityEngine.GUIStyle)	UnityEngine.IMGUIModule
WindowFunction__ctor_m2544237635	System.Void UnityEngine.GUI/WindowFunction::.ctor(System.Object,System.IntPtr)	UnityEngine.IMGUIModule
WindowFunction_Invoke_m3205356586	System.Void UnityEngine.GUI/WindowFunction::Invoke(System.Int32)	UnityEngine.IMGUIModule
WindowFunction_BeginInvoke_m3381614433	System.IAsyncResult UnityEngine.GUI/WindowFunction::BeginInvoke(System.Int32,System.AsyncCallback,System.Object)	UnityEngine.IMGUIModule
WindowFunction_EndInvoke_m2850430521	System.Void UnityEngine.GUI/WindowFunction::EndInvoke(System.IAsyncResult)	UnityEngine.IMGUIModule
GUIContent__ctor_m3360759894	System.Void UnityEngine.GUIContent::.ctor()	UnityEngine.IMGUIModule
GUIContent__ctor_m890195579	System.Void UnityEngine.GUIContent::.ctor(System.String)	UnityEngine.IMGUIModule
GUIContent__ctor_m2166411317	System.Void UnityEngine.GUIContent::.ctor(System.String,UnityEngine.Texture,System.String)	UnityEngine.IMGUIModule
GUIContent_set_text_m607297463	System.Void UnityEngine.GUIContent::set_text(System.String)	UnityEngine.IMGUIModule
GUIContent_set_image_m1091531865	System.Void UnityEngine.GUIContent::set_image(UnityEngine.Texture)	UnityEngine.IMGUIModule
GUIContent_set_tooltip_m738967743	System.Void UnityEngine.GUIContent::set_tooltip(System.String)	UnityEngine.IMGUIModule
GUIContent_ClearStaticCache_m1205116045	System.Void UnityEngine.GUIContent::ClearStaticCache()	UnityEngine.IMGUIModule
GUIContent__cctor_m3964999451	System.Void UnityEngine.GUIContent::.cctor()	UnityEngine.IMGUIModule
GUILayout_Width_m1777696537	UnityEngine.GUILayoutOption UnityEngine.GUILayout::Width(System.Single)	UnityEngine.IMGUIModule
GUILayout_Height_m3349769634	UnityEngine.GUILayoutOption UnityEngine.GUILayout::Height(System.Single)	UnityEngine.IMGUIModule
GUILayoutEntry__ctor_m2229197035	System.Void UnityEngine.GUILayoutEntry::.ctor(System.Single,System.Single,System.Single,System.Single,UnityEngine.GUIStyle)	UnityEngine.IMGUIModule
GUILayoutEntry_get_style_m3965981147	UnityEngine.GUIStyle UnityEngine.GUILayoutEntry::get_style()	UnityEngine.IMGUIModule
GUILayoutEntry_set_style_m1702960184	System.Void UnityEngine.GUILayoutEntry::set_style(UnityEngine.GUIStyle)	UnityEngine.IMGUIModule
GUILayoutEntry_get_margin_m3174861737	UnityEngine.RectOffset UnityEngine.GUILayoutEntry::get_margin()	UnityEngine.IMGUIModule
GUILayoutEntry_CalcWidth_m3962591050	System.Void UnityEngine.GUILayoutEntry::CalcWidth()	UnityEngine.IMGUIModule
GUILayoutEntry_CalcHeight_m441380239	System.Void UnityEngine.GUILayoutEntry::CalcHeight()	UnityEngine.IMGUIModule
GUILayoutEntry_SetHorizontal_m3919283295	System.Void UnityEngine.GUILayoutEntry::SetHorizontal(System.Single,System.Single)	UnityEngine.IMGUIModule
GUILayoutEntry_SetVertical_m1089980778	System.Void UnityEngine.GUILayoutEntry::SetVertical(System.Single,System.Single)	UnityEngine.IMGUIModule
GUILayoutEntry_ApplyStyleSettings_m4137899058	System.Void UnityEngine.GUILayoutEntry::ApplyStyleSettings(UnityEngine.GUIStyle)	UnityEngine.IMGUIModule
GUILayoutEntry_ApplyOptions_m1741659338	System.Void UnityEngine.GUILayoutEntry::ApplyOptions(UnityEngine.GUILayoutOption[])	UnityEngine.IMGUIModule
GUILayoutEntry_ToString_m3366663569	System.String UnityEngine.GUILayoutEntry::ToString()	UnityEngine.IMGUIModule
GUILayoutEntry__cctor_m663865902	System.Void UnityEngine.GUILayoutEntry::.cctor()	UnityEngine.IMGUIModule
GUILayoutGroup__ctor_m3245996524	System.Void UnityEngine.GUILayoutGroup::.ctor()	UnityEngine.IMGUIModule
GUILayoutGroup_get_margin_m2070032072	UnityEngine.RectOffset UnityEngine.GUILayoutGroup::get_margin()	UnityEngine.IMGUIModule
GUILayoutGroup_ApplyOptions_m2649434325	System.Void UnityEngine.GUILayoutGroup::ApplyOptions(UnityEngine.GUILayoutOption[])	UnityEngine.IMGUIModule
GUILayoutGroup_ApplyStyleSettings_m165748370	System.Void UnityEngine.GUILayoutGroup::ApplyStyleSettings(UnityEngine.GUIStyle)	UnityEngine.IMGUIModule
GUILayoutGroup_ResetCursor_m672314614	System.Void UnityEngine.GUILayoutGroup::ResetCursor()	UnityEngine.IMGUIModule
GUILayoutGroup_CalcWidth_m1389741370	System.Void UnityEngine.GUILayoutGroup::CalcWidth()	UnityEngine.IMGUIModule
GUILayoutGroup_SetHorizontal_m996475327	System.Void UnityEngine.GUILayoutGroup::SetHorizontal(System.Single,System.Single)	UnityEngine.IMGUIModule
GUILayoutGroup_CalcHeight_m1669391299	System.Void UnityEngine.GUILayoutGroup::CalcHeight()	UnityEngine.IMGUIModule
GUILayoutGroup_SetVertical_m2446642182	System.Void UnityEngine.GUILayoutGroup::SetVertical(System.Single,System.Single)	UnityEngine.IMGUIModule
GUILayoutGroup_ToString_m3162736776	System.String UnityEngine.GUILayoutGroup::ToString()	UnityEngine.IMGUIModule
GUILayoutOption__ctor_m2091649807	System.Void UnityEngine.GUILayoutOption::.ctor(UnityEngine.GUILayoutOption/Type,System.Object)	UnityEngine.IMGUIModule
GUILayoutUtility_Internal_GetWindowRect_m2131267775	UnityEngine.Rect UnityEngine.GUILayoutUtility::Internal_GetWindowRect(System.Int32)	UnityEngine.IMGUIModule
GUILayoutUtility_INTERNAL_CALL_Internal_GetWindowRect_m2348654813	System.Void UnityEngine.GUILayoutUtility::INTERNAL_CALL_Internal_GetWindowRect(System.Int32,UnityEngine.Rect&)	UnityEngine.IMGUIModule
GUILayoutUtility_Internal_MoveWindow_m3463958180	System.Void UnityEngine.GUILayoutUtility::Internal_MoveWindow(System.Int32,UnityEngine.Rect)	UnityEngine.IMGUIModule
GUILayoutUtility_INTERNAL_CALL_Internal_MoveWindow_m2976690564	System.Void UnityEngine.GUILayoutUtility::INTERNAL_CALL_Internal_MoveWindow(System.Int32,UnityEngine.Rect&)	UnityEngine.IMGUIModule
GUILayoutUtility_SelectIDList_m294753167	UnityEngine.GUILayoutUtility/LayoutCache UnityEngine.GUILayoutUtility::SelectIDList(System.Int32,System.Boolean)	UnityEngine.IMGUIModule
GUILayoutUtility_Begin_m1358735224	System.Void UnityEngine.GUILayoutUtility::Begin(System.Int32)	UnityEngine.IMGUIModule
GUILayoutUtility_BeginWindow_m2240221150	System.Void UnityEngine.GUILayoutUtility::BeginWindow(System.Int32,UnityEngine.GUIStyle,UnityEngine.GUILayoutOption[])	UnityEngine.IMGUIModule
GUILayoutUtility_Layout_m1159951704	System.Void UnityEngine.GUILayoutUtility::Layout()	UnityEngine.IMGUIModule
GUILayoutUtility_LayoutFromEditorWindow_m2914699782	System.Void UnityEngine.GUILayoutUtility::LayoutFromEditorWindow()	UnityEngine.IMGUIModule
GUILayoutUtility_LayoutFreeGroup_m2955697397	System.Void UnityEngine.GUILayoutUtility::LayoutFreeGroup(UnityEngine.GUILayoutGroup)	UnityEngine.IMGUIModule
GUILayoutUtility_LayoutSingleGroup_m700786689	System.Void UnityEngine.GUILayoutUtility::LayoutSingleGroup(UnityEngine.GUILayoutGroup)	UnityEngine.IMGUIModule
GUILayoutUtility_get_spaceStyle_m3392862907	UnityEngine.GUIStyle UnityEngine.GUILayoutUtility::get_spaceStyle()	UnityEngine.IMGUIModule
GUILayoutUtility__cctor_m554256666	System.Void UnityEngine.GUILayoutUtility::.cctor()	UnityEngine.IMGUIModule
LayoutCache__ctor_m3885940174	System.Void UnityEngine.GUILayoutUtility/LayoutCache::.ctor()	UnityEngine.IMGUIModule
GUIScrollGroup__ctor_m2584604936	System.Void UnityEngine.GUIScrollGroup::.ctor()	UnityEngine.IMGUIModule
GUIScrollGroup_CalcWidth_m3382294862	System.Void UnityEngine.GUIScrollGroup::CalcWidth()	UnityEngine.IMGUIModule
GUIScrollGroup_SetHorizontal_m291416666	System.Void UnityEngine.GUIScrollGroup::SetHorizontal(System.Single,System.Single)	UnityEngine.IMGUIModule
GUIScrollGroup_CalcHeight_m3173593443	System.Void UnityEngine.GUIScrollGroup::CalcHeight()	UnityEngine.IMGUIModule
GUIScrollGroup_SetVertical_m353811564	System.Void UnityEngine.GUIScrollGroup::SetVertical(System.Single,System.Single)	UnityEngine.IMGUIModule
GUISettings__ctor_m2761652600	System.Void UnityEngine.GUISettings::.ctor()	UnityEngine.IMGUIModule
GUISkin__ctor_m3576427628	System.Void UnityEngine.GUISkin::.ctor()	UnityEngine.IMGUIModule
GUISkin_get_font_m3937910082	UnityEngine.Font UnityEngine.GUISkin::get_font()	UnityEngine.IMGUIModule
GUISkin_MakeCurrent_m3239192349	System.Void UnityEngine.GUISkin::MakeCurrent()	UnityEngine.IMGUIModule
SkinChangedDelegate__ctor_m1270439727	System.Void UnityEngine.GUISkin/SkinChangedDelegate::.ctor(System.Object,System.IntPtr)	UnityEngine.IMGUIModule
SkinChangedDelegate_Invoke_m3627689407	System.Void UnityEngine.GUISkin/SkinChangedDelegate::Invoke()	UnityEngine.IMGUIModule
SkinChangedDelegate_BeginInvoke_m2963887440	System.IAsyncResult UnityEngine.GUISkin/SkinChangedDelegate::BeginInvoke(System.AsyncCallback,System.Object)	UnityEngine.IMGUIModule
SkinChangedDelegate_EndInvoke_m1346531361	System.Void UnityEngine.GUISkin/SkinChangedDelegate::EndInvoke(System.IAsyncResult)	UnityEngine.IMGUIModule
GUIStyle__ctor_m4038363858	System.Void UnityEngine.GUIStyle::.ctor()	UnityEngine.IMGUIModule
GUIStyle_Init_m3558067362	System.Void UnityEngine.GUIStyle::Init()	UnityEngine.IMGUIModule
GUIStyle_Cleanup_m3602061751	System.Void UnityEngine.GUIStyle::Cleanup()	UnityEngine.IMGUIModule
GUIStyle_get_name_m2109418832	System.String UnityEngine.GUIStyle::get_name()	UnityEngine.IMGUIModule
GUIStyle_GetRectOffsetPtr_m2881421249	System.IntPtr UnityEngine.GUIStyle::GetRectOffsetPtr(System.Int32)	UnityEngine.IMGUIModule
GUIStyle_INTERNAL_CALL_GetRectOffsetPtr_m152975056	System.Void UnityEngine.GUIStyle::INTERNAL_CALL_GetRectOffsetPtr(UnityEngine.GUIStyle,System.Int32,System.IntPtr&)	UnityEngine.IMGUIModule
GUIStyle_get_fixedWidth_m2576616348	System.Single UnityEngine.GUIStyle::get_fixedWidth()	UnityEngine.IMGUIModule
GUIStyle_get_fixedHeight_m2868324709	System.Single UnityEngine.GUIStyle::get_fixedHeight()	UnityEngine.IMGUIModule
GUIStyle_get_stretchWidth_m3556443132	System.Boolean UnityEngine.GUIStyle::get_stretchWidth()	UnityEngine.IMGUIModule
GUIStyle_set_stretchWidth_m2564034386	System.Void UnityEngine.GUIStyle::set_stretchWidth(System.Boolean)	UnityEngine.IMGUIModule
GUIStyle_get_stretchHeight_m4172805773	System.Boolean UnityEngine.GUIStyle::get_stretchHeight()	UnityEngine.IMGUIModule
GUIStyle_SetDefaultFont_m1581452579	System.Void UnityEngine.GUIStyle::SetDefaultFont(UnityEngine.Font)	UnityEngine.IMGUIModule
GUIStyle_Finalize_m1912900812	System.Void UnityEngine.GUIStyle::Finalize()	UnityEngine.IMGUIModule
GUIStyle_get_margin_m3595798603	UnityEngine.RectOffset UnityEngine.GUIStyle::get_margin()	UnityEngine.IMGUIModule
GUIStyle_get_padding_m3526264743	UnityEngine.RectOffset UnityEngine.GUIStyle::get_padding()	UnityEngine.IMGUIModule
GUIStyle_get_none_m1545577352	UnityEngine.GUIStyle UnityEngine.GUIStyle::get_none()	UnityEngine.IMGUIModule
GUIStyle_ToString_m3014660435	System.String UnityEngine.GUIStyle::ToString()	UnityEngine.IMGUIModule
GUIStyle__cctor_m3477697449	System.Void UnityEngine.GUIStyle::.cctor()	UnityEngine.IMGUIModule
GUIStyleState__ctor_m1648430456	System.Void UnityEngine.GUIStyleState::.ctor()	UnityEngine.IMGUIModule
GUIStyleState_Init_m3047380323	System.Void UnityEngine.GUIStyleState::Init()	UnityEngine.IMGUIModule
GUIStyleState_Cleanup_m696329069	System.Void UnityEngine.GUIStyleState::Cleanup()	UnityEngine.IMGUIModule
GUIStyleState_Finalize_m1466589588	System.Void UnityEngine.GUIStyleState::Finalize()	UnityEngine.IMGUIModule
GUITargetAttribute_GetGUITargetAttrValue_m2954410352	System.Int32 UnityEngine.GUITargetAttribute::GetGUITargetAttrValue(System.Type,System.String)	UnityEngine.IMGUIModule
GUIUtility_Internal_GetPixelsPerPoint_m290411053	System.Single UnityEngine.GUIUtility::Internal_GetPixelsPerPoint()	UnityEngine.IMGUIModule
GUIUtility_get_systemCopyBuffer_m2735901425	System.String UnityEngine.GUIUtility::get_systemCopyBuffer()	UnityEngine.IMGUIModule
GUIUtility_set_systemCopyBuffer_m608712289	System.Void UnityEngine.GUIUtility::set_systemCopyBuffer(System.String)	UnityEngine.IMGUIModule
GUIUtility_Internal_GetDefaultSkin_m2977444868	UnityEngine.GUISkin UnityEngine.GUIUtility::Internal_GetDefaultSkin(System.Int32)	UnityEngine.IMGUIModule
GUIUtility_Internal_ExitGUI_m273923508	System.Void UnityEngine.GUIUtility::Internal_ExitGUI()	UnityEngine.IMGUIModule
GUIUtility_Internal_GetGUIDepth_m1169824684	System.Int32 UnityEngine.GUIUtility::Internal_GetGUIDepth()	UnityEngine.IMGUIModule
GUIUtility_get_pixelsPerPoint_m2369948084	System.Single UnityEngine.GUIUtility::get_pixelsPerPoint()	UnityEngine.IMGUIModule
GUIUtility_set_guiIsExiting_m1558910088	System.Void UnityEngine.GUIUtility::set_guiIsExiting(System.Boolean)	UnityEngine.IMGUIModule
GUIUtility_TakeCapture_m1130863121	System.Void UnityEngine.GUIUtility::TakeCapture()	UnityEngine.IMGUIModule
GUIUtility_RemoveCapture_m1294193818	System.Void UnityEngine.GUIUtility::RemoveCapture()	UnityEngine.IMGUIModule
GUIUtility_GetDefaultSkin_m1141001896	UnityEngine.GUISkin UnityEngine.GUIUtility::GetDefaultSkin()	UnityEngine.IMGUIModule
GUIUtility_ProcessEvent_m3254259822	System.Boolean UnityEngine.GUIUtility::ProcessEvent(System.Int32,System.IntPtr)	UnityEngine.IMGUIModule
GUIUtility_BeginGUI_m1428629348	System.Void UnityEngine.GUIUtility::BeginGUI(System.Int32,System.Int32,System.Int32)	UnityEngine.IMGUIModule
GUIUtility_EndGUI_m1799980929	System.Void UnityEngine.GUIUtility::EndGUI(System.Int32)	UnityEngine.IMGUIModule
GUIUtility_EndGUIFromException_m3524906492	System.Boolean UnityEngine.GUIUtility::EndGUIFromException(System.Exception)	UnityEngine.IMGUIModule
GUIUtility_EndContainerGUIFromException_m530164245	System.Boolean UnityEngine.GUIUtility::EndContainerGUIFromException(System.Exception)	UnityEngine.IMGUIModule
GUIUtility_ResetGlobalState_m2426294461	System.Void UnityEngine.GUIUtility::ResetGlobalState()	UnityEngine.IMGUIModule
GUIUtility_IsExitGUIException_m3644066650	System.Boolean UnityEngine.GUIUtility::IsExitGUIException(System.Exception)	UnityEngine.IMGUIModule
GUIUtility_ShouldRethrowException_m1544932394	System.Boolean UnityEngine.GUIUtility::ShouldRethrowException(System.Exception)	UnityEngine.IMGUIModule
GUIUtility_CheckOnGUI_m3924092168	System.Void UnityEngine.GUIUtility::CheckOnGUI()	UnityEngine.IMGUIModule
GUIUtility__cctor_m3177179339	System.Void UnityEngine.GUIUtility::.cctor()	UnityEngine.IMGUIModule
ScrollViewState__ctor_m1599613496	System.Void UnityEngine.ScrollViewState::.ctor()	UnityEngine.IMGUIModule
SliderState__ctor_m3367986001	System.Void UnityEngine.SliderState::.ctor()	UnityEngine.IMGUIModule
TextEditor__ctor_m242049450	System.Void UnityEngine.TextEditor::.ctor()	UnityEngine.IMGUIModule
ParticleSystem_get_duration_m934197370	System.Single UnityEngine.ParticleSystem::get_duration()	UnityEngine.ParticleSystemModule
ParticleSystem_get_main_m3006917117	UnityEngine.ParticleSystem/MainModule UnityEngine.ParticleSystem::get_main()	UnityEngine.ParticleSystemModule
ParticleSystem_Play_m163824593	System.Void UnityEngine.ParticleSystem::Play(System.Boolean)	UnityEngine.ParticleSystemModule
ParticleSystem_Play_m882713458	System.Void UnityEngine.ParticleSystem::Play()	UnityEngine.ParticleSystemModule
ParticleSystem_Stop_m3396581118	System.Void UnityEngine.ParticleSystem::Stop(System.Boolean,UnityEngine.ParticleSystemStopBehavior)	UnityEngine.ParticleSystemModule
ParticleSystem_Stop_m3125854227	System.Void UnityEngine.ParticleSystem::Stop()	UnityEngine.ParticleSystemModule
MainModule__ctor_m1745438521_AdjustorThunk	System.Void UnityEngine.ParticleSystem/MainModule::.ctor(UnityEngine.ParticleSystem)	UnityEngine.ParticleSystemModule
MainModule_get_duration_m2362826759_AdjustorThunk	System.Single UnityEngine.ParticleSystem/MainModule::get_duration()	UnityEngine.ParticleSystemModule
MainModule_GetDuration_m471811572	System.Single UnityEngine.ParticleSystem/MainModule::GetDuration(UnityEngine.ParticleSystem)	UnityEngine.ParticleSystemModule
Physics2D__cctor_m143866755	System.Void UnityEngine.Physics2D::.cctor()	UnityEngine.Physics2DModule
RaycastHit2D_get_point_m1586138107_AdjustorThunk	UnityEngine.Vector2 UnityEngine.RaycastHit2D::get_point()	UnityEngine.Physics2DModule
RaycastHit2D_get_normal_m772343376_AdjustorThunk	UnityEngine.Vector2 UnityEngine.RaycastHit2D::get_normal()	UnityEngine.Physics2DModule
RaycastHit2D_get_distance_m382898860_AdjustorThunk	System.Single UnityEngine.RaycastHit2D::get_distance()	UnityEngine.Physics2DModule
RaycastHit2D_get_collider_m1549426026_AdjustorThunk	UnityEngine.Collider2D UnityEngine.RaycastHit2D::get_collider()	UnityEngine.Physics2DModule
Collider__ctor_m1632031523	System.Void UnityEngine.Collider::.ctor()	UnityEngine.PhysicsModule
Physics_Raycast_m234523501	System.Boolean UnityEngine.Physics::Raycast(UnityEngine.Vector3,UnityEngine.Vector3,System.Single,System.Int32)	UnityEngine.PhysicsModule
Physics_Raycast_m1896872038	System.Boolean UnityEngine.Physics::Raycast(UnityEngine.Vector3,UnityEngine.Vector3,System.Single)	UnityEngine.PhysicsModule
Physics_Raycast_m952690504	System.Boolean UnityEngine.Physics::Raycast(UnityEngine.Vector3,UnityEngine.Vector3)	UnityEngine.PhysicsModule
Physics_Raycast_m3482819239	System.Boolean UnityEngine.Physics::Raycast(UnityEngine.Vector3,UnityEngine.Vector3,System.Single,System.Int32,UnityEngine.QueryTriggerInteraction)	UnityEngine.PhysicsModule
Physics_Raycast_m4145022031	System.Boolean UnityEngine.Physics::Raycast(UnityEngine.Vector3,UnityEngine.Vector3,UnityEngine.RaycastHit&,System.Single,System.Int32)	UnityEngine.PhysicsModule
Physics_Raycast_m261647105	System.Boolean UnityEngine.Physics::Raycast(UnityEngine.Vector3,UnityEngine.Vector3,UnityEngine.RaycastHit&,System.Single)	UnityEngine.PhysicsModule
Physics_Raycast_m1085399925	System.Boolean UnityEngine.Physics::Raycast(UnityEngine.Vector3,UnityEngine.Vector3,UnityEngine.RaycastHit&)	UnityEngine.PhysicsModule
Physics_Raycast_m3101461809	System.Boolean UnityEngine.Physics::Raycast(UnityEngine.Vector3,UnityEngine.Vector3,UnityEngine.RaycastHit&,System.Single,System.Int32,UnityEngine.QueryTriggerInteraction)	UnityEngine.PhysicsModule
Physics_Raycast_m2071039297	System.Boolean UnityEngine.Physics::Raycast(UnityEngine.Ray,System.Single,System.Int32)	UnityEngine.PhysicsModule
Physics_Raycast_m281474224	System.Boolean UnityEngine.Physics::Raycast(UnityEngine.Ray,System.Single)	UnityEngine.PhysicsModule
Physics_Raycast_m630863594	System.Boolean UnityEngine.Physics::Raycast(UnityEngine.Ray)	UnityEngine.PhysicsModule
Physics_Raycast_m3133704280	System.Boolean UnityEngine.Physics::Raycast(UnityEngine.Ray,System.Single,System.Int32,UnityEngine.QueryTriggerInteraction)	UnityEngine.PhysicsModule
Physics_Raycast_m1893809531	System.Boolean UnityEngine.Physics::Raycast(UnityEngine.Ray,UnityEngine.RaycastHit&,System.Single,System.Int32)	UnityEngine.PhysicsModule
Physics_Raycast_m1743768310	System.Boolean UnityEngine.Physics::Raycast(UnityEngine.Ray,UnityEngine.RaycastHit&,System.Single)	UnityEngine.PhysicsModule
Physics_Raycast_m447436869	System.Boolean UnityEngine.Physics::Raycast(UnityEngine.Ray,UnityEngine.RaycastHit&)	UnityEngine.PhysicsModule
Physics_Raycast_m3336206959	System.Boolean UnityEngine.Physics::Raycast(UnityEngine.Ray,UnityEngine.RaycastHit&,System.Single,System.Int32,UnityEngine.QueryTriggerInteraction)	UnityEngine.PhysicsModule
Physics_RaycastAll_m3780585721	UnityEngine.RaycastHit[] UnityEngine.Physics::RaycastAll(UnityEngine.Ray,System.Single,System.Int32)	UnityEngine.PhysicsModule
Physics_RaycastAll_m849698669	UnityEngine.RaycastHit[] UnityEngine.Physics::RaycastAll(UnityEngine.Ray,System.Single)	UnityEngine.PhysicsModule
Physics_RaycastAll_m3796226007	UnityEngine.RaycastHit[] UnityEngine.Physics::RaycastAll(UnityEngine.Ray)	UnityEngine.PhysicsModule
Physics_RaycastAll_m3611981381	UnityEngine.RaycastHit[] UnityEngine.Physics::RaycastAll(UnityEngine.Ray,System.Single,System.Int32,UnityEngine.QueryTriggerInteraction)	UnityEngine.PhysicsModule
Physics_RaycastAll_m3084184534	UnityEngine.RaycastHit[] UnityEngine.Physics::RaycastAll(UnityEngine.Vector3,UnityEngine.Vector3,System.Single,System.Int32,UnityEngine.QueryTriggerInteraction)	UnityEngine.PhysicsModule
Physics_RaycastAll_m2709753186	UnityEngine.RaycastHit[] UnityEngine.Physics::RaycastAll(UnityEngine.Vector3,UnityEngine.Vector3,System.Single,System.Int32)	UnityEngine.PhysicsModule
Physics_RaycastAll_m447622039	UnityEngine.RaycastHit[] UnityEngine.Physics::RaycastAll(UnityEngine.Vector3,UnityEngine.Vector3,System.Single)	UnityEngine.PhysicsModule
Physics_RaycastAll_m2266459302	UnityEngine.RaycastHit[] UnityEngine.Physics::RaycastAll(UnityEngine.Vector3,UnityEngine.Vector3)	UnityEngine.PhysicsModule
Physics_INTERNAL_CALL_RaycastAll_m1113565514	UnityEngine.RaycastHit[] UnityEngine.Physics::INTERNAL_CALL_RaycastAll(UnityEngine.Vector3&,UnityEngine.Vector3&,System.Single,System.Int32,UnityEngine.QueryTriggerInteraction)	UnityEngine.PhysicsModule
Physics_OverlapSphere_m1831955946	UnityEngine.Collider[] UnityEngine.Physics::OverlapSphere(UnityEngine.Vector3,System.Single,System.Int32)	UnityEngine.PhysicsModule
Physics_INTERNAL_CALL_OverlapSphere_m1366282712	UnityEngine.Collider[] UnityEngine.Physics::INTERNAL_CALL_OverlapSphere(UnityEngine.Vector3&,System.Single,System.Int32,UnityEngine.QueryTriggerInteraction)	UnityEngine.PhysicsModule
Physics_Internal_Raycast_m2789434453	System.Boolean UnityEngine.Physics::Internal_Raycast(UnityEngine.Vector3,UnityEngine.Vector3,UnityEngine.RaycastHit&,System.Single,System.Int32,UnityEngine.QueryTriggerInteraction)	UnityEngine.PhysicsModule
Physics_INTERNAL_CALL_Internal_Raycast_m227630749	System.Boolean UnityEngine.Physics::INTERNAL_CALL_Internal_Raycast(UnityEngine.Vector3&,UnityEngine.Vector3&,UnityEngine.RaycastHit&,System.Single,System.Int32,UnityEngine.QueryTriggerInteraction)	UnityEngine.PhysicsModule
Physics_Internal_RaycastTest_m1784372019	System.Boolean UnityEngine.Physics::Internal_RaycastTest(UnityEngine.Vector3,UnityEngine.Vector3,System.Single,System.Int32,UnityEngine.QueryTriggerInteraction)	UnityEngine.PhysicsModule
Physics_INTERNAL_CALL_Internal_RaycastTest_m1263415310	System.Boolean UnityEngine.Physics::INTERNAL_CALL_Internal_RaycastTest(UnityEngine.Vector3&,UnityEngine.Vector3&,System.Single,System.Int32,UnityEngine.QueryTriggerInteraction)	UnityEngine.PhysicsModule
RaycastHit_get_point_m2236647085_AdjustorThunk	UnityEngine.Vector3 UnityEngine.RaycastHit::get_point()	UnityEngine.PhysicsModule
RaycastHit_get_normal_m1232181746_AdjustorThunk	UnityEngine.Vector3 UnityEngine.RaycastHit::get_normal()	UnityEngine.PhysicsModule
RaycastHit_get_distance_m3727327466_AdjustorThunk	System.Single UnityEngine.RaycastHit::get_distance()	UnityEngine.PhysicsModule
RaycastHit_get_collider_m1464180279_AdjustorThunk	UnityEngine.Collider UnityEngine.RaycastHit::get_collider()	UnityEngine.PhysicsModule
Rigidbody_set_velocity_m2899403247	System.Void UnityEngine.Rigidbody::set_velocity(UnityEngine.Vector3)	UnityEngine.PhysicsModule
Rigidbody_INTERNAL_set_velocity_m931742966	System.Void UnityEngine.Rigidbody::INTERNAL_set_velocity(UnityEngine.Vector3&)	UnityEngine.PhysicsModule
Rigidbody_set_isKinematic_m1802205683	System.Void UnityEngine.Rigidbody::set_isKinematic(System.Boolean)	UnityEngine.PhysicsModule
Rigidbody_AddExplosionForce_m1708149361	System.Void UnityEngine.Rigidbody::AddExplosionForce(System.Single,UnityEngine.Vector3,System.Single)	UnityEngine.PhysicsModule
Rigidbody_INTERNAL_CALL_AddExplosionForce_m1231761721	System.Void UnityEngine.Rigidbody::INTERNAL_CALL_AddExplosionForce(UnityEngine.Rigidbody,System.Single,UnityEngine.Vector3&,System.Single,System.Single,UnityEngine.ForceMode)	UnityEngine.PhysicsModule
Rigidbody_get_position_m1712729619	UnityEngine.Vector3 UnityEngine.Rigidbody::get_position()	UnityEngine.PhysicsModule
Rigidbody_INTERNAL_get_position_m772969920	System.Void UnityEngine.Rigidbody::INTERNAL_get_position(UnityEngine.Vector3&)	UnityEngine.PhysicsModule
Rigidbody_get_rotation_m3610554181	UnityEngine.Quaternion UnityEngine.Rigidbody::get_rotation()	UnityEngine.PhysicsModule
Rigidbody_INTERNAL_get_rotation_m3216032154	System.Void UnityEngine.Rigidbody::INTERNAL_get_rotation(UnityEngine.Quaternion&)	UnityEngine.PhysicsModule
Rigidbody_MovePosition_m2109341474	System.Void UnityEngine.Rigidbody::MovePosition(UnityEngine.Vector3)	UnityEngine.PhysicsModule
Rigidbody_INTERNAL_CALL_MovePosition_m2846623079	System.Void UnityEngine.Rigidbody::INTERNAL_CALL_MovePosition(UnityEngine.Rigidbody,UnityEngine.Vector3&)	UnityEngine.PhysicsModule
Rigidbody_MoveRotation_m72717779	System.Void UnityEngine.Rigidbody::MoveRotation(UnityEngine.Quaternion)	UnityEngine.PhysicsModule
Rigidbody_INTERNAL_CALL_MoveRotation_m39867991	System.Void UnityEngine.Rigidbody::INTERNAL_CALL_MoveRotation(UnityEngine.Rigidbody,UnityEngine.Quaternion&)	UnityEngine.PhysicsModule
Canvas__ctor_m2509635467	System.Void UnityEngine.Canvas::.ctor()	UnityEngine.UIModule
Canvas_get_renderMode_m841659411	UnityEngine.RenderMode UnityEngine.Canvas::get_renderMode()	UnityEngine.UIModule
Canvas_get_isRootCanvas_m1263191473	System.Boolean UnityEngine.Canvas::get_isRootCanvas()	UnityEngine.UIModule
Canvas_get_worldCamera_m3516267897	UnityEngine.Camera UnityEngine.Canvas::get_worldCamera()	UnityEngine.UIModule
Canvas_get_scaleFactor_m3314757802	System.Single UnityEngine.Canvas::get_scaleFactor()	UnityEngine.UIModule
Canvas_set_scaleFactor_m3943377587	System.Void UnityEngine.Canvas::set_scaleFactor(System.Single)	UnityEngine.UIModule
Canvas_get_referencePixelsPerUnit_m3420541976	System.Single UnityEngine.Canvas::get_referencePixelsPerUnit()	UnityEngine.UIModule
Canvas_set_referencePixelsPerUnit_m2526332713	System.Void UnityEngine.Canvas::set_referencePixelsPerUnit(System.Single)	UnityEngine.UIModule
Canvas_get_pixelPerfect_m333060872	System.Boolean UnityEngine.Canvas::get_pixelPerfect()	UnityEngine.UIModule
Canvas_get_renderOrder_m1489855841	System.Int32 UnityEngine.Canvas::get_renderOrder()	UnityEngine.UIModule
Canvas_get_overrideSorting_m2740418462	System.Boolean UnityEngine.Canvas::get_overrideSorting()	UnityEngine.UIModule
Canvas_set_overrideSorting_m4088794420	System.Void UnityEngine.Canvas::set_overrideSorting(System.Boolean)	UnityEngine.UIModule
Canvas_get_sortingOrder_m1860900812	System.Int32 UnityEngine.Canvas::get_sortingOrder()	UnityEngine.UIModule
Canvas_set_sortingOrder_m609532562	System.Void UnityEngine.Canvas::set_sortingOrder(System.Int32)	UnityEngine.UIModule
Canvas_get_targetDisplay_m594669079	System.Int32 UnityEngine.Canvas::get_targetDisplay()	UnityEngine.UIModule
Canvas_get_sortingLayerID_m3685979122	System.Int32 UnityEngine.Canvas::get_sortingLayerID()	UnityEngine.UIModule
Canvas_set_sortingLayerID_m861680532	System.Void UnityEngine.Canvas::set_sortingLayerID(System.Int32)	UnityEngine.UIModule
Canvas_get_rootCanvas_m3165691493	UnityEngine.Canvas UnityEngine.Canvas::get_rootCanvas()	UnityEngine.UIModule
Canvas_GetDefaultCanvasMaterial_m3379307325	UnityEngine.Material UnityEngine.Canvas::GetDefaultCanvasMaterial()	UnityEngine.UIModule
Canvas_GetETC1SupportedCanvasMaterial_m112029782	UnityEngine.Material UnityEngine.Canvas::GetETC1SupportedCanvasMaterial()	UnityEngine.UIModule
Canvas_add_willRenderCanvases_m1234571137	System.Void UnityEngine.Canvas::add_willRenderCanvases(UnityEngine.Canvas/WillRenderCanvases)	UnityEngine.UIModule
Canvas_remove_willRenderCanvases_m3663577790	System.Void UnityEngine.Canvas::remove_willRenderCanvases(UnityEngine.Canvas/WillRenderCanvases)	UnityEngine.UIModule
Canvas_SendWillRenderCanvases_m4288867005	System.Void UnityEngine.Canvas::SendWillRenderCanvases()	UnityEngine.UIModule
Canvas_ForceUpdateCanvases_m3151644478	System.Void UnityEngine.Canvas::ForceUpdateCanvases()	UnityEngine.UIModule
WillRenderCanvases__ctor_m147079397	System.Void UnityEngine.Canvas/WillRenderCanvases::.ctor(System.Object,System.IntPtr)	UnityEngine.UIModule
WillRenderCanvases_Invoke_m1240663687	System.Void UnityEngine.Canvas/WillRenderCanvases::Invoke()	UnityEngine.UIModule
WillRenderCanvases_BeginInvoke_m1804779886	System.IAsyncResult UnityEngine.Canvas/WillRenderCanvases::BeginInvoke(System.AsyncCallback,System.Object)	UnityEngine.UIModule
WillRenderCanvases_EndInvoke_m164864243	System.Void UnityEngine.Canvas/WillRenderCanvases::EndInvoke(System.IAsyncResult)	UnityEngine.UIModule
CanvasGroup_get_alpha_m2918269489	System.Single UnityEngine.CanvasGroup::get_alpha()	UnityEngine.UIModule
CanvasGroup_set_alpha_m4032573	System.Void UnityEngine.CanvasGroup::set_alpha(System.Single)	UnityEngine.UIModule
CanvasGroup_get_interactable_m1362547832	System.Boolean UnityEngine.CanvasGroup::get_interactable()	UnityEngine.UIModule
CanvasGroup_get_blocksRaycasts_m1805542303	System.Boolean UnityEngine.CanvasGroup::get_blocksRaycasts()	UnityEngine.UIModule
CanvasGroup_get_ignoreParentGroups_m865591534	System.Boolean UnityEngine.CanvasGroup::get_ignoreParentGroups()	UnityEngine.UIModule
CanvasGroup_IsRaycastLocationValid_m2128397950	System.Boolean UnityEngine.CanvasGroup::IsRaycastLocationValid(UnityEngine.Vector2,UnityEngine.Camera)	UnityEngine.UIModule
CanvasRenderer_SetColor_m3072996306	System.Void UnityEngine.CanvasRenderer::SetColor(UnityEngine.Color)	UnityEngine.UIModule
CanvasRenderer_INTERNAL_CALL_SetColor_m324218710	System.Void UnityEngine.CanvasRenderer::INTERNAL_CALL_SetColor(UnityEngine.CanvasRenderer,UnityEngine.Color&)	UnityEngine.UIModule
CanvasRenderer_GetColor_m2699192164	UnityEngine.Color UnityEngine.CanvasRenderer::GetColor()	UnityEngine.UIModule
CanvasRenderer_INTERNAL_CALL_GetColor_m597074473	System.Void UnityEngine.CanvasRenderer::INTERNAL_CALL_GetColor(UnityEngine.CanvasRenderer,UnityEngine.Color&)	UnityEngine.UIModule
CanvasRenderer_EnableRectClipping_m3229830510	System.Void UnityEngine.CanvasRenderer::EnableRectClipping(UnityEngine.Rect)	UnityEngine.UIModule
CanvasRenderer_INTERNAL_CALL_EnableRectClipping_m3318097918	System.Void UnityEngine.CanvasRenderer::INTERNAL_CALL_EnableRectClipping(UnityEngine.CanvasRenderer,UnityEngine.Rect&)	UnityEngine.UIModule
CanvasRenderer_DisableRectClipping_m56522661	System.Void UnityEngine.CanvasRenderer::DisableRectClipping()	UnityEngine.UIModule
CanvasRenderer_set_hasPopInstruction_m888468686	System.Void UnityEngine.CanvasRenderer::set_hasPopInstruction(System.Boolean)	UnityEngine.UIModule
CanvasRenderer_get_materialCount_m2162898709	System.Int32 UnityEngine.CanvasRenderer::get_materialCount()	UnityEngine.UIModule
CanvasRenderer_set_materialCount_m4286588063	System.Void UnityEngine.CanvasRenderer::set_materialCount(System.Int32)	UnityEngine.UIModule
CanvasRenderer_SetMaterial_m824577244	System.Void UnityEngine.CanvasRenderer::SetMaterial(UnityEngine.Material,System.Int32)	UnityEngine.UIModule
CanvasRenderer_SetMaterial_m633746949	System.Void UnityEngine.CanvasRenderer::SetMaterial(UnityEngine.Material,UnityEngine.Texture)	UnityEngine.UIModule
CanvasRenderer_set_popMaterialCount_m1224846275	System.Void UnityEngine.CanvasRenderer::set_popMaterialCount(System.Int32)	UnityEngine.UIModule
CanvasRenderer_SetPopMaterial_m2720611463	System.Void UnityEngine.CanvasRenderer::SetPopMaterial(UnityEngine.Material,System.Int32)	UnityEngine.UIModule
CanvasRenderer_SetTexture_m1600559835	System.Void UnityEngine.CanvasRenderer::SetTexture(UnityEngine.Texture)	UnityEngine.UIModule
CanvasRenderer_SetAlphaTexture_m2009567627	System.Void UnityEngine.CanvasRenderer::SetAlphaTexture(UnityEngine.Texture)	UnityEngine.UIModule
CanvasRenderer_SetMesh_m769025979	System.Void UnityEngine.CanvasRenderer::SetMesh(UnityEngine.Mesh)	UnityEngine.UIModule
CanvasRenderer_Clear_m1522820210	System.Void UnityEngine.CanvasRenderer::Clear()	UnityEngine.UIModule
CanvasRenderer_SplitUIVertexStreams_m2753637362	System.Void UnityEngine.CanvasRenderer::SplitUIVertexStreams(System.Collections.Generic.List`1<UnityEngine.UIVertex>,System.Collections.Generic.List`1<UnityEngine.Vector3>,System.Collections.Generic.List`1<UnityEngine.Color32>,System.Collections.Generic.List`1<UnityEngine.Vector2>,System.Collections.Generic.List`1<UnityEngine.Vector2>,System.Collections.Generic.List`1<UnityEngine.Vector2>,System.Collections.Generic.List`1<UnityEngine.Vector2>,System.Collections.Generic.List`1<UnityEngine.Vector3>,System.Collections.Generic.List`1<UnityEngine.Vector4>,System.Collections.Generic.List`1<System.Int32>)	UnityEngine.UIModule
CanvasRenderer_SplitUIVertexStreamsInternal_m3280623346	System.Void UnityEngine.CanvasRenderer::SplitUIVertexStreamsInternal(System.Object,System.Object,System.Object,System.Object,System.Object,System.Object,System.Object,System.Object,System.Object)	UnityEngine.UIModule
CanvasRenderer_SplitIndicesStreamsInternal_m2851933301	System.Void UnityEngine.CanvasRenderer::SplitIndicesStreamsInternal(System.Object,System.Object)	UnityEngine.UIModule
CanvasRenderer_CreateUIVertexStream_m2424310831	System.Void UnityEngine.CanvasRenderer::CreateUIVertexStream(System.Collections.Generic.List`1<UnityEngine.UIVertex>,System.Collections.Generic.List`1<UnityEngine.Vector3>,System.Collections.Generic.List`1<UnityEngine.Color32>,System.Collections.Generic.List`1<UnityEngine.Vector2>,System.Collections.Generic.List`1<UnityEngine.Vector2>,System.Collections.Generic.List`1<UnityEngine.Vector2>,System.Collections.Generic.List`1<UnityEngine.Vector2>,System.Collections.Generic.List`1<UnityEngine.Vector3>,System.Collections.Generic.List`1<UnityEngine.Vector4>,System.Collections.Generic.List`1<System.Int32>)	UnityEngine.UIModule
CanvasRenderer_CreateUIVertexStreamInternal_m543814397	System.Void UnityEngine.CanvasRenderer::CreateUIVertexStreamInternal(System.Object,System.Object,System.Object,System.Object,System.Object,System.Object,System.Object,System.Object,System.Object,System.Object)	UnityEngine.UIModule
CanvasRenderer_AddUIVertexStream_m1208603572	System.Void UnityEngine.CanvasRenderer::AddUIVertexStream(System.Collections.Generic.List`1<UnityEngine.UIVertex>,System.Collections.Generic.List`1<UnityEngine.Vector3>,System.Collections.Generic.List`1<UnityEngine.Color32>,System.Collections.Generic.List`1<UnityEngine.Vector2>,System.Collections.Generic.List`1<UnityEngine.Vector2>,System.Collections.Generic.List`1<UnityEngine.Vector2>,System.Collections.Generic.List`1<UnityEngine.Vector2>,System.Collections.Generic.List`1<UnityEngine.Vector3>,System.Collections.Generic.List`1<UnityEngine.Vector4>)	UnityEngine.UIModule
CanvasRenderer_get_cull_m2436587240	System.Boolean UnityEngine.CanvasRenderer::get_cull()	UnityEngine.UIModule
CanvasRenderer_set_cull_m4222419074	System.Void UnityEngine.CanvasRenderer::set_cull(System.Boolean)	UnityEngine.UIModule
CanvasRenderer_get_absoluteDepth_m2703237819	System.Int32 UnityEngine.CanvasRenderer::get_absoluteDepth()	UnityEngine.UIModule
CanvasRenderer_get_hasMoved_m2236392341	System.Boolean UnityEngine.CanvasRenderer::get_hasMoved()	UnityEngine.UIModule
RectTransformUtility_RectangleContainsScreenPoint_m4031431712	System.Boolean UnityEngine.RectTransformUtility::RectangleContainsScreenPoint(UnityEngine.RectTransform,UnityEngine.Vector2,UnityEngine.Camera)	UnityEngine.UIModule
RectTransformUtility_INTERNAL_CALL_RectangleContainsScreenPoint_m1214874141	System.Boolean UnityEngine.RectTransformUtility::INTERNAL_CALL_RectangleContainsScreenPoint(UnityEngine.RectTransform,UnityEngine.Vector2&,UnityEngine.Camera)	UnityEngine.UIModule
RectTransformUtility_PixelAdjustPoint_m1850521440	UnityEngine.Vector2 UnityEngine.RectTransformUtility::PixelAdjustPoint(UnityEngine.Vector2,UnityEngine.Transform,UnityEngine.Canvas)	UnityEngine.UIModule
RectTransformUtility_INTERNAL_CALL_PixelAdjustPoint_m1064459754	System.Void UnityEngine.RectTransformUtility::INTERNAL_CALL_PixelAdjustPoint(UnityEngine.Vector2&,UnityEngine.Transform,UnityEngine.Canvas,UnityEngine.Vector2&)	UnityEngine.UIModule
RectTransformUtility_PixelAdjustRect_m1716244231	UnityEngine.Rect UnityEngine.RectTransformUtility::PixelAdjustRect(UnityEngine.RectTransform,UnityEngine.Canvas)	UnityEngine.UIModule
RectTransformUtility_INTERNAL_CALL_PixelAdjustRect_m740389236	System.Void UnityEngine.RectTransformUtility::INTERNAL_CALL_PixelAdjustRect(UnityEngine.RectTransform,UnityEngine.Canvas,UnityEngine.Rect&)	UnityEngine.UIModule
RectTransformUtility_ScreenPointToWorldPointInRectangle_m1761902807	System.Boolean UnityEngine.RectTransformUtility::ScreenPointToWorldPointInRectangle(UnityEngine.RectTransform,UnityEngine.Vector2,UnityEngine.Camera,UnityEngine.Vector3&)	UnityEngine.UIModule
RectTransformUtility_ScreenPointToLocalPointInRectangle_m2327269187	System.Boolean UnityEngine.RectTransformUtility::ScreenPointToLocalPointInRectangle(UnityEngine.RectTransform,UnityEngine.Vector2,UnityEngine.Camera,UnityEngine.Vector2&)	UnityEngine.UIModule
RectTransformUtility_ScreenPointToRay_m85042072	UnityEngine.Ray UnityEngine.RectTransformUtility::ScreenPointToRay(UnityEngine.Camera,UnityEngine.Vector2)	UnityEngine.UIModule
RectTransformUtility_FlipLayoutOnAxis_m2606646065	System.Void UnityEngine.RectTransformUtility::FlipLayoutOnAxis(UnityEngine.RectTransform,System.Int32,System.Boolean,System.Boolean)	UnityEngine.UIModule
RectTransformUtility_FlipLayoutAxes_m2526204952	System.Void UnityEngine.RectTransformUtility::FlipLayoutAxes(UnityEngine.RectTransform,System.Boolean,System.Boolean)	UnityEngine.UIModule
RectTransformUtility_GetTransposed_m3952754222	UnityEngine.Vector2 UnityEngine.RectTransformUtility::GetTransposed(UnityEngine.Vector2)	UnityEngine.UIModule
RectTransformUtility__cctor_m1529820864	System.Void UnityEngine.RectTransformUtility::.cctor()	UnityEngine.UIModule
UISystemProfilerApi_BeginSample_m3272505833	System.Void UnityEngine.UISystemProfilerApi::BeginSample(UnityEngine.UISystemProfilerApi/SampleType)	UnityEngine.UIModule
UISystemProfilerApi_EndSample_m3294865474	System.Void UnityEngine.UISystemProfilerApi::EndSample(UnityEngine.UISystemProfilerApi/SampleType)	UnityEngine.UIModule
UISystemProfilerApi_AddMarker_m495483138	System.Void UnityEngine.UISystemProfilerApi::AddMarker(System.String,UnityEngine.Object)	UnityEngine.UIModule
AnalyticsSessionInfo_CallSessionStateChanged_m2615824008	System.Void UnityEngine.Analytics.AnalyticsSessionInfo::CallSessionStateChanged(UnityEngine.Analytics.AnalyticsSessionState,System.Int64,System.Int64,System.Boolean)	UnityEngine.UnityConnectModule
SessionStateChanged__ctor_m650210272	System.Void UnityEngine.Analytics.AnalyticsSessionInfo/SessionStateChanged::.ctor(System.Object,System.IntPtr)	UnityEngine.UnityConnectModule
SessionStateChanged_Invoke_m1365949269	System.Void UnityEngine.Analytics.AnalyticsSessionInfo/SessionStateChanged::Invoke(UnityEngine.Analytics.AnalyticsSessionState,System.Int64,System.Int64,System.Boolean)	UnityEngine.UnityConnectModule
SessionStateChanged_BeginInvoke_m3061271511	System.IAsyncResult UnityEngine.Analytics.AnalyticsSessionInfo/SessionStateChanged::BeginInvoke(UnityEngine.Analytics.AnalyticsSessionState,System.Int64,System.Int64,System.Boolean,System.AsyncCallback,System.Object)	UnityEngine.UnityConnectModule
SessionStateChanged_EndInvoke_m3128001178	System.Void UnityEngine.Analytics.AnalyticsSessionInfo/SessionStateChanged::EndInvoke(System.IAsyncResult)	UnityEngine.UnityConnectModule
RemoteSettings_CallOnUpdate_m2821567430	System.Void UnityEngine.RemoteSettings::CallOnUpdate()	UnityEngine.UnityConnectModule
UpdatedEventHandler__ctor_m1004406089	System.Void UnityEngine.RemoteSettings/UpdatedEventHandler::.ctor(System.Object,System.IntPtr)	UnityEngine.UnityConnectModule
UpdatedEventHandler_Invoke_m1320302085	System.Void UnityEngine.RemoteSettings/UpdatedEventHandler::Invoke()	UnityEngine.UnityConnectModule
UpdatedEventHandler_BeginInvoke_m1792117005	System.IAsyncResult UnityEngine.RemoteSettings/UpdatedEventHandler::BeginInvoke(System.AsyncCallback,System.Object)	UnityEngine.UnityConnectModule
UpdatedEventHandler_EndInvoke_m3937028961	System.Void UnityEngine.RemoteSettings/UpdatedEventHandler::EndInvoke(System.IAsyncResult)	UnityEngine.UnityConnectModule
WebRequestUtils_RedirectTo_m55747000	System.String UnityEngineInternal.WebRequestUtils::RedirectTo(System.String,System.String)	UnityEngine.UnityWebRequestModule
WebRequestUtils__cctor_m4190982137	System.Void UnityEngineInternal.WebRequestUtils::.cctor()	UnityEngine.UnityWebRequestModule
AbstractEventData__ctor_m2094677034	System.Void UnityEngine.EventSystems.AbstractEventData::.ctor()	UnityEngine.UI
AbstractEventData_Reset_m2321187134	System.Void UnityEngine.EventSystems.AbstractEventData::Reset()	UnityEngine.UI
AbstractEventData_Use_m3777213589	System.Void UnityEngine.EventSystems.AbstractEventData::Use()	UnityEngine.UI
AbstractEventData_get_used_m2991176710	System.Boolean UnityEngine.EventSystems.AbstractEventData::get_used()	UnityEngine.UI
AxisEventData__ctor_m114307781	System.Void UnityEngine.EventSystems.AxisEventData::.ctor(UnityEngine.EventSystems.EventSystem)	UnityEngine.UI
AxisEventData_get_moveVector_m270528189	UnityEngine.Vector2 UnityEngine.EventSystems.AxisEventData::get_moveVector()	UnityEngine.UI
AxisEventData_set_moveVector_m2673941879	System.Void UnityEngine.EventSystems.AxisEventData::set_moveVector(UnityEngine.Vector2)	UnityEngine.UI
AxisEventData_get_moveDir_m2423724085	UnityEngine.EventSystems.MoveDirection UnityEngine.EventSystems.AxisEventData::get_moveDir()	UnityEngine.UI
AxisEventData_set_moveDir_m2388688169	System.Void UnityEngine.EventSystems.AxisEventData::set_moveDir(UnityEngine.EventSystems.MoveDirection)	UnityEngine.UI
BaseEventData__ctor_m1299776920	System.Void UnityEngine.EventSystems.BaseEventData::.ctor(UnityEngine.EventSystems.EventSystem)	UnityEngine.UI
BaseEventData_get_currentInputModule_m3644646622	UnityEngine.EventSystems.BaseInputModule UnityEngine.EventSystems.BaseEventData::get_currentInputModule()	UnityEngine.UI
BaseEventData_get_selectedObject_m1342046069	UnityEngine.GameObject UnityEngine.EventSystems.BaseEventData::get_selectedObject()	UnityEngine.UI
BaseEventData_set_selectedObject_m1456148497	System.Void UnityEngine.EventSystems.BaseEventData::set_selectedObject(UnityEngine.GameObject)	UnityEngine.UI
BaseInput__ctor_m372566135	System.Void UnityEngine.EventSystems.BaseInput::.ctor()	UnityEngine.UI
BaseInput_get_compositionString_m1887614380	System.String UnityEngine.EventSystems.BaseInput::get_compositionString()	UnityEngine.UI
BaseInput_get_imeCompositionMode_m2427592916	UnityEngine.IMECompositionMode UnityEngine.EventSystems.BaseInput::get_imeCompositionMode()	UnityEngine.UI
BaseInput_set_imeCompositionMode_m4200887391	System.Void UnityEngine.EventSystems.BaseInput::set_imeCompositionMode(UnityEngine.IMECompositionMode)	UnityEngine.UI
BaseInput_get_compositionCursorPos_m2836042364	UnityEngine.Vector2 UnityEngine.EventSystems.BaseInput::get_compositionCursorPos()	UnityEngine.UI
BaseInput_set_compositionCursorPos_m2906467044	System.Void UnityEngine.EventSystems.BaseInput::set_compositionCursorPos(UnityEngine.Vector2)	UnityEngine.UI
BaseInput_get_mousePresent_m998048917	System.Boolean UnityEngine.EventSystems.BaseInput::get_mousePresent()	UnityEngine.UI
BaseInput_GetMouseButtonDown_m1318884233	System.Boolean UnityEngine.EventSystems.BaseInput::GetMouseButtonDown(System.Int32)	UnityEngine.UI
BaseInput_GetMouseButtonUp_m4080859133	System.Boolean UnityEngine.EventSystems.BaseInput::GetMouseButtonUp(System.Int32)	UnityEngine.UI
BaseInput_GetMouseButton_m3317421046	System.Boolean UnityEngine.EventSystems.BaseInput::GetMouseButton(System.Int32)	UnityEngine.UI
BaseInput_get_mousePosition_m2389607967	UnityEngine.Vector2 UnityEngine.EventSystems.BaseInput::get_mousePosition()	UnityEngine.UI
BaseInput_get_mouseScrollDelta_m3541512408	UnityEngine.Vector2 UnityEngine.EventSystems.BaseInput::get_mouseScrollDelta()	UnityEngine.UI
BaseInput_get_touchSupported_m2634027966	System.Boolean UnityEngine.EventSystems.BaseInput::get_touchSupported()	UnityEngine.UI
BaseInput_get_touchCount_m1263753282	System.Int32 UnityEngine.EventSystems.BaseInput::get_touchCount()	UnityEngine.UI
BaseInput_GetTouch_m607375096	UnityEngine.Touch UnityEngine.EventSystems.BaseInput::GetTouch(System.Int32)	UnityEngine.UI
BaseInput_GetAxisRaw_m706550436	System.Single UnityEngine.EventSystems.BaseInput::GetAxisRaw(System.String)	UnityEngine.UI
BaseInput_GetButtonDown_m3789908809	System.Boolean UnityEngine.EventSystems.BaseInput::GetButtonDown(System.String)	UnityEngine.UI
BaseInputModule__ctor_m545527485	System.Void UnityEngine.EventSystems.BaseInputModule::.ctor()	UnityEngine.UI
BaseInputModule_get_input_m3047389608	UnityEngine.EventSystems.BaseInput UnityEngine.EventSystems.BaseInputModule::get_input()	UnityEngine.UI
BaseInputModule_get_eventSystem_m1212899053	UnityEngine.EventSystems.EventSystem UnityEngine.EventSystems.BaseInputModule::get_eventSystem()	UnityEngine.UI
BaseInputModule_OnEnable_m3148190187	System.Void UnityEngine.EventSystems.BaseInputModule::OnEnable()	UnityEngine.UI
BaseInputModule_OnDisable_m1209794023	System.Void UnityEngine.EventSystems.BaseInputModule::OnDisable()	UnityEngine.UI
BaseInputModule_FindFirstRaycast_m4278335766	UnityEngine.EventSystems.RaycastResult UnityEngine.EventSystems.BaseInputModule::FindFirstRaycast(System.Collections.Generic.List`1<UnityEngine.EventSystems.RaycastResult>)	UnityEngine.UI
BaseInputModule_DetermineMoveDirection_m801395845	UnityEngine.EventSystems.MoveDirection UnityEngine.EventSystems.BaseInputModule::DetermineMoveDirection(System.Single,System.Single)	UnityEngine.UI
BaseInputModule_DetermineMoveDirection_m770437496	UnityEngine.EventSystems.MoveDirection UnityEngine.EventSystems.BaseInputModule::DetermineMoveDirection(System.Single,System.Single,System.Single)	UnityEngine.UI
BaseInputModule_FindCommonRoot_m2130760114	UnityEngine.GameObject UnityEngine.EventSystems.BaseInputModule::FindCommonRoot(UnityEngine.GameObject,UnityEngine.GameObject)	UnityEngine.UI
BaseInputModule_HandlePointerExitAndEnter_m1705532066	System.Void UnityEngine.EventSystems.BaseInputModule::HandlePointerExitAndEnter(UnityEngine.EventSystems.PointerEventData,UnityEngine.GameObject)	UnityEngine.UI
BaseInputModule_GetAxisEventData_m2507705762	UnityEngine.EventSystems.AxisEventData UnityEngine.EventSystems.BaseInputModule::GetAxisEventData(System.Single,System.Single,System.Single)	UnityEngine.UI
BaseInputModule_GetBaseEventData_m1053912396	UnityEngine.EventSystems.BaseEventData UnityEngine.EventSystems.BaseInputModule::GetBaseEventData()	UnityEngine.UI
BaseInputModule_IsPointerOverGameObject_m2852735028	System.Boolean UnityEngine.EventSystems.BaseInputModule::IsPointerOverGameObject(System.Int32)	UnityEngine.UI
BaseInputModule_ShouldActivateModule_m2157062110	System.Boolean UnityEngine.EventSystems.BaseInputModule::ShouldActivateModule()	UnityEngine.UI
BaseInputModule_DeactivateModule_m856719157	System.Void UnityEngine.EventSystems.BaseInputModule::DeactivateModule()	UnityEngine.UI
BaseInputModule_ActivateModule_m3336241442	System.Void UnityEngine.EventSystems.BaseInputModule::ActivateModule()	UnityEngine.UI
BaseInputModule_UpdateModule_m2650815547	System.Void UnityEngine.EventSystems.BaseInputModule::UpdateModule()	UnityEngine.UI
BaseInputModule_IsModuleSupported_m2291476567	System.Boolean UnityEngine.EventSystems.BaseInputModule::IsModuleSupported()	UnityEngine.UI
BaseRaycaster__ctor_m3020217167	System.Void UnityEngine.EventSystems.BaseRaycaster::.ctor()	UnityEngine.UI
BaseRaycaster_get_priority_m546333624	System.Int32 UnityEngine.EventSystems.BaseRaycaster::get_priority()	UnityEngine.UI
BaseRaycaster_get_sortOrderPriority_m1324156528	System.Int32 UnityEngine.EventSystems.BaseRaycaster::get_sortOrderPriority()	UnityEngine.UI
BaseRaycaster_get_renderOrderPriority_m1110184610	System.Int32 UnityEngine.EventSystems.BaseRaycaster::get_renderOrderPriority()	UnityEngine.UI
BaseRaycaster_ToString_m2535186737	System.String UnityEngine.EventSystems.BaseRaycaster::ToString()	UnityEngine.UI
BaseRaycaster_OnEnable_m2678466030	System.Void UnityEngine.EventSystems.BaseRaycaster::OnEnable()	UnityEngine.UI
BaseRaycaster_OnDisable_m3269055484	System.Void UnityEngine.EventSystems.BaseRaycaster::OnDisable()	UnityEngine.UI
EventSystem__ctor_m3949471879	System.Void UnityEngine.EventSystems.EventSystem::.ctor()	UnityEngine.UI
EventSystem_get_current_m1416377559	UnityEngine.EventSystems.EventSystem UnityEngine.EventSystems.EventSystem::get_current()	UnityEngine.UI
EventSystem_set_current_m38955169	System.Void UnityEngine.EventSystems.EventSystem::set_current(UnityEngine.EventSystems.EventSystem)	UnityEngine.UI
EventSystem_get_sendNavigationEvents_m1703635420	System.Boolean UnityEngine.EventSystems.EventSystem::get_sendNavigationEvents()	UnityEngine.UI
EventSystem_set_sendNavigationEvents_m983981895	System.Void UnityEngine.EventSystems.EventSystem::set_sendNavigationEvents(System.Boolean)	UnityEngine.UI
EventSystem_get_pixelDragThreshold_m1103650852	System.Int32 UnityEngine.EventSystems.EventSystem::get_pixelDragThreshold()	UnityEngine.UI
EventSystem_set_pixelDragThreshold_m890385646	System.Void UnityEngine.EventSystems.EventSystem::set_pixelDragThreshold(System.Int32)	UnityEngine.UI
EventSystem_get_currentInputModule_m1630316857	UnityEngine.EventSystems.BaseInputModule UnityEngine.EventSystems.EventSystem::get_currentInputModule()	UnityEngine.UI
EventSystem_get_firstSelectedGameObject_m1576206896	UnityEngine.GameObject UnityEngine.EventSystems.EventSystem::get_firstSelectedGameObject()	UnityEngine.UI
EventSystem_set_firstSelectedGameObject_m2693899683	System.Void UnityEngine.EventSystems.EventSystem::set_firstSelectedGameObject(UnityEngine.GameObject)	UnityEngine.UI
EventSystem_get_currentSelectedGameObject_m2939274948	UnityEngine.GameObject UnityEngine.EventSystems.EventSystem::get_currentSelectedGameObject()	UnityEngine.UI
EventSystem_get_lastSelectedGameObject_m712659208	UnityEngine.GameObject UnityEngine.EventSystems.EventSystem::get_lastSelectedGameObject()	UnityEngine.UI
EventSystem_get_isFocused_m1076721006	System.Boolean UnityEngine.EventSystems.EventSystem::get_isFocused()	UnityEngine.UI
EventSystem_UpdateModules_m3643806022	System.Void UnityEngine.EventSystems.EventSystem::UpdateModules()	UnityEngine.UI
EventSystem_get_alreadySelecting_m2187738478	System.Boolean UnityEngine.EventSystems.EventSystem::get_alreadySelecting()	UnityEngine.UI
EventSystem_SetSelectedGameObject_m3267446555	System.Void UnityEngine.EventSystems.EventSystem::SetSelectedGameObject(UnityEngine.GameObject,UnityEngine.EventSystems.BaseEventData)	UnityEngine.UI
EventSystem_get_baseEventDataCache_m3355234079	UnityEngine.EventSystems.BaseEventData UnityEngine.EventSystems.EventSystem::get_baseEventDataCache()	UnityEngine.UI
EventSystem_SetSelectedGameObject_m2232337908	System.Void UnityEngine.EventSystems.EventSystem::SetSelectedGameObject(UnityEngine.GameObject)	UnityEngine.UI
EventSystem_RaycastComparer_m3685368675	System.Int32 UnityEngine.EventSystems.EventSystem::RaycastComparer(UnityEngine.EventSystems.RaycastResult,UnityEngine.EventSystems.RaycastResult)	UnityEngine.UI
EventSystem_RaycastAll_m523788254	System.Void UnityEngine.EventSystems.EventSystem::RaycastAll(UnityEngine.EventSystems.PointerEventData,System.Collections.Generic.List`1<UnityEngine.EventSystems.RaycastResult>)	UnityEngine.UI
EventSystem_IsPointerOverGameObject_m1911785875	System.Boolean UnityEngine.EventSystems.EventSystem::IsPointerOverGameObject()	UnityEngine.UI
EventSystem_IsPointerOverGameObject_m301566329	System.Boolean UnityEngine.EventSystems.EventSystem::IsPointerOverGameObject(System.Int32)	UnityEngine.UI
EventSystem_OnEnable_m3237278246	System.Void UnityEngine.EventSystems.EventSystem::OnEnable()	UnityEngine.UI
EventSystem_OnDisable_m3820258344	System.Void UnityEngine.EventSystems.EventSystem::OnDisable()	UnityEngine.UI
EventSystem_TickModules_m1821462841	System.Void UnityEngine.EventSystems.EventSystem::TickModules()	UnityEngine.UI
EventSystem_OnApplicationFocus_m1035182001	System.Void UnityEngine.EventSystems.EventSystem::OnApplicationFocus(System.Boolean)	UnityEngine.UI
EventSystem_Update_m1662072334	System.Void UnityEngine.EventSystems.EventSystem::Update()	UnityEngine.UI
EventSystem_ChangeEventModule_m2498557825	System.Void UnityEngine.EventSystems.EventSystem::ChangeEventModule(UnityEngine.EventSystems.BaseInputModule)	UnityEngine.UI
EventSystem_ToString_m3779610692	System.String UnityEngine.EventSystems.EventSystem::ToString()	UnityEngine.UI
EventSystem__cctor_m659510393	System.Void UnityEngine.EventSystems.EventSystem::.cctor()	UnityEngine.UI
EventTrigger__ctor_m4178741950	System.Void UnityEngine.EventSystems.EventTrigger::.ctor()	UnityEngine.UI
EventTrigger_get_triggers_m968087715	System.Collections.Generic.List`1<UnityEngine.EventSystems.EventTrigger/Entry> UnityEngine.EventSystems.EventTrigger::get_triggers()	UnityEngine.UI
EventTrigger_set_triggers_m2231347435	System.Void UnityEngine.EventSystems.EventTrigger::set_triggers(System.Collections.Generic.List`1<UnityEngine.EventSystems.EventTrigger/Entry>)	UnityEngine.UI
EventTrigger_Execute_m2453060771	System.Void UnityEngine.EventSystems.EventTrigger::Execute(UnityEngine.EventSystems.EventTriggerType,UnityEngine.EventSystems.BaseEventData)	UnityEngine.UI
EventTrigger_OnPointerEnter_m986348926	System.Void UnityEngine.EventSystems.EventTrigger::OnPointerEnter(UnityEngine.EventSystems.PointerEventData)	UnityEngine.UI
EventTrigger_OnPointerExit_m275402952	System.Void UnityEngine.EventSystems.EventTrigger::OnPointerExit(UnityEngine.EventSystems.PointerEventData)	UnityEngine.UI
EventTrigger_OnDrag_m4080953819	System.Void UnityEngine.EventSystems.EventTrigger::OnDrag(UnityEngine.EventSystems.PointerEventData)	UnityEngine.UI
EventTrigger_OnDrop_m2546134332	System.Void UnityEngine.EventSystems.EventTrigger::OnDrop(UnityEngine.EventSystems.PointerEventData)	UnityEngine.UI
EventTrigger_OnPointerDown_m303405860	System.Void UnityEngine.EventSystems.EventTrigger::OnPointerDown(UnityEngine.EventSystems.PointerEventData)	UnityEngine.UI
EventTrigger_OnPointerUp_m2785851934	System.Void UnityEngine.EventSystems.EventTrigger::OnPointerUp(UnityEngine.EventSystems.PointerEventData)	UnityEngine.UI
EventTrigger_OnPointerClick_m1385968891	System.Void UnityEngine.EventSystems.EventTrigger::OnPointerClick(UnityEngine.EventSystems.PointerEventData)	UnityEngine.UI
EventTrigger_OnSelect_m461832639	System.Void UnityEngine.EventSystems.EventTrigger::OnSelect(UnityEngine.EventSystems.BaseEventData)	UnityEngine.UI
EventTrigger_OnDeselect_m1919608102	System.Void UnityEngine.EventSystems.EventTrigger::OnDeselect(UnityEngine.EventSystems.BaseEventData)	UnityEngine.UI
EventTrigger_OnScroll_m1105023111	System.Void UnityEngine.EventSystems.EventTrigger::OnScroll(UnityEngine.EventSystems.PointerEventData)	UnityEngine.UI
EventTrigger_OnMove_m2761097708	System.Void UnityEngine.EventSystems.EventTrigger::OnMove(UnityEngine.EventSystems.AxisEventData)	UnityEngine.UI
EventTrigger_OnUpdateSelected_m3321513786	System.Void UnityEngine.EventSystems.EventTrigger::OnUpdateSelected(UnityEngine.EventSystems.BaseEventData)	UnityEngine.UI
EventTrigger_OnInitializePotentialDrag_m2172162368	System.Void UnityEngine.EventSystems.EventTrigger::OnInitializePotentialDrag(UnityEngine.EventSystems.PointerEventData)	UnityEngine.UI
EventTrigger_OnBeginDrag_m4203438710	System.Void UnityEngine.EventSystems.EventTrigger::OnBeginDrag(UnityEngine.EventSystems.PointerEventData)	UnityEngine.UI
EventTrigger_OnEndDrag_m2695180365	System.Void UnityEngine.EventSystems.EventTrigger::OnEndDrag(UnityEngine.EventSystems.PointerEventData)	UnityEngine.UI
EventTrigger_OnSubmit_m1653902519	System.Void UnityEngine.EventSystems.EventTrigger::OnSubmit(UnityEngine.EventSystems.BaseEventData)	UnityEngine.UI
EventTrigger_OnCancel_m585099428	System.Void UnityEngine.EventSystems.EventTrigger::OnCancel(UnityEngine.EventSystems.BaseEventData)	UnityEngine.UI
Entry__ctor_m2653221409	System.Void UnityEngine.EventSystems.EventTrigger/Entry::.ctor()	UnityEngine.UI
TriggerEvent__ctor_m87299207	System.Void UnityEngine.EventSystems.EventTrigger/TriggerEvent::.ctor()	UnityEngine.UI
ExecuteEvents_Execute_m1546133873	System.Void UnityEngine.EventSystems.ExecuteEvents::Execute(UnityEngine.EventSystems.IPointerEnterHandler,UnityEngine.EventSystems.BaseEventData)	UnityEngine.UI
ExecuteEvents_Execute_m3049310229	System.Void UnityEngine.EventSystems.ExecuteEvents::Execute(UnityEngine.EventSystems.IPointerExitHandler,UnityEngine.EventSystems.BaseEventData)	UnityEngine.UI
ExecuteEvents_Execute_m1185511561	System.Void UnityEngine.EventSystems.ExecuteEvents::Execute(UnityEngine.EventSystems.IPointerDownHandler,UnityEngine.EventSystems.BaseEventData)	UnityEngine.UI
ExecuteEvents_Execute_m3952332304	System.Void UnityEngine.EventSystems.ExecuteEvents::Execute(UnityEngine.EventSystems.IPointerUpHandler,UnityEngine.EventSystems.BaseEventData)	UnityEngine.UI
ExecuteEvents_Execute_m3613826831	System.Void UnityEngine.EventSystems.ExecuteEvents::Execute(UnityEngine.EventSystems.IPointerClickHandler,UnityEngine.EventSystems.BaseEventData)	UnityEngine.UI
ExecuteEvents_Execute_m1493894620	System.Void UnityEngine.EventSystems.ExecuteEvents::Execute(UnityEngine.EventSystems.IInitializePotentialDragHandler,UnityEngine.EventSystems.BaseEventData)	UnityEngine.UI
ExecuteEvents_Execute_m3445413961	System.Void UnityEngine.EventSystems.ExecuteEvents::Execute(UnityEngine.EventSystems.IBeginDragHandler,UnityEngine.EventSystems.BaseEventData)	UnityEngine.UI
ExecuteEvents_Execute_m1324264331	System.Void UnityEngine.EventSystems.ExecuteEvents::Execute(UnityEngine.EventSystems.IDragHandler,UnityEngine.EventSystems.BaseEventData)	UnityEngine.UI
ExecuteEvents_Execute_m4243909891	System.Void UnityEngine.EventSystems.ExecuteEvents::Execute(UnityEngine.EventSystems.IEndDragHandler,UnityEngine.EventSystems.BaseEventData)	UnityEngine.UI
ExecuteEvents_Execute_m609912907	System.Void UnityEngine.EventSystems.ExecuteEvents::Execute(UnityEngine.EventSystems.IDropHandler,UnityEngine.EventSystems.BaseEventData)	UnityEngine.UI
ExecuteEvents_Execute_m403325123	System.Void UnityEngine.EventSystems.ExecuteEvents::Execute(UnityEngine.EventSystems.IScrollHandler,UnityEngine.EventSystems.BaseEventData)	UnityEngine.UI
ExecuteEvents_Execute_m996574681	System.Void UnityEngine.EventSystems.ExecuteEvents::Execute(UnityEngine.EventSystems.IUpdateSelectedHandler,UnityEngine.EventSystems.BaseEventData)	UnityEngine.UI
ExecuteEvents_Execute_m2975249514	System.Void UnityEngine.EventSystems.ExecuteEvents::Execute(UnityEngine.EventSystems.ISelectHandler,UnityEngine.EventSystems.BaseEventData)	UnityEngine.UI
ExecuteEvents_Execute_m113814934	System.Void UnityEngine.EventSystems.ExecuteEvents::Execute(UnityEngine.EventSystems.IDeselectHandler,UnityEngine.EventSystems.BaseEventData)	UnityEngine.UI
ExecuteEvents_Execute_m1178111212	System.Void UnityEngine.EventSystems.ExecuteEvents::Execute(UnityEngine.EventSystems.IMoveHandler,UnityEngine.EventSystems.BaseEventData)	UnityEngine.UI
ExecuteEvents_Execute_m3936726821	System.Void UnityEngine.EventSystems.ExecuteEvents::Execute(UnityEngine.EventSystems.ISubmitHandler,UnityEngine.EventSystems.BaseEventData)	UnityEngine.UI
ExecuteEvents_Execute_m533210008	System.Void UnityEngine.EventSystems.ExecuteEvents::Execute(UnityEngine.EventSystems.ICancelHandler,UnityEngine.EventSystems.BaseEventData)	UnityEngine.UI
ExecuteEvents_get_pointerEnterHandler_m1185301724	UnityEngine.EventSystems.ExecuteEvents/EventFunction`1<UnityEngine.EventSystems.IPointerEnterHandler> UnityEngine.EventSystems.ExecuteEvents::get_pointerEnterHandler()	UnityEngine.UI
ExecuteEvents_get_pointerExitHandler_m659239743	UnityEngine.EventSystems.ExecuteEvents/EventFunction`1<UnityEngine.EventSystems.IPointerExitHandler> UnityEngine.EventSystems.ExecuteEvents::get_pointerExitHandler()	UnityEngine.UI
ExecuteEvents_get_pointerDownHandler_m1022108370	UnityEngine.EventSystems.ExecuteEvents/EventFunction`1<UnityEngine.EventSystems.IPointerDownHandler> UnityEngine.EventSystems.ExecuteEvents::get_pointerDownHandler()	UnityEngine.UI
ExecuteEvents_get_pointerUpHandler_m3515704212	UnityEngine.EventSystems.ExecuteEvents/EventFunction`1<UnityEngine.EventSystems.IPointerUpHandler> UnityEngine.EventSystems.ExecuteEvents::get_pointerUpHandler()	UnityEngine.UI
ExecuteEvents_get_pointerClickHandler_m1293869308	UnityEngine.EventSystems.ExecuteEvents/EventFunction`1<UnityEngine.EventSystems.IPointerClickHandler> UnityEngine.EventSystems.ExecuteEvents::get_pointerClickHandler()	UnityEngine.UI
ExecuteEvents_get_initializePotentialDrag_m298985714	UnityEngine.EventSystems.ExecuteEvents/EventFunction`1<UnityEngine.EventSystems.IInitializePotentialDragHandler> UnityEngine.EventSystems.ExecuteEvents::get_initializePotentialDrag()	UnityEngine.UI
ExecuteEvents_get_beginDragHandler_m2267623666	UnityEngine.EventSystems.ExecuteEvents/EventFunction`1<UnityEngine.EventSystems.IBeginDragHandler> UnityEngine.EventSystems.ExecuteEvents::get_beginDragHandler()	UnityEngine.UI
ExecuteEvents_get_dragHandler_m3849431675	UnityEngine.EventSystems.ExecuteEvents/EventFunction`1<UnityEngine.EventSystems.IDragHandler> UnityEngine.EventSystems.ExecuteEvents::get_dragHandler()	UnityEngine.UI
ExecuteEvents_get_endDragHandler_m2879610446	UnityEngine.EventSystems.ExecuteEvents/EventFunction`1<UnityEngine.EventSystems.IEndDragHandler> UnityEngine.EventSystems.ExecuteEvents::get_endDragHandler()	UnityEngine.UI
ExecuteEvents_get_dropHandler_m2780765017	UnityEngine.EventSystems.ExecuteEvents/EventFunction`1<UnityEngine.EventSystems.IDropHandler> UnityEngine.EventSystems.ExecuteEvents::get_dropHandler()	UnityEngine.UI
ExecuteEvents_get_scrollHandler_m2659345019	UnityEngine.EventSystems.ExecuteEvents/EventFunction`1<UnityEngine.EventSystems.IScrollHandler> UnityEngine.EventSystems.ExecuteEvents::get_scrollHandler()	UnityEngine.UI
ExecuteEvents_get_updateSelectedHandler_m1601110817	UnityEngine.EventSystems.ExecuteEvents/EventFunction`1<UnityEngine.EventSystems.IUpdateSelectedHandler> UnityEngine.EventSystems.ExecuteEvents::get_updateSelectedHandler()	UnityEngine.UI
ExecuteEvents_get_selectHandler_m2010843467	UnityEngine.EventSystems.ExecuteEvents/EventFunction`1<UnityEngine.EventSystems.ISelectHandler> UnityEngine.EventSystems.ExecuteEvents::get_selectHandler()	UnityEngine.UI
ExecuteEvents_get_deselectHandler_m343617552	UnityEngine.EventSystems.ExecuteEvents/EventFunction`1<UnityEngine.EventSystems.IDeselectHandler> UnityEngine.EventSystems.ExecuteEvents::get_deselectHandler()	UnityEngine.UI
ExecuteEvents_get_moveHandler_m3629736480	UnityEngine.EventSystems.ExecuteEvents/EventFunction`1<UnityEngine.EventSystems.IMoveHandler> UnityEngine.EventSystems.ExecuteEvents::get_moveHandler()	UnityEngine.UI
ExecuteEvents_get_submitHandler_m94189868	UnityEngine.EventSystems.ExecuteEvents/EventFunction`1<UnityEngine.EventSystems.ISubmitHandler> UnityEngine.EventSystems.ExecuteEvents::get_submitHandler()	UnityEngine.UI
ExecuteEvents_get_cancelHandler_m1220395193	UnityEngine.EventSystems.ExecuteEvents/EventFunction`1<UnityEngine.EventSystems.ICancelHandler> UnityEngine.EventSystems.ExecuteEvents::get_cancelHandler()	UnityEngine.UI
ExecuteEvents_GetEventChain_m2404658789	System.Void UnityEngine.EventSystems.ExecuteEvents::GetEventChain(UnityEngine.GameObject,System.Collections.Generic.IList`1<UnityEngine.Transform>)	UnityEngine.UI
ExecuteEvents__cctor_m3398791301	System.Void UnityEngine.EventSystems.ExecuteEvents::.cctor()	UnityEngine.UI
ExecuteEvents_U3Cs_HandlerListPoolU3Em__0_m391641698	System.Void UnityEngine.EventSystems.ExecuteEvents::<s_HandlerListPool>m__0(System.Collections.Generic.List`1<UnityEngine.EventSystems.IEventSystemHandler>)	UnityEngine.UI
Physics2DRaycaster__ctor_m4267225020	System.Void UnityEngine.EventSystems.Physics2DRaycaster::.ctor()	UnityEngine.UI
Physics2DRaycaster_Raycast_m1891644061	System.Void UnityEngine.EventSystems.Physics2DRaycaster::Raycast(UnityEngine.EventSystems.PointerEventData,System.Collections.Generic.List`1<UnityEngine.EventSystems.RaycastResult>)	UnityEngine.UI
PhysicsRaycaster__ctor_m2121191375	System.Void UnityEngine.EventSystems.PhysicsRaycaster::.ctor()	UnityEngine.UI
PhysicsRaycaster_get_eventCamera_m2969967402	UnityEngine.Camera UnityEngine.EventSystems.PhysicsRaycaster::get_eventCamera()	UnityEngine.UI
PhysicsRaycaster_get_depth_m454501117	System.Int32 UnityEngine.EventSystems.PhysicsRaycaster::get_depth()	UnityEngine.UI
PhysicsRaycaster_get_finalEventMask_m5197086	System.Int32 UnityEngine.EventSystems.PhysicsRaycaster::get_finalEventMask()	UnityEngine.UI
PhysicsRaycaster_get_eventMask_m1544028986	UnityEngine.LayerMask UnityEngine.EventSystems.PhysicsRaycaster::get_eventMask()	UnityEngine.UI
PhysicsRaycaster_set_eventMask_m4103560137	System.Void UnityEngine.EventSystems.PhysicsRaycaster::set_eventMask(UnityEngine.LayerMask)	UnityEngine.UI
PhysicsRaycaster_get_maxRayIntersections_m3887348715	System.Int32 UnityEngine.EventSystems.PhysicsRaycaster::get_maxRayIntersections()	UnityEngine.UI
PhysicsRaycaster_set_maxRayIntersections_m1687135399	System.Void UnityEngine.EventSystems.PhysicsRaycaster::set_maxRayIntersections(System.Int32)	UnityEngine.UI
PhysicsRaycaster_ComputeRayAndDistance_m3534805868	System.Void UnityEngine.EventSystems.PhysicsRaycaster::ComputeRayAndDistance(UnityEngine.EventSystems.PointerEventData,UnityEngine.Ray&,System.Single&)	UnityEngine.UI
PhysicsRaycaster_Raycast_m776323695	System.Void UnityEngine.EventSystems.PhysicsRaycaster::Raycast(UnityEngine.EventSystems.PointerEventData,System.Collections.Generic.List`1<UnityEngine.EventSystems.RaycastResult>)	UnityEngine.UI
PhysicsRaycaster_U3CRaycastU3Em__0_m2956808568	System.Int32 UnityEngine.EventSystems.PhysicsRaycaster::<Raycast>m__0(UnityEngine.RaycastHit,UnityEngine.RaycastHit)	UnityEngine.UI
PointerEventData__ctor_m2263609344	System.Void UnityEngine.EventSystems.PointerEventData::.ctor(UnityEngine.EventSystems.EventSystem)	UnityEngine.UI
PointerEventData_get_pointerEnter_m3901270554	UnityEngine.GameObject UnityEngine.EventSystems.PointerEventData::get_pointerEnter()	UnityEngine.UI
PointerEventData_set_pointerEnter_m3256217464	System.Void UnityEngine.EventSystems.PointerEventData::set_pointerEnter(UnityEngine.GameObject)	UnityEngine.UI
PointerEventData_get_lastPress_m2729950693	UnityEngine.GameObject UnityEngine.EventSystems.PointerEventData::get_lastPress()	UnityEngine.UI
PointerEventData_set_lastPress_m2928324031	System.Void UnityEngine.EventSystems.PointerEventData::set_lastPress(UnityEngine.GameObject)	UnityEngine.UI
PointerEventData_get_rawPointerPress_m3545426668	UnityEngine.GameObject UnityEngine.EventSystems.PointerEventData::get_rawPointerPress()	UnityEngine.UI
PointerEventData_set_rawPointerPress_m3758304666	System.Void UnityEngine.EventSystems.PointerEventData::set_rawPointerPress(UnityEngine.GameObject)	UnityEngine.UI
PointerEventData_get_pointerDrag_m3056187725	UnityEngine.GameObject UnityEngine.EventSystems.PointerEventData::get_pointerDrag()	UnityEngine.UI
PointerEventData_set_pointerDrag_m841976018	System.Void UnityEngine.EventSystems.PointerEventData::set_pointerDrag(UnityEngine.GameObject)	UnityEngine.UI
PointerEventData_get_pointerCurrentRaycast_m2627585223	UnityEngine.EventSystems.RaycastResult UnityEngine.EventSystems.PointerEventData::get_pointerCurrentRaycast()	UnityEngine.UI
PointerEventData_set_pointerCurrentRaycast_m3745471622	System.Void UnityEngine.EventSystems.PointerEventData::set_pointerCurrentRaycast(UnityEngine.EventSystems.RaycastResult)	UnityEngine.UI
PointerEventData_get_pointerPressRaycast_m2795884860	UnityEngine.EventSystems.RaycastResult UnityEngine.EventSystems.PointerEventData::get_pointerPressRaycast()	UnityEngine.UI
PointerEventData_set_pointerPressRaycast_m1363193059	System.Void UnityEngine.EventSystems.PointerEventData::set_pointerPressRaycast(UnityEngine.EventSystems.RaycastResult)	UnityEngine.UI
PointerEventData_get_eligibleForClick_m3788762543	System.Boolean UnityEngine.EventSystems.PointerEventData::get_eligibleForClick()	UnityEngine.UI
PointerEventData_set_eligibleForClick_m1345987948	System.Void UnityEngine.EventSystems.PointerEventData::set_eligibleForClick(System.Boolean)	UnityEngine.UI
PointerEventData_get_pointerId_m1200356155	System.Int32 UnityEngine.EventSystems.PointerEventData::get_pointerId()	UnityEngine.UI
PointerEventData_set_pointerId_m1888344330	System.Void UnityEngine.EventSystems.PointerEventData::set_pointerId(System.Int32)	UnityEngine.UI
PointerEventData_get_position_m437660275	UnityEngine.Vector2 UnityEngine.EventSystems.PointerEventData::get_position()	UnityEngine.UI
PointerEventData_set_position_m2060457995	System.Void UnityEngine.EventSystems.PointerEventData::set_position(UnityEngine.Vector2)	UnityEngine.UI
PointerEventData_get_delta_m1062010255	UnityEngine.Vector2 UnityEngine.EventSystems.PointerEventData::get_delta()	UnityEngine.UI
PointerEventData_set_delta_m2378614057	System.Void UnityEngine.EventSystems.PointerEventData::set_delta(UnityEngine.Vector2)	UnityEngine.UI
PointerEventData_get_pressPosition_m3620330874	UnityEngine.Vector2 UnityEngine.EventSystems.PointerEventData::get_pressPosition()	UnityEngine.UI
PointerEventData_set_pressPosition_m2899387055	System.Void UnityEngine.EventSystems.PointerEventData::set_pressPosition(UnityEngine.Vector2)	UnityEngine.UI
PointerEventData_get_worldPosition_m1195452383	UnityEngine.Vector3 UnityEngine.EventSystems.PointerEventData::get_worldPosition()	UnityEngine.UI
PointerEventData_set_worldPosition_m1354611581	System.Void UnityEngine.EventSystems.PointerEventData::set_worldPosition(UnityEngine.Vector3)	UnityEngine.UI
PointerEventData_get_worldNormal_m2362054907	UnityEngine.Vector3 UnityEngine.EventSystems.PointerEventData::get_worldNormal()	UnityEngine.UI
PointerEventData_set_worldNormal_m1888481930	System.Void UnityEngine.EventSystems.PointerEventData::set_worldNormal(UnityEngine.Vector3)	UnityEngine.UI
PointerEventData_get_clickTime_m3061953952	System.Single UnityEngine.EventSystems.PointerEventData::get_clickTime()	UnityEngine.UI
PointerEventData_set_clickTime_m1385291264	System.Void UnityEngine.EventSystems.PointerEventData::set_clickTime(System.Single)	UnityEngine.UI
PointerEventData_get_clickCount_m2770561328	System.Int32 UnityEngine.EventSystems.PointerEventData::get_clickCount()	UnityEngine.UI
PointerEventData_set_clickCount_m1832159406	System.Void UnityEngine.EventSystems.PointerEventData::set_clickCount(System.Int32)	UnityEngine.UI
PointerEventData_get_scrollDelta_m230480732	UnityEngine.Vector2 UnityEngine.EventSystems.PointerEventData::get_scrollDelta()	UnityEngine.UI
PointerEventData_set_scrollDelta_m3215854517	System.Void UnityEngine.EventSystems.PointerEventData::set_scrollDelta(UnityEngine.Vector2)	UnityEngine.UI
PointerEventData_get_useDragThreshold_m1334768384	System.Boolean UnityEngine.EventSystems.PointerEventData::get_useDragThreshold()	UnityEngine.UI
PointerEventData_set_useDragThreshold_m248001603	System.Void UnityEngine.EventSystems.PointerEventData::set_useDragThreshold(System.Boolean)	UnityEngine.UI
PointerEventData_get_dragging_m746831934	System.Boolean UnityEngine.EventSystems.PointerEventData::get_dragging()	UnityEngine.UI
PointerEventData_set_dragging_m2888181791	System.Void UnityEngine.EventSystems.PointerEventData::set_dragging(System.Boolean)	UnityEngine.UI
PointerEventData_get_button_m359423249	UnityEngine.EventSystems.PointerEventData/InputButton UnityEngine.EventSystems.PointerEventData::get_button()	UnityEngine.UI
PointerEventData_set_button_m2912797404	System.Void UnityEngine.EventSystems.PointerEventData::set_button(UnityEngine.EventSystems.PointerEventData/InputButton)	UnityEngine.UI
PointerEventData_IsPointerMoving_m1902409386	System.Boolean UnityEngine.EventSystems.PointerEventData::IsPointerMoving()	UnityEngine.UI
PointerEventData_IsScrolling_m3613595252	System.Boolean UnityEngine.EventSystems.PointerEventData::IsScrolling()	UnityEngine.UI
PointerEventData_get_enterEventCamera_m2055275918	UnityEngine.Camera UnityEngine.EventSystems.PointerEventData::get_enterEventCamera()	UnityEngine.UI
PointerEventData_get_pressEventCamera_m2613974917	UnityEngine.Camera UnityEngine.EventSystems.PointerEventData::get_pressEventCamera()	UnityEngine.UI
PointerEventData_get_pointerPress_m3897111385	UnityEngine.GameObject UnityEngine.EventSystems.PointerEventData::get_pointerPress()	UnityEngine.UI
PointerEventData_set_pointerPress_m2546345117	System.Void UnityEngine.EventSystems.PointerEventData::set_pointerPress(UnityEngine.GameObject)	UnityEngine.UI
PointerEventData_ToString_m238029461	System.String UnityEngine.EventSystems.PointerEventData::ToString()	UnityEngine.UI
PointerInputModule__ctor_m3728889932	System.Void UnityEngine.EventSystems.PointerInputModule::.ctor()	UnityEngine.UI
PointerInputModule_GetPointerData_m401559817	System.Boolean UnityEngine.EventSystems.PointerInputModule::GetPointerData(System.Int32,UnityEngine.EventSystems.PointerEventData&,System.Boolean)	UnityEngine.UI
PointerInputModule_RemovePointerData_m1921545965	System.Void UnityEngine.EventSystems.PointerInputModule::RemovePointerData(UnityEngine.EventSystems.PointerEventData)	UnityEngine.UI
PointerInputModule_GetTouchPointerEventData_m2680216131	UnityEngine.EventSystems.PointerEventData UnityEngine.EventSystems.PointerInputModule::GetTouchPointerEventData(UnityEngine.Touch,System.Boolean&,System.Boolean&)	UnityEngine.UI
PointerInputModule_CopyFromTo_m2974511546	System.Void UnityEngine.EventSystems.PointerInputModule::CopyFromTo(UnityEngine.EventSystems.PointerEventData,UnityEngine.EventSystems.PointerEventData)	UnityEngine.UI
PointerInputModule_StateForMouseButton_m2820284027	UnityEngine.EventSystems.PointerEventData/FramePressState UnityEngine.EventSystems.PointerInputModule::StateForMouseButton(System.Int32)	UnityEngine.UI
PointerInputModule_GetMousePointerEventData_m747973901	UnityEngine.EventSystems.PointerInputModule/MouseState UnityEngine.EventSystems.PointerInputModule::GetMousePointerEventData()	UnityEngine.UI
PointerInputModule_GetMousePointerEventData_m4273240034	UnityEngine.EventSystems.PointerInputModule/MouseState UnityEngine.EventSystems.PointerInputModule::GetMousePointerEventData(System.Int32)	UnityEngine.UI
PointerInputModule_GetLastPointerEventData_m3838037610	UnityEngine.EventSystems.PointerEventData UnityEngine.EventSystems.PointerInputModule::GetLastPointerEventData(System.Int32)	UnityEngine.UI
PointerInputModule_ShouldStartDrag_m2494657937	System.Boolean UnityEngine.EventSystems.PointerInputModule::ShouldStartDrag(UnityEngine.Vector2,UnityEngine.Vector2,System.Single,System.Boolean)	UnityEngine.UI
PointerInputModule_ProcessMove_m132464308	System.Void UnityEngine.EventSystems.PointerInputModule::ProcessMove(UnityEngine.EventSystems.PointerEventData)	UnityEngine.UI
PointerInputModule_ProcessDrag_m1341573435	System.Void UnityEngine.EventSystems.PointerInputModule::ProcessDrag(UnityEngine.EventSystems.PointerEventData)	UnityEngine.UI
PointerInputModule_IsPointerOverGameObject_m1416445253	System.Boolean UnityEngine.EventSystems.PointerInputModule::IsPointerOverGameObject(System.Int32)	UnityEngine.UI
PointerInputModule_ClearSelection_m2472477282	System.Void UnityEngine.EventSystems.PointerInputModule::ClearSelection()	UnityEngine.UI
PointerInputModule_ToString_m3738213080	System.String UnityEngine.EventSystems.PointerInputModule::ToString()	UnityEngine.UI
PointerInputModule_DeselectIfSelectionChanged_m1023287355	System.Void UnityEngine.EventSystems.PointerInputModule::DeselectIfSelectionChanged(UnityEngine.GameObject,UnityEngine.EventSystems.BaseEventData)	UnityEngine.UI
ButtonState__ctor_m1506593332	System.Void UnityEngine.EventSystems.PointerInputModule/ButtonState::.ctor()	UnityEngine.UI
ButtonState_get_eventData_m298975880	UnityEngine.EventSystems.PointerInputModule/MouseButtonEventData UnityEngine.EventSystems.PointerInputModule/ButtonState::get_eventData()	UnityEngine.UI
ButtonState_set_eventData_m2102345833	System.Void UnityEngine.EventSystems.PointerInputModule/ButtonState::set_eventData(UnityEngine.EventSystems.PointerInputModule/MouseButtonEventData)	UnityEngine.UI
ButtonState_get_button_m2637540919	UnityEngine.EventSystems.PointerEventData/InputButton UnityEngine.EventSystems.PointerInputModule/ButtonState::get_button()	UnityEngine.UI
ButtonState_set_button_m483041684	System.Void UnityEngine.EventSystems.PointerInputModule/ButtonState::set_button(UnityEngine.EventSystems.PointerEventData/InputButton)	UnityEngine.UI
MouseButtonEventData__ctor_m1200403967	System.Void UnityEngine.EventSystems.PointerInputModule/MouseButtonEventData::.ctor()	UnityEngine.UI
MouseButtonEventData_PressedThisFrame_m1060658845	System.Boolean UnityEngine.EventSystems.PointerInputModule/MouseButtonEventData::PressedThisFrame()	UnityEngine.UI
MouseButtonEventData_ReleasedThisFrame_m1112389906	System.Boolean UnityEngine.EventSystems.PointerInputModule/MouseButtonEventData::ReleasedThisFrame()	UnityEngine.UI
MouseState__ctor_m1467839005	System.Void UnityEngine.EventSystems.PointerInputModule/MouseState::.ctor()	UnityEngine.UI
MouseState_AnyPressesThisFrame_m3497468178	System.Boolean UnityEngine.EventSystems.PointerInputModule/MouseState::AnyPressesThisFrame()	UnityEngine.UI
MouseState_AnyReleasesThisFrame_m2707948698	System.Boolean UnityEngine.EventSystems.PointerInputModule/MouseState::AnyReleasesThisFrame()	UnityEngine.UI
MouseState_GetButtonState_m643927547	UnityEngine.EventSystems.PointerInputModule/ButtonState UnityEngine.EventSystems.PointerInputModule/MouseState::GetButtonState(UnityEngine.EventSystems.PointerEventData/InputButton)	UnityEngine.UI
MouseState_SetButtonState_m249818502	System.Void UnityEngine.EventSystems.PointerInputModule/MouseState::SetButtonState(UnityEngine.EventSystems.PointerEventData/InputButton,UnityEngine.EventSystems.PointerEventData/FramePressState,UnityEngine.EventSystems.PointerEventData)	UnityEngine.UI
RaycasterManager_AddRaycaster_m48608312	System.Void UnityEngine.EventSystems.RaycasterManager::AddRaycaster(UnityEngine.EventSystems.BaseRaycaster)	UnityEngine.UI
RaycasterManager_GetRaycasters_m1696543145	System.Collections.Generic.List`1<UnityEngine.EventSystems.BaseRaycaster> UnityEngine.EventSystems.RaycasterManager::GetRaycasters()	UnityEngine.UI
RaycasterManager_RemoveRaycasters_m3057093063	System.Void UnityEngine.EventSystems.RaycasterManager::RemoveRaycasters(UnityEngine.EventSystems.BaseRaycaster)	UnityEngine.UI
RaycasterManager__cctor_m2347257316	System.Void UnityEngine.EventSystems.RaycasterManager::.cctor()	UnityEngine.UI
RaycastResult_get_gameObject_m2570051527_AdjustorThunk	UnityEngine.GameObject UnityEngine.EventSystems.RaycastResult::get_gameObject()	UnityEngine.UI
RaycastResult_set_gameObject_m1666120399_AdjustorThunk	System.Void UnityEngine.EventSystems.RaycastResult::set_gameObject(UnityEngine.GameObject)	UnityEngine.UI
RaycastResult_get_isValid_m2047405490_AdjustorThunk	System.Boolean UnityEngine.EventSystems.RaycastResult::get_isValid()	UnityEngine.UI
RaycastResult_Clear_m1543844101_AdjustorThunk	System.Void UnityEngine.EventSystems.RaycastResult::Clear()	UnityEngine.UI
RaycastResult_ToString_m2678663776_AdjustorThunk	System.String UnityEngine.EventSystems.RaycastResult::ToString()	UnityEngine.UI
StandaloneInputModule__ctor_m2419721820	System.Void UnityEngine.EventSystems.StandaloneInputModule::.ctor()	UnityEngine.UI
StandaloneInputModule_get_inputMode_m810056397	UnityEngine.EventSystems.StandaloneInputModule/InputMode UnityEngine.EventSystems.StandaloneInputModule::get_inputMode()	UnityEngine.UI
StandaloneInputModule_get_allowActivationOnMobileDevice_m4267756229	System.Boolean UnityEngine.EventSystems.StandaloneInputModule::get_allowActivationOnMobileDevice()	UnityEngine.UI
StandaloneInputModule_set_allowActivationOnMobileDevice_m1233267254	System.Void UnityEngine.EventSystems.StandaloneInputModule::set_allowActivationOnMobileDevice(System.Boolean)	UnityEngine.UI
StandaloneInputModule_get_forceModuleActive_m3500597849	System.Boolean UnityEngine.EventSystems.StandaloneInputModule::get_forceModuleActive()	UnityEngine.UI
StandaloneInputModule_set_forceModuleActive_m2237222402	System.Void UnityEngine.EventSystems.StandaloneInputModule::set_forceModuleActive(System.Boolean)	UnityEngine.UI
StandaloneInputModule_get_inputActionsPerSecond_m3946624274	System.Single UnityEngine.EventSystems.StandaloneInputModule::get_inputActionsPerSecond()	UnityEngine.UI
StandaloneInputModule_set_inputActionsPerSecond_m4057208843	System.Void UnityEngine.EventSystems.StandaloneInputModule::set_inputActionsPerSecond(System.Single)	UnityEngine.UI
StandaloneInputModule_get_repeatDelay_m1143359059	System.Single UnityEngine.EventSystems.StandaloneInputModule::get_repeatDelay()	UnityEngine.UI
StandaloneInputModule_set_repeatDelay_m3622577754	System.Void UnityEngine.EventSystems.StandaloneInputModule::set_repeatDelay(System.Single)	UnityEngine.UI
StandaloneInputModule_get_horizontalAxis_m2457981944	System.String UnityEngine.EventSystems.StandaloneInputModule::get_horizontalAxis()	UnityEngine.UI
StandaloneInputModule_set_horizontalAxis_m2402518121	System.Void UnityEngine.EventSystems.StandaloneInputModule::set_horizontalAxis(System.String)	UnityEngine.UI
StandaloneInputModule_get_verticalAxis_m2527264615	System.String UnityEngine.EventSystems.StandaloneInputModule::get_verticalAxis()	UnityEngine.UI
StandaloneInputModule_set_verticalAxis_m1515304302	System.Void UnityEngine.EventSystems.StandaloneInputModule::set_verticalAxis(System.String)	UnityEngine.UI
StandaloneInputModule_get_submitButton_m3555596950	System.String UnityEngine.EventSystems.StandaloneInputModule::get_submitButton()	UnityEngine.UI
StandaloneInputModule_set_submitButton_m414553088	System.Void UnityEngine.EventSystems.StandaloneInputModule::set_submitButton(System.String)	UnityEngine.UI
StandaloneInputModule_get_cancelButton_m134391957	System.String UnityEngine.EventSystems.StandaloneInputModule::get_cancelButton()	UnityEngine.UI
StandaloneInputModule_set_cancelButton_m2677901521	System.Void UnityEngine.EventSystems.StandaloneInputModule::set_cancelButton(System.String)	UnityEngine.UI
StandaloneInputModule_ShouldIgnoreEventsOnNoFocus_m2486933001	System.Boolean UnityEngine.EventSystems.StandaloneInputModule::ShouldIgnoreEventsOnNoFocus()	UnityEngine.UI
StandaloneInputModule_UpdateModule_m450861257	System.Void UnityEngine.EventSystems.StandaloneInputModule::UpdateModule()	UnityEngine.UI
StandaloneInputModule_IsModuleSupported_m2880633224	System.Boolean UnityEngine.EventSystems.StandaloneInputModule::IsModuleSupported()	UnityEngine.UI
StandaloneInputModule_ShouldActivateModule_m3116579496	System.Boolean UnityEngine.EventSystems.StandaloneInputModule::ShouldActivateModule()	UnityEngine.UI
StandaloneInputModule_ActivateModule_m2232892298	System.Void UnityEngine.EventSystems.StandaloneInputModule::ActivateModule()	UnityEngine.UI
StandaloneInputModule_DeactivateModule_m4154093848	System.Void UnityEngine.EventSystems.StandaloneInputModule::DeactivateModule()	UnityEngine.UI
StandaloneInputModule_Process_m309156323	System.Void UnityEngine.EventSystems.StandaloneInputModule::Process()	UnityEngine.UI
StandaloneInputModule_ProcessTouchEvents_m2632208124	System.Boolean UnityEngine.EventSystems.StandaloneInputModule::ProcessTouchEvents()	UnityEngine.UI
StandaloneInputModule_ProcessTouchPress_m4019232747	System.Void UnityEngine.EventSystems.StandaloneInputModule::ProcessTouchPress(UnityEngine.EventSystems.PointerEventData,System.Boolean,System.Boolean)	UnityEngine.UI
StandaloneInputModule_SendSubmitEventToSelectedObject_m1567393883	System.Boolean UnityEngine.EventSystems.StandaloneInputModule::SendSubmitEventToSelectedObject()	UnityEngine.UI
StandaloneInputModule_GetRawMoveVector_m2737091079	UnityEngine.Vector2 UnityEngine.EventSystems.StandaloneInputModule::GetRawMoveVector()	UnityEngine.UI
StandaloneInputModule_SendMoveEventToSelectedObject_m482774593	System.Boolean UnityEngine.EventSystems.StandaloneInputModule::SendMoveEventToSelectedObject()	UnityEngine.UI
StandaloneInputModule_ProcessMouseEvent_m2923582521	System.Void UnityEngine.EventSystems.StandaloneInputModule::ProcessMouseEvent()	UnityEngine.UI
StandaloneInputModule_ForceAutoSelect_m2837047882	System.Boolean UnityEngine.EventSystems.StandaloneInputModule::ForceAutoSelect()	UnityEngine.UI
StandaloneInputModule_ProcessMouseEvent_m1568640827	System.Void UnityEngine.EventSystems.StandaloneInputModule::ProcessMouseEvent(System.Int32)	UnityEngine.UI
StandaloneInputModule_SendUpdateEventToSelectedObject_m2127433	System.Boolean UnityEngine.EventSystems.StandaloneInputModule::SendUpdateEventToSelectedObject()	UnityEngine.UI
StandaloneInputModule_ProcessMousePress_m1928058611	System.Void UnityEngine.EventSystems.StandaloneInputModule::ProcessMousePress(UnityEngine.EventSystems.PointerInputModule/MouseButtonEventData)	UnityEngine.UI
StandaloneInputModule_GetCurrentFocusedGameObject_m2194131683	UnityEngine.GameObject UnityEngine.EventSystems.StandaloneInputModule::GetCurrentFocusedGameObject()	UnityEngine.UI
TouchInputModule__ctor_m3805154663	System.Void UnityEngine.EventSystems.TouchInputModule::.ctor()	UnityEngine.UI
TouchInputModule_get_allowActivationOnStandalone_m4182627793	System.Boolean UnityEngine.EventSystems.TouchInputModule::get_allowActivationOnStandalone()	UnityEngine.UI
TouchInputModule_set_allowActivationOnStandalone_m3766554836	System.Void UnityEngine.EventSystems.TouchInputModule::set_allowActivationOnStandalone(System.Boolean)	UnityEngine.UI
TouchInputModule_get_forceModuleActive_m2406595725	System.Boolean UnityEngine.EventSystems.TouchInputModule::get_forceModuleActive()	UnityEngine.UI
TouchInputModule_set_forceModuleActive_m2492133021	System.Void UnityEngine.EventSystems.TouchInputModule::set_forceModuleActive(System.Boolean)	UnityEngine.UI
TouchInputModule_UpdateModule_m2582897964	System.Void UnityEngine.EventSystems.TouchInputModule::UpdateModule()	UnityEngine.UI
TouchInputModule_IsModuleSupported_m384818291	System.Boolean UnityEngine.EventSystems.TouchInputModule::IsModuleSupported()	UnityEngine.UI
TouchInputModule_ShouldActivateModule_m1204099519	System.Boolean UnityEngine.EventSystems.TouchInputModule::ShouldActivateModule()	UnityEngine.UI
TouchInputModule_UseFakeInput_m1537100146	System.Boolean UnityEngine.EventSystems.TouchInputModule::UseFakeInput()	UnityEngine.UI
TouchInputModule_Process_m3715678669	System.Void UnityEngine.EventSystems.TouchInputModule::Process()	UnityEngine.UI
TouchInputModule_FakeTouches_m3748468179	System.Void UnityEngine.EventSystems.TouchInputModule::FakeTouches()	UnityEngine.UI
TouchInputModule_ProcessTouchEvents_m974273459	System.Void UnityEngine.EventSystems.TouchInputModule::ProcessTouchEvents()	UnityEngine.UI
TouchInputModule_ProcessTouchPress_m3504077560	System.Void UnityEngine.EventSystems.TouchInputModule::ProcessTouchPress(UnityEngine.EventSystems.PointerEventData,System.Boolean,System.Boolean)	UnityEngine.UI
TouchInputModule_DeactivateModule_m2409474002	System.Void UnityEngine.EventSystems.TouchInputModule::DeactivateModule()	UnityEngine.UI
TouchInputModule_ToString_m3196533583	System.String UnityEngine.EventSystems.TouchInputModule::ToString()	UnityEngine.UI
UIBehaviour__ctor_m4230637738	System.Void UnityEngine.EventSystems.UIBehaviour::.ctor()	UnityEngine.UI
UIBehaviour_Awake_m2366095154	System.Void UnityEngine.EventSystems.UIBehaviour::Awake()	UnityEngine.UI
UIBehaviour_OnEnable_m189051288	System.Void UnityEngine.EventSystems.UIBehaviour::OnEnable()	UnityEngine.UI
UIBehaviour_Start_m468450810	System.Void UnityEngine.EventSystems.UIBehaviour::Start()	UnityEngine.UI
UIBehaviour_OnDisable_m1784507360	System.Void UnityEngine.EventSystems.UIBehaviour::OnDisable()	UnityEngine.UI
UIBehaviour_OnDestroy_m1613239498	System.Void UnityEngine.EventSystems.UIBehaviour::OnDestroy()	UnityEngine.UI
UIBehaviour_IsActive_m3579119648	System.Boolean UnityEngine.EventSystems.UIBehaviour::IsActive()	UnityEngine.UI
UIBehaviour_OnRectTransformDimensionsChange_m1473730550	System.Void UnityEngine.EventSystems.UIBehaviour::OnRectTransformDimensionsChange()	UnityEngine.UI
UIBehaviour_OnBeforeTransformParentChanged_m1629979401	System.Void UnityEngine.EventSystems.UIBehaviour::OnBeforeTransformParentChanged()	UnityEngine.UI
UIBehaviour_OnTransformParentChanged_m1855615160	System.Void UnityEngine.EventSystems.UIBehaviour::OnTransformParentChanged()	UnityEngine.UI
UIBehaviour_OnDidApplyAnimationProperties_m2143584361	System.Void UnityEngine.EventSystems.UIBehaviour::OnDidApplyAnimationProperties()	UnityEngine.UI
UIBehaviour_OnCanvasGroupChanged_m798630771	System.Void UnityEngine.EventSystems.UIBehaviour::OnCanvasGroupChanged()	UnityEngine.UI
UIBehaviour_OnCanvasHierarchyChanged_m3915099663	System.Void UnityEngine.EventSystems.UIBehaviour::OnCanvasHierarchyChanged()	UnityEngine.UI
UIBehaviour_IsDestroyed_m3033055982	System.Boolean UnityEngine.EventSystems.UIBehaviour::IsDestroyed()	UnityEngine.UI
AnimationTriggers__ctor_m3418993069	System.Void UnityEngine.UI.AnimationTriggers::.ctor()	UnityEngine.UI
AnimationTriggers_get_normalTrigger_m3461765293	System.String UnityEngine.UI.AnimationTriggers::get_normalTrigger()	UnityEngine.UI
AnimationTriggers_set_normalTrigger_m1214669971	System.Void UnityEngine.UI.AnimationTriggers::set_normalTrigger(System.String)	UnityEngine.UI
AnimationTriggers_get_highlightedTrigger_m1187211321	System.String UnityEngine.UI.AnimationTriggers::get_highlightedTrigger()	UnityEngine.UI
AnimationTriggers_set_highlightedTrigger_m2777837115	System.Void UnityEngine.UI.AnimationTriggers::set_highlightedTrigger(System.String)	UnityEngine.UI
AnimationTriggers_get_pressedTrigger_m2840379030	System.String UnityEngine.UI.AnimationTriggers::get_pressedTrigger()	UnityEngine.UI
AnimationTriggers_set_pressedTrigger_m2355371604	System.Void UnityEngine.UI.AnimationTriggers::set_pressedTrigger(System.String)	UnityEngine.UI
AnimationTriggers_get_disabledTrigger_m3860052542	System.String UnityEngine.UI.AnimationTriggers::get_disabledTrigger()	UnityEngine.UI
AnimationTriggers_set_disabledTrigger_m933056574	System.Void UnityEngine.UI.AnimationTriggers::set_disabledTrigger(System.String)	UnityEngine.UI
AspectRatioFitter__ctor_m2468506840	System.Void UnityEngine.UI.AspectRatioFitter::.ctor()	UnityEngine.UI
AspectRatioFitter_get_aspectMode_m3735191157	UnityEngine.UI.AspectRatioFitter/AspectMode UnityEngine.UI.AspectRatioFitter::get_aspectMode()	UnityEngine.UI
AspectRatioFitter_set_aspectMode_m4140288987	System.Void UnityEngine.UI.AspectRatioFitter::set_aspectMode(UnityEngine.UI.AspectRatioFitter/AspectMode)	UnityEngine.UI
AspectRatioFitter_get_aspectRatio_m1928877056	System.Single UnityEngine.UI.AspectRatioFitter::get_aspectRatio()	UnityEngine.UI
AspectRatioFitter_set_aspectRatio_m626759227	System.Void UnityEngine.UI.AspectRatioFitter::set_aspectRatio(System.Single)	UnityEngine.UI
AspectRatioFitter_get_rectTransform_m2996235303	UnityEngine.RectTransform UnityEngine.UI.AspectRatioFitter::get_rectTransform()	UnityEngine.UI
AspectRatioFitter_OnEnable_m2161969445	System.Void UnityEngine.UI.AspectRatioFitter::OnEnable()	UnityEngine.UI
AspectRatioFitter_OnDisable_m3095850495	System.Void UnityEngine.UI.AspectRatioFitter::OnDisable()	UnityEngine.UI
AspectRatioFitter_OnRectTransformDimensionsChange_m3283933481	System.Void UnityEngine.UI.AspectRatioFitter::OnRectTransformDimensionsChange()	UnityEngine.UI
AspectRatioFitter_UpdateRect_m1081360677	System.Void UnityEngine.UI.AspectRatioFitter::UpdateRect()	UnityEngine.UI
AspectRatioFitter_GetSizeDeltaToProduceSize_m3810932624	System.Single UnityEngine.UI.AspectRatioFitter::GetSizeDeltaToProduceSize(System.Single,System.Int32)	UnityEngine.UI
AspectRatioFitter_GetParentSize_m3159144324	UnityEngine.Vector2 UnityEngine.UI.AspectRatioFitter::GetParentSize()	UnityEngine.UI
AspectRatioFitter_SetLayoutHorizontal_m2616668388	System.Void UnityEngine.UI.AspectRatioFitter::SetLayoutHorizontal()	UnityEngine.UI
AspectRatioFitter_SetLayoutVertical_m2020518121	System.Void UnityEngine.UI.AspectRatioFitter::SetLayoutVertical()	UnityEngine.UI
AspectRatioFitter_DelayUpdate_m2960150845	System.Collections.IEnumerator UnityEngine.UI.AspectRatioFitter::DelayUpdate()	UnityEngine.UI
AspectRatioFitter_SetDirty_m2910185270	System.Void UnityEngine.UI.AspectRatioFitter::SetDirty(System.Boolean)	UnityEngine.UI
U3CDelayUpdateU3Ec__Iterator0__ctor_m3659566538	System.Void UnityEngine.UI.AspectRatioFitter/<DelayUpdate>c__Iterator0::.ctor()	UnityEngine.UI
U3CDelayUpdateU3Ec__Iterator0_MoveNext_m3301186802	System.Boolean UnityEngine.UI.AspectRatioFitter/<DelayUpdate>c__Iterator0::MoveNext()	UnityEngine.UI
U3CDelayUpdateU3Ec__Iterator0_System_Collections_Generic_IEnumeratorU3CobjectU3E_get_Current_m1483062881	System.Object UnityEngine.UI.AspectRatioFitter/<DelayUpdate>c__Iterator0::System.Collections.Generic.IEnumerator<object>.get_Current()	UnityEngine.UI
U3CDelayUpdateU3Ec__Iterator0_System_Collections_IEnumerator_get_Current_m2906633870	System.Object UnityEngine.UI.AspectRatioFitter/<DelayUpdate>c__Iterator0::System.Collections.IEnumerator.get_Current()	UnityEngine.UI
U3CDelayUpdateU3Ec__Iterator0_Dispose_m2972384857	System.Void UnityEngine.UI.AspectRatioFitter/<DelayUpdate>c__Iterator0::Dispose()	UnityEngine.UI
U3CDelayUpdateU3Ec__Iterator0_Reset_m4066647198	System.Void UnityEngine.UI.AspectRatioFitter/<DelayUpdate>c__Iterator0::Reset()	UnityEngine.UI
BaseMeshEffect__ctor_m2277545720	System.Void UnityEngine.UI.BaseMeshEffect::.ctor()	UnityEngine.UI
BaseMeshEffect_get_graphic_m1852367505	UnityEngine.UI.Graphic UnityEngine.UI.BaseMeshEffect::get_graphic()	UnityEngine.UI
BaseMeshEffect_OnEnable_m3291426649	System.Void UnityEngine.UI.BaseMeshEffect::OnEnable()	UnityEngine.UI
BaseMeshEffect_OnDisable_m1428167656	System.Void UnityEngine.UI.BaseMeshEffect::OnDisable()	UnityEngine.UI
BaseMeshEffect_OnDidApplyAnimationProperties_m3372221181	System.Void UnityEngine.UI.BaseMeshEffect::OnDidApplyAnimationProperties()	UnityEngine.UI
BaseMeshEffect_ModifyMesh_m283081474	System.Void UnityEngine.UI.BaseMeshEffect::ModifyMesh(UnityEngine.Mesh)	UnityEngine.UI
BaseVertexEffect__ctor_m3984151198	System.Void UnityEngine.UI.BaseVertexEffect::.ctor()	UnityEngine.UI
Button__ctor_m2784091109	System.Void UnityEngine.UI.Button::.ctor()	UnityEngine.UI
Button_get_onClick_m2332132945	UnityEngine.UI.Button/ButtonClickedEvent UnityEngine.UI.Button::get_onClick()	UnityEngine.UI
Button_set_onClick_m673668475	System.Void UnityEngine.UI.Button::set_onClick(UnityEngine.UI.Button/ButtonClickedEvent)	UnityEngine.UI
Button_Press_m3424674057	System.Void UnityEngine.UI.Button::Press()	UnityEngine.UI
Button_OnPointerClick_m1993983012	System.Void UnityEngine.UI.Button::OnPointerClick(UnityEngine.EventSystems.PointerEventData)	UnityEngine.UI
Button_OnSubmit_m644480431	System.Void UnityEngine.UI.Button::OnSubmit(UnityEngine.EventSystems.BaseEventData)	UnityEngine.UI
Button_OnFinishSubmit_m155738938	System.Collections.IEnumerator UnityEngine.UI.Button::OnFinishSubmit()	UnityEngine.UI
U3COnFinishSubmitU3Ec__Iterator0__ctor_m1475222990	System.Void UnityEngine.UI.Button/<OnFinishSubmit>c__Iterator0::.ctor()	UnityEngine.UI
U3COnFinishSubmitU3Ec__Iterator0_MoveNext_m2729496168	System.Boolean UnityEngine.UI.Button/<OnFinishSubmit>c__Iterator0::MoveNext()	UnityEngine.UI
U3COnFinishSubmitU3Ec__Iterator0_System_Collections_Generic_IEnumeratorU3CobjectU3E_get_Current_m2586882303	System.Object UnityEngine.UI.Button/<OnFinishSubmit>c__Iterator0::System.Collections.Generic.IEnumerator<object>.get_Current()	UnityEngine.UI
U3COnFinishSubmitU3Ec__Iterator0_System_Collections_IEnumerator_get_Current_m1911065657	System.Object UnityEngine.UI.Button/<OnFinishSubmit>c__Iterator0::System.Collections.IEnumerator.get_Current()	UnityEngine.UI
U3COnFinishSubmitU3Ec__Iterator0_Dispose_m3409466099	System.Void UnityEngine.UI.Button/<OnFinishSubmit>c__Iterator0::Dispose()	UnityEngine.UI
U3COnFinishSubmitU3Ec__Iterator0_Reset_m3632769946	System.Void UnityEngine.UI.Button/<OnFinishSubmit>c__Iterator0::Reset()	UnityEngine.UI
ButtonClickedEvent__ctor_m1121394916	System.Void UnityEngine.UI.Button/ButtonClickedEvent::.ctor()	UnityEngine.UI
CanvasScaler__ctor_m2583968629	System.Void UnityEngine.UI.CanvasScaler::.ctor()	UnityEngine.UI
CanvasScaler_get_uiScaleMode_m1035769874	UnityEngine.UI.CanvasScaler/ScaleMode UnityEngine.UI.CanvasScaler::get_uiScaleMode()	UnityEngine.UI
CanvasScaler_set_uiScaleMode_m2475900918	System.Void UnityEngine.UI.CanvasScaler::set_uiScaleMode(UnityEngine.UI.CanvasScaler/ScaleMode)	UnityEngine.UI
CanvasScaler_get_referencePixelsPerUnit_m3611967255	System.Single UnityEngine.UI.CanvasScaler::get_referencePixelsPerUnit()	UnityEngine.UI
CanvasScaler_set_referencePixelsPerUnit_m1768965301	System.Void UnityEngine.UI.CanvasScaler::set_referencePixelsPerUnit(System.Single)	UnityEngine.UI
CanvasScaler_get_scaleFactor_m122574367	System.Single UnityEngine.UI.CanvasScaler::get_scaleFactor()	UnityEngine.UI
CanvasScaler_set_scaleFactor_m3422401115	System.Void UnityEngine.UI.CanvasScaler::set_scaleFactor(System.Single)	UnityEngine.UI
CanvasScaler_get_referenceResolution_m2560634788	UnityEngine.Vector2 UnityEngine.UI.CanvasScaler::get_referenceResolution()	UnityEngine.UI
CanvasScaler_set_referenceResolution_m2267601581	System.Void UnityEngine.UI.CanvasScaler::set_referenceResolution(UnityEngine.Vector2)	UnityEngine.UI
CanvasScaler_get_screenMatchMode_m3097074668	UnityEngine.UI.CanvasScaler/ScreenMatchMode UnityEngine.UI.CanvasScaler::get_screenMatchMode()	UnityEngine.UI
CanvasScaler_set_screenMatchMode_m2975492035	System.Void UnityEngine.UI.CanvasScaler::set_screenMatchMode(UnityEngine.UI.CanvasScaler/ScreenMatchMode)	UnityEngine.UI
CanvasScaler_get_matchWidthOrHeight_m315909252	System.Single UnityEngine.UI.CanvasScaler::get_matchWidthOrHeight()	UnityEngine.UI
CanvasScaler_set_matchWidthOrHeight_m1074435191	System.Void UnityEngine.UI.CanvasScaler::set_matchWidthOrHeight(System.Single)	UnityEngine.UI
CanvasScaler_get_physicalUnit_m1059885922	UnityEngine.UI.CanvasScaler/Unit UnityEngine.UI.CanvasScaler::get_physicalUnit()	UnityEngine.UI
CanvasScaler_set_physicalUnit_m1098288416	System.Void UnityEngine.UI.CanvasScaler::set_physicalUnit(UnityEngine.UI.CanvasScaler/Unit)	UnityEngine.UI
CanvasScaler_get_fallbackScreenDPI_m2811935689	System.Single UnityEngine.UI.CanvasScaler::get_fallbackScreenDPI()	UnityEngine.UI
CanvasScaler_set_fallbackScreenDPI_m3168261283	System.Void UnityEngine.UI.CanvasScaler::set_fallbackScreenDPI(System.Single)	UnityEngine.UI
CanvasScaler_get_defaultSpriteDPI_m871626936	System.Single UnityEngine.UI.CanvasScaler::get_defaultSpriteDPI()	UnityEngine.UI
CanvasScaler_set_defaultSpriteDPI_m3812017512	System.Void UnityEngine.UI.CanvasScaler::set_defaultSpriteDPI(System.Single)	UnityEngine.UI
CanvasScaler_get_dynamicPixelsPerUnit_m3469050824	System.Single UnityEngine.UI.CanvasScaler::get_dynamicPixelsPerUnit()	UnityEngine.UI
CanvasScaler_set_dynamicPixelsPerUnit_m2388780731	System.Void UnityEngine.UI.CanvasScaler::set_dynamicPixelsPerUnit(System.Single)	UnityEngine.UI
CanvasScaler_OnEnable_m2728005489	System.Void UnityEngine.UI.CanvasScaler::OnEnable()	UnityEngine.UI
CanvasScaler_OnDisable_m3424669401	System.Void UnityEngine.UI.CanvasScaler::OnDisable()	UnityEngine.UI
CanvasScaler_Update_m1730242497	System.Void UnityEngine.UI.CanvasScaler::Update()	UnityEngine.UI
CanvasScaler_Handle_m1805550332	System.Void UnityEngine.UI.CanvasScaler::Handle()	UnityEngine.UI
CanvasScaler_HandleWorldCanvas_m2842140267	System.Void UnityEngine.UI.CanvasScaler::HandleWorldCanvas()	UnityEngine.UI
CanvasScaler_HandleConstantPixelSize_m2171186746	System.Void UnityEngine.UI.CanvasScaler::HandleConstantPixelSize()	UnityEngine.UI
CanvasScaler_HandleScaleWithScreenSize_m3848620697	System.Void UnityEngine.UI.CanvasScaler::HandleScaleWithScreenSize()	UnityEngine.UI
CanvasScaler_HandleConstantPhysicalSize_m3047894456	System.Void UnityEngine.UI.CanvasScaler::HandleConstantPhysicalSize()	UnityEngine.UI
CanvasScaler_SetScaleFactor_m3006968999	System.Void UnityEngine.UI.CanvasScaler::SetScaleFactor(System.Single)	UnityEngine.UI
CanvasScaler_SetReferencePixelsPerUnit_m2508761476	System.Void UnityEngine.UI.CanvasScaler::SetReferencePixelsPerUnit(System.Single)	UnityEngine.UI
CanvasUpdateRegistry__ctor_m2005397069	System.Void UnityEngine.UI.CanvasUpdateRegistry::.ctor()	UnityEngine.UI
CanvasUpdateRegistry_get_instance_m1851615454	UnityEngine.UI.CanvasUpdateRegistry UnityEngine.UI.CanvasUpdateRegistry::get_instance()	UnityEngine.UI
CanvasUpdateRegistry_ObjectValidForUpdate_m2723813849	System.Boolean UnityEngine.UI.CanvasUpdateRegistry::ObjectValidForUpdate(UnityEngine.UI.ICanvasElement)	UnityEngine.UI
CanvasUpdateRegistry_CleanInvalidItems_m441539577	System.Void UnityEngine.UI.CanvasUpdateRegistry::CleanInvalidItems()	UnityEngine.UI
CanvasUpdateRegistry_PerformUpdate_m1793997159	System.Void UnityEngine.UI.CanvasUpdateRegistry::PerformUpdate()	UnityEngine.UI
CanvasUpdateRegistry_ParentCount_m34679405	System.Int32 UnityEngine.UI.CanvasUpdateRegistry::ParentCount(UnityEngine.Transform)	UnityEngine.UI
CanvasUpdateRegistry_SortLayoutList_m471948466	System.Int32 UnityEngine.UI.CanvasUpdateRegistry::SortLayoutList(UnityEngine.UI.ICanvasElement,UnityEngine.UI.ICanvasElement)	UnityEngine.UI
CanvasUpdateRegistry_RegisterCanvasElementForLayoutRebuild_m677454901	System.Void UnityEngine.UI.CanvasUpdateRegistry::RegisterCanvasElementForLayoutRebuild(UnityEngine.UI.ICanvasElement)	UnityEngine.UI
CanvasUpdateRegistry_TryRegisterCanvasElementForLayoutRebuild_m4043903035	System.Boolean UnityEngine.UI.CanvasUpdateRegistry::TryRegisterCanvasElementForLayoutRebuild(UnityEngine.UI.ICanvasElement)	UnityEngine.UI
CanvasUpdateRegistry_InternalRegisterCanvasElementForLayoutRebuild_m662773860	System.Boolean UnityEngine.UI.CanvasUpdateRegistry::InternalRegisterCanvasElementForLayoutRebuild(UnityEngine.UI.ICanvasElement)	UnityEngine.UI
CanvasUpdateRegistry_RegisterCanvasElementForGraphicRebuild_m1205570961	System.Void UnityEngine.UI.CanvasUpdateRegistry::RegisterCanvasElementForGraphicRebuild(UnityEngine.UI.ICanvasElement)	UnityEngine.UI
CanvasUpdateRegistry_TryRegisterCanvasElementForGraphicRebuild_m1056348039	System.Boolean UnityEngine.UI.CanvasUpdateRegistry::TryRegisterCanvasElementForGraphicRebuild(UnityEngine.UI.ICanvasElement)	UnityEngine.UI
CanvasUpdateRegistry_InternalRegisterCanvasElementForGraphicRebuild_m3522560454	System.Boolean UnityEngine.UI.CanvasUpdateRegistry::InternalRegisterCanvasElementForGraphicRebuild(UnityEngine.UI.ICanvasElement)	UnityEngine.UI
CanvasUpdateRegistry_UnRegisterCanvasElementForRebuild_m3652497192	System.Void UnityEngine.UI.CanvasUpdateRegistry::UnRegisterCanvasElementForRebuild(UnityEngine.UI.ICanvasElement)	UnityEngine.UI
CanvasUpdateRegistry_InternalUnRegisterCanvasElementForLayoutRebuild_m60042340	System.Void UnityEngine.UI.CanvasUpdateRegistry::InternalUnRegisterCanvasElementForLayoutRebuild(UnityEngine.UI.ICanvasElement)	UnityEngine.UI
CanvasUpdateRegistry_InternalUnRegisterCanvasElementForGraphicRebuild_m1305837035	System.Void UnityEngine.UI.CanvasUpdateRegistry::InternalUnRegisterCanvasElementForGraphicRebuild(UnityEngine.UI.ICanvasElement)	UnityEngine.UI
CanvasUpdateRegistry_IsRebuildingLayout_m3530790142	System.Boolean UnityEngine.UI.CanvasUpdateRegistry::IsRebuildingLayout()	UnityEngine.UI
CanvasUpdateRegistry_IsRebuildingGraphics_m1904586840	System.Boolean UnityEngine.UI.CanvasUpdateRegistry::IsRebuildingGraphics()	UnityEngine.UI
CanvasUpdateRegistry__cctor_m2972570126	System.Void UnityEngine.UI.CanvasUpdateRegistry::.cctor()	UnityEngine.UI
ClipperRegistry__ctor_m1550744467	System.Void UnityEngine.UI.ClipperRegistry::.ctor()	UnityEngine.UI
ClipperRegistry_get_instance_m1533748353	UnityEngine.UI.ClipperRegistry UnityEngine.UI.ClipperRegistry::get_instance()	UnityEngine.UI
ClipperRegistry_Cull_m890428159	System.Void UnityEngine.UI.ClipperRegistry::Cull()	UnityEngine.UI
ClipperRegistry_Register_m2407166513	System.Void UnityEngine.UI.ClipperRegistry::Register(UnityEngine.UI.IClipper)	UnityEngine.UI
ClipperRegistry_Unregister_m4126866756	System.Void UnityEngine.UI.ClipperRegistry::Unregister(UnityEngine.UI.IClipper)	UnityEngine.UI
Clipping_FindCullAndClipWorldRect_m171865709	UnityEngine.Rect UnityEngine.UI.Clipping::FindCullAndClipWorldRect(System.Collections.Generic.List`1<UnityEngine.UI.RectMask2D>,System.Boolean&)	UnityEngine.UI
Clipping_RectIntersect_m2565953623	UnityEngine.Rect UnityEngine.UI.Clipping::RectIntersect(UnityEngine.Rect,UnityEngine.Rect)	UnityEngine.UI
ColorBlock_get_normalColor_m4055946654_AdjustorThunk	UnityEngine.Color UnityEngine.UI.ColorBlock::get_normalColor()	UnityEngine.UI
ColorBlock_set_normalColor_m254595671_AdjustorThunk	System.Void UnityEngine.UI.ColorBlock::set_normalColor(UnityEngine.Color)	UnityEngine.UI
ColorBlock_get_highlightedColor_m588402203_AdjustorThunk	UnityEngine.Color UnityEngine.UI.ColorBlock::get_highlightedColor()	UnityEngine.UI
ColorBlock_set_highlightedColor_m2089444414_AdjustorThunk	System.Void UnityEngine.UI.ColorBlock::set_highlightedColor(UnityEngine.Color)	UnityEngine.UI
ColorBlock_get_pressedColor_m3079696728_AdjustorThunk	UnityEngine.Color UnityEngine.UI.ColorBlock::get_pressedColor()	UnityEngine.UI
ColorBlock_set_pressedColor_m2261724099_AdjustorThunk	System.Void UnityEngine.UI.ColorBlock::set_pressedColor(UnityEngine.Color)	UnityEngine.UI
ColorBlock_get_disabledColor_m4200465259_AdjustorThunk	UnityEngine.Color UnityEngine.UI.ColorBlock::get_disabledColor()	UnityEngine.UI
ColorBlock_set_disabledColor_m2996580094_AdjustorThunk	System.Void UnityEngine.UI.ColorBlock::set_disabledColor(UnityEngine.Color)	UnityEngine.UI
ColorBlock_get_colorMultiplier_m815752320_AdjustorThunk	System.Single UnityEngine.UI.ColorBlock::get_colorMultiplier()	UnityEngine.UI
ColorBlock_set_colorMultiplier_m2220733205_AdjustorThunk	System.Void UnityEngine.UI.ColorBlock::set_colorMultiplier(System.Single)	UnityEngine.UI
ColorBlock_get_fadeDuration_m121071467_AdjustorThunk	System.Single UnityEngine.UI.ColorBlock::get_fadeDuration()	UnityEngine.UI
ColorBlock_set_fadeDuration_m3612529869_AdjustorThunk	System.Void UnityEngine.UI.ColorBlock::set_fadeDuration(System.Single)	UnityEngine.UI
ColorBlock_get_defaultColorBlock_m2213047241	UnityEngine.UI.ColorBlock UnityEngine.UI.ColorBlock::get_defaultColorBlock()	UnityEngine.UI
ColorBlock_Equals_m518833916_AdjustorThunk	System.Boolean UnityEngine.UI.ColorBlock::Equals(System.Object)	UnityEngine.UI
ColorBlock_Equals_m2135740005_AdjustorThunk	System.Boolean UnityEngine.UI.ColorBlock::Equals(UnityEngine.UI.ColorBlock)	UnityEngine.UI
ColorBlock_op_Equality_m2129764110	System.Boolean UnityEngine.UI.ColorBlock::op_Equality(UnityEngine.UI.ColorBlock,UnityEngine.UI.ColorBlock)	UnityEngine.UI
ColorBlock_op_Inequality_m2718216889	System.Boolean UnityEngine.UI.ColorBlock::op_Inequality(UnityEngine.UI.ColorBlock,UnityEngine.UI.ColorBlock)	UnityEngine.UI
ColorBlock_GetHashCode_m4264192507_AdjustorThunk	System.Int32 UnityEngine.UI.ColorBlock::GetHashCode()	UnityEngine.UI
ContentSizeFitter__ctor_m2349275633	System.Void UnityEngine.UI.ContentSizeFitter::.ctor()	UnityEngine.UI
ContentSizeFitter_get_horizontalFit_m2773126143	UnityEngine.UI.ContentSizeFitter/FitMode UnityEngine.UI.ContentSizeFitter::get_horizontalFit()	UnityEngine.UI
ContentSizeFitter_set_horizontalFit_m3899698855	System.Void UnityEngine.UI.ContentSizeFitter::set_horizontalFit(UnityEngine.UI.ContentSizeFitter/FitMode)	UnityEngine.UI
ContentSizeFitter_get_verticalFit_m3719038344	UnityEngine.UI.ContentSizeFitter/FitMode UnityEngine.UI.ContentSizeFitter::get_verticalFit()	UnityEngine.UI
ContentSizeFitter_set_verticalFit_m1831566876	System.Void UnityEngine.UI.ContentSizeFitter::set_verticalFit(UnityEngine.UI.ContentSizeFitter/FitMode)	UnityEngine.UI
ContentSizeFitter_get_rectTransform_m3297799590	UnityEngine.RectTransform UnityEngine.UI.ContentSizeFitter::get_rectTransform()	UnityEngine.UI
ContentSizeFitter_OnEnable_m2854655864	System.Void UnityEngine.UI.ContentSizeFitter::OnEnable()	UnityEngine.UI
ContentSizeFitter_OnDisable_m2325498842	System.Void UnityEngine.UI.ContentSizeFitter::OnDisable()	UnityEngine.UI
ContentSizeFitter_OnRectTransformDimensionsChange_m334821925	System.Void UnityEngine.UI.ContentSizeFitter::OnRectTransformDimensionsChange()	UnityEngine.UI
ContentSizeFitter_HandleSelfFittingAlongAxis_m3992075504	System.Void UnityEngine.UI.ContentSizeFitter::HandleSelfFittingAlongAxis(System.Int32)	UnityEngine.UI
ContentSizeFitter_SetLayoutHorizontal_m2833273874	System.Void UnityEngine.UI.ContentSizeFitter::SetLayoutHorizontal()	UnityEngine.UI
ContentSizeFitter_SetLayoutVertical_m659643625	System.Void UnityEngine.UI.ContentSizeFitter::SetLayoutVertical()	UnityEngine.UI
ContentSizeFitter_SetDirty_m3011820997	System.Void UnityEngine.UI.ContentSizeFitter::SetDirty()	UnityEngine.UI
ColorTween_get_startColor_m3792586410_AdjustorThunk	UnityEngine.Color UnityEngine.UI.CoroutineTween.ColorTween::get_startColor()	UnityEngine.UI
ColorTween_set_startColor_m2562993758_AdjustorThunk	System.Void UnityEngine.UI.CoroutineTween.ColorTween::set_startColor(UnityEngine.Color)	UnityEngine.UI
ColorTween_get_targetColor_m1724075482_AdjustorThunk	UnityEngine.Color UnityEngine.UI.CoroutineTween.ColorTween::get_targetColor()	UnityEngine.UI
ColorTween_set_targetColor_m506632790_AdjustorThunk	System.Void UnityEngine.UI.CoroutineTween.ColorTween::set_targetColor(UnityEngine.Color)	UnityEngine.UI
ColorTween_get_tweenMode_m3971971347_AdjustorThunk	UnityEngine.UI.CoroutineTween.ColorTween/ColorTweenMode UnityEngine.UI.CoroutineTween.ColorTween::get_tweenMode()	UnityEngine.UI
ColorTween_set_tweenMode_m1023330492_AdjustorThunk	System.Void UnityEngine.UI.CoroutineTween.ColorTween::set_tweenMode(UnityEngine.UI.CoroutineTween.ColorTween/ColorTweenMode)	UnityEngine.UI
ColorTween_get_duration_m3264097060_AdjustorThunk	System.Single UnityEngine.UI.CoroutineTween.ColorTween::get_duration()	UnityEngine.UI
ColorTween_set_duration_m3134106215_AdjustorThunk	System.Void UnityEngine.UI.CoroutineTween.ColorTween::set_duration(System.Single)	UnityEngine.UI
ColorTween_get_ignoreTimeScale_m1133957174_AdjustorThunk	System.Boolean UnityEngine.UI.CoroutineTween.ColorTween::get_ignoreTimeScale()	UnityEngine.UI
ColorTween_set_ignoreTimeScale_m3192806657_AdjustorThunk	System.Void UnityEngine.UI.CoroutineTween.ColorTween::set_ignoreTimeScale(System.Boolean)	UnityEngine.UI
ColorTween_TweenValue_m3895102629_AdjustorThunk	System.Void UnityEngine.UI.CoroutineTween.ColorTween::TweenValue(System.Single)	UnityEngine.UI
ColorTween_AddOnChangedCallback_m3959760640_AdjustorThunk	System.Void UnityEngine.UI.CoroutineTween.ColorTween::AddOnChangedCallback(UnityEngine.Events.UnityAction`1<UnityEngine.Color>)	UnityEngine.UI
ColorTween_GetIgnoreTimescale_m239215707_AdjustorThunk	System.Boolean UnityEngine.UI.CoroutineTween.ColorTween::GetIgnoreTimescale()	UnityEngine.UI
ColorTween_GetDuration_m689182999_AdjustorThunk	System.Single UnityEngine.UI.CoroutineTween.ColorTween::GetDuration()	UnityEngine.UI
ColorTween_ValidTarget_m376919233_AdjustorThunk	System.Boolean UnityEngine.UI.CoroutineTween.ColorTween::ValidTarget()	UnityEngine.UI
ColorTweenCallback__ctor_m2236520273	System.Void UnityEngine.UI.CoroutineTween.ColorTween/ColorTweenCallback::.ctor()	UnityEngine.UI
FloatTween_get_startValue_m465477046_AdjustorThunk	System.Single UnityEngine.UI.CoroutineTween.FloatTween::get_startValue()	UnityEngine.UI
FloatTween_set_startValue_m53556027_AdjustorThunk	System.Void UnityEngine.UI.CoroutineTween.FloatTween::set_startValue(System.Single)	UnityEngine.UI
FloatTween_get_targetValue_m3648367999_AdjustorThunk	System.Single UnityEngine.UI.CoroutineTween.FloatTween::get_targetValue()	UnityEngine.UI
FloatTween_set_targetValue_m3604919944_AdjustorThunk	System.Void UnityEngine.UI.CoroutineTween.FloatTween::set_targetValue(System.Single)	UnityEngine.UI
FloatTween_get_duration_m1227071020_AdjustorThunk	System.Single UnityEngine.UI.CoroutineTween.FloatTween::get_duration()	UnityEngine.UI
FloatTween_set_duration_m2138901351_AdjustorThunk	System.Void UnityEngine.UI.CoroutineTween.FloatTween::set_duration(System.Single)	UnityEngine.UI
FloatTween_get_ignoreTimeScale_m322812475_AdjustorThunk	System.Boolean UnityEngine.UI.CoroutineTween.FloatTween::get_ignoreTimeScale()	UnityEngine.UI
FloatTween_set_ignoreTimeScale_m2281304002_AdjustorThunk	System.Void UnityEngine.UI.CoroutineTween.FloatTween::set_ignoreTimeScale(System.Boolean)	UnityEngine.UI
FloatTween_TweenValue_m52237061_AdjustorThunk	System.Void UnityEngine.UI.CoroutineTween.FloatTween::TweenValue(System.Single)	UnityEngine.UI
FloatTween_AddOnChangedCallback_m2814315272_AdjustorThunk	System.Void UnityEngine.UI.CoroutineTween.FloatTween::AddOnChangedCallback(UnityEngine.Events.UnityAction`1<System.Single>)	UnityEngine.UI
FloatTween_GetIgnoreTimescale_m2679907650_AdjustorThunk	System.Boolean UnityEngine.UI.CoroutineTween.FloatTween::GetIgnoreTimescale()	UnityEngine.UI
FloatTween_GetDuration_m1576749078_AdjustorThunk	System.Single UnityEngine.UI.CoroutineTween.FloatTween::GetDuration()	UnityEngine.UI
FloatTween_ValidTarget_m885246038_AdjustorThunk	System.Boolean UnityEngine.UI.CoroutineTween.FloatTween::ValidTarget()	UnityEngine.UI
FloatTweenCallback__ctor_m1448508437	System.Void UnityEngine.UI.CoroutineTween.FloatTween/FloatTweenCallback::.ctor()	UnityEngine.UI
DefaultControls_CreateUIElementRoot_m3904573408	UnityEngine.GameObject UnityEngine.UI.DefaultControls::CreateUIElementRoot(System.String,UnityEngine.Vector2)	UnityEngine.UI
DefaultControls_CreateUIObject_m532581332	UnityEngine.GameObject UnityEngine.UI.DefaultControls::CreateUIObject(System.String,UnityEngine.GameObject)	UnityEngine.UI
DefaultControls_SetDefaultTextValues_m1943359795	System.Void UnityEngine.UI.DefaultControls::SetDefaultTextValues(UnityEngine.UI.Text)	UnityEngine.UI
DefaultControls_SetDefaultColorTransitionValues_m2033775311	System.Void UnityEngine.UI.DefaultControls::SetDefaultColorTransitionValues(UnityEngine.UI.Selectable)	UnityEngine.UI
DefaultControls_SetParentAndAlign_m3382741674	System.Void UnityEngine.UI.DefaultControls::SetParentAndAlign(UnityEngine.GameObject,UnityEngine.GameObject)	UnityEngine.UI
DefaultControls_SetLayerRecursively_m68887584	System.Void UnityEngine.UI.DefaultControls::SetLayerRecursively(UnityEngine.GameObject,System.Int32)	UnityEngine.UI
DefaultControls_CreatePanel_m1558173169	UnityEngine.GameObject UnityEngine.UI.DefaultControls::CreatePanel(UnityEngine.UI.DefaultControls/Resources)	UnityEngine.UI
DefaultControls_CreateButton_m2899824576	UnityEngine.GameObject UnityEngine.UI.DefaultControls::CreateButton(UnityEngine.UI.DefaultControls/Resources)	UnityEngine.UI
DefaultControls_CreateText_m3147275492	UnityEngine.GameObject UnityEngine.UI.DefaultControls::CreateText(UnityEngine.UI.DefaultControls/Resources)	UnityEngine.UI
DefaultControls_CreateImage_m2462935101	UnityEngine.GameObject UnityEngine.UI.DefaultControls::CreateImage(UnityEngine.UI.DefaultControls/Resources)	UnityEngine.UI
DefaultControls_CreateRawImage_m4219873755	UnityEngine.GameObject UnityEngine.UI.DefaultControls::CreateRawImage(UnityEngine.UI.DefaultControls/Resources)	UnityEngine.UI
DefaultControls_CreateSlider_m2122506991	UnityEngine.GameObject UnityEngine.UI.DefaultControls::CreateSlider(UnityEngine.UI.DefaultControls/Resources)	UnityEngine.UI
DefaultControls_CreateScrollbar_m3957104967	UnityEngine.GameObject UnityEngine.UI.DefaultControls::CreateScrollbar(UnityEngine.UI.DefaultControls/Resources)	UnityEngine.UI
DefaultControls_CreateToggle_m1236643913	UnityEngine.GameObject UnityEngine.UI.DefaultControls::CreateToggle(UnityEngine.UI.DefaultControls/Resources)	UnityEngine.UI
DefaultControls_CreateInputField_m1003102365	UnityEngine.GameObject UnityEngine.UI.DefaultControls::CreateInputField(UnityEngine.UI.DefaultControls/Resources)	UnityEngine.UI
DefaultControls_CreateDropdown_m3286664171	UnityEngine.GameObject UnityEngine.UI.DefaultControls::CreateDropdown(UnityEngine.UI.DefaultControls/Resources)	UnityEngine.UI
DefaultControls_CreateScrollView_m3842770629	UnityEngine.GameObject UnityEngine.UI.DefaultControls::CreateScrollView(UnityEngine.UI.DefaultControls/Resources)	UnityEngine.UI
DefaultControls__cctor_m3473226132	System.Void UnityEngine.UI.DefaultControls::.cctor()	UnityEngine.UI
Dropdown__ctor_m1700676777	System.Void UnityEngine.UI.Dropdown::.ctor()	UnityEngine.UI
Dropdown_get_template_m2423643119	UnityEngine.RectTransform UnityEngine.UI.Dropdown::get_template()	UnityEngine.UI
Dropdown_set_template_m2175036074	System.Void UnityEngine.UI.Dropdown::set_template(UnityEngine.RectTransform)	UnityEngine.UI
Dropdown_get_captionText_m1926613575	UnityEngine.UI.Text UnityEngine.UI.Dropdown::get_captionText()	UnityEngine.UI
Dropdown_set_captionText_m3070901917	System.Void UnityEngine.UI.Dropdown::set_captionText(UnityEngine.UI.Text)	UnityEngine.UI
Dropdown_get_captionImage_m133475861	UnityEngine.UI.Image UnityEngine.UI.Dropdown::get_captionImage()	UnityEngine.UI
Dropdown_set_captionImage_m900953130	System.Void UnityEngine.UI.Dropdown::set_captionImage(UnityEngine.UI.Image)	UnityEngine.UI
Dropdown_get_itemText_m1109897235	UnityEngine.UI.Text UnityEngine.UI.Dropdown::get_itemText()	UnityEngine.UI
Dropdown_set_itemText_m3799499682	System.Void UnityEngine.UI.Dropdown::set_itemText(UnityEngine.UI.Text)	UnityEngine.UI
Dropdown_get_itemImage_m942638996	UnityEngine.UI.Image UnityEngine.UI.Dropdown::get_itemImage()	UnityEngine.UI
Dropdown_set_itemImage_m3256556110	System.Void UnityEngine.UI.Dropdown::set_itemImage(UnityEngine.UI.Image)	UnityEngine.UI
Dropdown_get_options_m2762539965	System.Collections.Generic.List`1<UnityEngine.UI.Dropdown/OptionData> UnityEngine.UI.Dropdown::get_options()	UnityEngine.UI
Dropdown_set_options_m2660229789	System.Void UnityEngine.UI.Dropdown::set_options(System.Collections.Generic.List`1<UnityEngine.UI.Dropdown/OptionData>)	UnityEngine.UI
Dropdown_get_onValueChanged_m2462066659	UnityEngine.UI.Dropdown/DropdownEvent UnityEngine.UI.Dropdown::get_onValueChanged()	UnityEngine.UI
Dropdown_set_onValueChanged_m2760296953	System.Void UnityEngine.UI.Dropdown::set_onValueChanged(UnityEngine.UI.Dropdown/DropdownEvent)	UnityEngine.UI
Dropdown_get_value_m1555353112	System.Int32 UnityEngine.UI.Dropdown::get_value()	UnityEngine.UI
Dropdown_set_value_m1048320169	System.Void UnityEngine.UI.Dropdown::set_value(System.Int32)	UnityEngine.UI
Dropdown_Awake_m3140021404	System.Void UnityEngine.UI.Dropdown::Awake()	UnityEngine.UI
Dropdown_RefreshShownValue_m2806045241	System.Void UnityEngine.UI.Dropdown::RefreshShownValue()	UnityEngine.UI
Dropdown_AddOptions_m3733885929	System.Void UnityEngine.UI.Dropdown::AddOptions(System.Collections.Generic.List`1<UnityEngine.UI.Dropdown/OptionData>)	UnityEngine.UI
Dropdown_AddOptions_m2776940360	System.Void UnityEngine.UI.Dropdown::AddOptions(System.Collections.Generic.List`1<System.String>)	UnityEngine.UI
Dropdown_AddOptions_m3385413238	System.Void UnityEngine.UI.Dropdown::AddOptions(System.Collections.Generic.List`1<UnityEngine.Sprite>)	UnityEngine.UI
Dropdown_ClearOptions_m4085591601	System.Void UnityEngine.UI.Dropdown::ClearOptions()	UnityEngine.UI
Dropdown_SetupTemplate_m628218778	System.Void UnityEngine.UI.Dropdown::SetupTemplate()	UnityEngine.UI
Dropdown_OnPointerClick_m1415070161	System.Void UnityEngine.UI.Dropdown::OnPointerClick(UnityEngine.EventSystems.PointerEventData)	UnityEngine.UI
Dropdown_OnSubmit_m1624226516	System.Void UnityEngine.UI.Dropdown::OnSubmit(UnityEngine.EventSystems.BaseEventData)	UnityEngine.UI
Dropdown_OnCancel_m1495594239	System.Void UnityEngine.UI.Dropdown::OnCancel(UnityEngine.EventSystems.BaseEventData)	UnityEngine.UI
Dropdown_Show_m416104008	System.Void UnityEngine.UI.Dropdown::Show()	UnityEngine.UI
Dropdown_CreateBlocker_m3770415402	UnityEngine.GameObject UnityEngine.UI.Dropdown::CreateBlocker(UnityEngine.Canvas)	UnityEngine.UI
Dropdown_DestroyBlocker_m3521014447	System.Void UnityEngine.UI.Dropdown::DestroyBlocker(UnityEngine.GameObject)	UnityEngine.UI
Dropdown_CreateDropdownList_m1942698940	UnityEngine.GameObject UnityEngine.UI.Dropdown::CreateDropdownList(UnityEngine.GameObject)	UnityEngine.UI
Dropdown_DestroyDropdownList_m3471771287	System.Void UnityEngine.UI.Dropdown::DestroyDropdownList(UnityEngine.GameObject)	UnityEngine.UI
Dropdown_CreateItem_m2954407740	UnityEngine.UI.Dropdown/DropdownItem UnityEngine.UI.Dropdown::CreateItem(UnityEngine.UI.Dropdown/DropdownItem)	UnityEngine.UI
Dropdown_DestroyItem_m3713143806	System.Void UnityEngine.UI.Dropdown::DestroyItem(UnityEngine.UI.Dropdown/DropdownItem)	UnityEngine.UI
Dropdown_AddItem_m2786881950	UnityEngine.UI.Dropdown/DropdownItem UnityEngine.UI.Dropdown::AddItem(UnityEngine.UI.Dropdown/OptionData,System.Boolean,UnityEngine.UI.Dropdown/DropdownItem,System.Collections.Generic.List`1<UnityEngine.UI.Dropdown/DropdownItem>)	UnityEngine.UI
Dropdown_AlphaFadeList_m655407379	System.Void UnityEngine.UI.Dropdown::AlphaFadeList(System.Single,System.Single)	UnityEngine.UI
Dropdown_AlphaFadeList_m1699716780	System.Void UnityEngine.UI.Dropdown::AlphaFadeList(System.Single,System.Single,System.Single)	UnityEngine.UI
Dropdown_SetAlpha_m1239159651	System.Void UnityEngine.UI.Dropdown::SetAlpha(System.Single)	UnityEngine.UI
Dropdown_Hide_m504034854	System.Void UnityEngine.UI.Dropdown::Hide()	UnityEngine.UI
Dropdown_DelayedDestroyDropdownList_m2082128994	System.Collections.IEnumerator UnityEngine.UI.Dropdown::DelayedDestroyDropdownList(System.Single)	UnityEngine.UI
Dropdown_OnSelectItem_m1641808655	System.Void UnityEngine.UI.Dropdown::OnSelectItem(UnityEngine.UI.Toggle)	UnityEngine.UI
Dropdown__cctor_m2344436140	System.Void UnityEngine.UI.Dropdown::.cctor()	UnityEngine.UI
U3CDelayedDestroyDropdownListU3Ec__Iterator0__ctor_m912479353	System.Void UnityEngine.UI.Dropdown/<DelayedDestroyDropdownList>c__Iterator0::.ctor()	UnityEngine.UI
U3CDelayedDestroyDropdownListU3Ec__Iterator0_MoveNext_m213723240	System.Boolean UnityEngine.UI.Dropdown/<DelayedDestroyDropdownList>c__Iterator0::MoveNext()	UnityEngine.UI
U3CDelayedDestroyDropdownListU3Ec__Iterator0_System_Collections_Generic_IEnumeratorU3CobjectU3E_get_Current_m3499212314	System.Object UnityEngine.UI.Dropdown/<DelayedDestroyDropdownList>c__Iterator0::System.Collections.Generic.IEnumerator<object>.get_Current()	UnityEngine.UI
U3CDelayedDestroyDropdownListU3Ec__Iterator0_System_Collections_IEnumerator_get_Current_m1619733476	System.Object UnityEngine.UI.Dropdown/<DelayedDestroyDropdownList>c__Iterator0::System.Collections.IEnumerator.get_Current()	UnityEngine.UI
U3CDelayedDestroyDropdownListU3Ec__Iterator0_Dispose_m100123149	System.Void UnityEngine.UI.Dropdown/<DelayedDestroyDropdownList>c__Iterator0::Dispose()	UnityEngine.UI
U3CDelayedDestroyDropdownListU3Ec__Iterator0_Reset_m4287314593	System.Void UnityEngine.UI.Dropdown/<DelayedDestroyDropdownList>c__Iterator0::Reset()	UnityEngine.UI
U3CShowU3Ec__AnonStorey1__ctor_m2599919814	System.Void UnityEngine.UI.Dropdown/<Show>c__AnonStorey1::.ctor()	UnityEngine.UI
U3CShowU3Ec__AnonStorey1_U3CU3Em__0_m2340880019	System.Void UnityEngine.UI.Dropdown/<Show>c__AnonStorey1::<>m__0(System.Boolean)	UnityEngine.UI
DropdownEvent__ctor_m81409265	System.Void UnityEngine.UI.Dropdown/DropdownEvent::.ctor()	UnityEngine.UI
DropdownItem__ctor_m3140288847	System.Void UnityEngine.UI.Dropdown/DropdownItem::.ctor()	UnityEngine.UI
DropdownItem_get_text_m53291943	UnityEngine.UI.Text UnityEngine.UI.Dropdown/DropdownItem::get_text()	UnityEngine.UI
DropdownItem_set_text_m3702712387	System.Void UnityEngine.UI.Dropdown/DropdownItem::set_text(UnityEngine.UI.Text)	UnityEngine.UI
DropdownItem_get_image_m1112395429	UnityEngine.UI.Image UnityEngine.UI.Dropdown/DropdownItem::get_image()	UnityEngine.UI
DropdownItem_set_image_m2310070538	System.Void UnityEngine.UI.Dropdown/DropdownItem::set_image(UnityEngine.UI.Image)	UnityEngine.UI
DropdownItem_get_rectTransform_m3147806615	UnityEngine.RectTransform UnityEngine.UI.Dropdown/DropdownItem::get_rectTransform()	UnityEngine.UI
DropdownItem_set_rectTransform_m543763080	System.Void UnityEngine.UI.Dropdown/DropdownItem::set_rectTransform(UnityEngine.RectTransform)	UnityEngine.UI
DropdownItem_get_toggle_m2434100135	UnityEngine.UI.Toggle UnityEngine.UI.Dropdown/DropdownItem::get_toggle()	UnityEngine.UI
DropdownItem_set_toggle_m2800190832	System.Void UnityEngine.UI.Dropdown/DropdownItem::set_toggle(UnityEngine.UI.Toggle)	UnityEngine.UI
DropdownItem_OnPointerEnter_m1492957598	System.Void UnityEngine.UI.Dropdown/DropdownItem::OnPointerEnter(UnityEngine.EventSystems.PointerEventData)	UnityEngine.UI
DropdownItem_OnCancel_m203716718	System.Void UnityEngine.UI.Dropdown/DropdownItem::OnCancel(UnityEngine.EventSystems.BaseEventData)	UnityEngine.UI
OptionData__ctor_m2529924901	System.Void UnityEngine.UI.Dropdown/OptionData::.ctor()	UnityEngine.UI
OptionData__ctor_m2696491456	System.Void UnityEngine.UI.Dropdown/OptionData::.ctor(System.String)	UnityEngine.UI
OptionData__ctor_m32633487	System.Void UnityEngine.UI.Dropdown/OptionData::.ctor(UnityEngine.Sprite)	UnityEngine.UI
OptionData__ctor_m528877356	System.Void UnityEngine.UI.Dropdown/OptionData::.ctor(System.String,UnityEngine.Sprite)	UnityEngine.UI
OptionData_get_text_m2997376818	System.String UnityEngine.UI.Dropdown/OptionData::get_text()	UnityEngine.UI
OptionData_set_text_m2462067199	System.Void UnityEngine.UI.Dropdown/OptionData::set_text(System.String)	UnityEngine.UI
OptionData_get_image_m2796360767	UnityEngine.Sprite UnityEngine.UI.Dropdown/OptionData::get_image()	UnityEngine.UI
OptionData_set_image_m793551897	System.Void UnityEngine.UI.Dropdown/OptionData::set_image(UnityEngine.Sprite)	UnityEngine.UI
OptionDataList__ctor_m4134748699	System.Void UnityEngine.UI.Dropdown/OptionDataList::.ctor()	UnityEngine.UI
OptionDataList_get_options_m1082668073	System.Collections.Generic.List`1<UnityEngine.UI.Dropdown/OptionData> UnityEngine.UI.Dropdown/OptionDataList::get_options()	UnityEngine.UI
OptionDataList_set_options_m1483938594	System.Void UnityEngine.UI.Dropdown/OptionDataList::set_options(System.Collections.Generic.List`1<UnityEngine.UI.Dropdown/OptionData>)	UnityEngine.UI
FontData__ctor_m675074493	System.Void UnityEngine.UI.FontData::.ctor()	UnityEngine.UI
FontData_get_defaultFontData_m1721612217	UnityEngine.UI.FontData UnityEngine.UI.FontData::get_defaultFontData()	UnityEngine.UI
FontData_get_font_m2720086288	UnityEngine.Font UnityEngine.UI.FontData::get_font()	UnityEngine.UI
FontData_set_font_m3514564971	System.Void UnityEngine.UI.FontData::set_font(UnityEngine.Font)	UnityEngine.UI
FontData_get_fontSize_m4142428560	System.Int32 UnityEngine.UI.FontData::get_fontSize()	UnityEngine.UI
FontData_set_fontSize_m2765857076	System.Void UnityEngine.UI.FontData::set_fontSize(System.Int32)	UnityEngine.UI
FontData_get_fontStyle_m4265053049	UnityEngine.FontStyle UnityEngine.UI.FontData::get_fontStyle()	UnityEngine.UI
FontData_set_fontStyle_m3365296225	System.Void UnityEngine.UI.FontData::set_fontStyle(UnityEngine.FontStyle)	UnityEngine.UI
FontData_get_bestFit_m162767615	System.Boolean UnityEngine.UI.FontData::get_bestFit()	UnityEngine.UI
FontData_set_bestFit_m199436960	System.Void UnityEngine.UI.FontData::set_bestFit(System.Boolean)	UnityEngine.UI
FontData_get_minSize_m4139263154	System.Int32 UnityEngine.UI.FontData::get_minSize()	UnityEngine.UI
FontData_set_minSize_m213866975	System.Void UnityEngine.UI.FontData::set_minSize(System.Int32)	UnityEngine.UI
FontData_get_maxSize_m195374730	System.Int32 UnityEngine.UI.FontData::get_maxSize()	UnityEngine.UI
FontData_set_maxSize_m1770582000	System.Void UnityEngine.UI.FontData::set_maxSize(System.Int32)	UnityEngine.UI
FontData_get_alignment_m3694916235	UnityEngine.TextAnchor UnityEngine.UI.FontData::get_alignment()	UnityEngine.UI
FontData_set_alignment_m1506742557	System.Void UnityEngine.UI.FontData::set_alignment(UnityEngine.TextAnchor)	UnityEngine.UI
FontData_get_alignByGeometry_m2805576119	System.Boolean UnityEngine.UI.FontData::get_alignByGeometry()	UnityEngine.UI
FontData_set_alignByGeometry_m3039505596	System.Void UnityEngine.UI.FontData::set_alignByGeometry(System.Boolean)	UnityEngine.UI
FontData_get_richText_m3425673597	System.Boolean UnityEngine.UI.FontData::get_richText()	UnityEngine.UI
FontData_set_richText_m993590067	System.Void UnityEngine.UI.FontData::set_richText(System.Boolean)	UnityEngine.UI
FontData_get_horizontalOverflow_m2769815943	UnityEngine.HorizontalWrapMode UnityEngine.UI.FontData::get_horizontalOverflow()	UnityEngine.UI
FontData_set_horizontalOverflow_m83710366	System.Void UnityEngine.UI.FontData::set_horizontalOverflow(UnityEngine.HorizontalWrapMode)	UnityEngine.UI
FontData_get_verticalOverflow_m4132840071	UnityEngine.VerticalWrapMode UnityEngine.UI.FontData::get_verticalOverflow()	UnityEngine.UI
FontData_set_verticalOverflow_m3628581825	System.Void UnityEngine.UI.FontData::set_verticalOverflow(UnityEngine.VerticalWrapMode)	UnityEngine.UI
FontData_get_lineSpacing_m2772945641	System.Single UnityEngine.UI.FontData::get_lineSpacing()	UnityEngine.UI
FontData_set_lineSpacing_m3900627226	System.Void UnityEngine.UI.FontData::set_lineSpacing(System.Single)	UnityEngine.UI
FontData_UnityEngine_ISerializationCallbackReceiver_OnBeforeSerialize_m989622626	System.Void UnityEngine.UI.FontData::UnityEngine.ISerializationCallbackReceiver.OnBeforeSerialize()	UnityEngine.UI
FontData_UnityEngine_ISerializationCallbackReceiver_OnAfterDeserialize_m3048294344	System.Void UnityEngine.UI.FontData::UnityEngine.ISerializationCallbackReceiver.OnAfterDeserialize()	UnityEngine.UI
FontUpdateTracker_TrackText_m2951516607	System.Void UnityEngine.UI.FontUpdateTracker::TrackText(UnityEngine.UI.Text)	UnityEngine.UI
FontUpdateTracker_RebuildForFont_m3134452007	System.Void UnityEngine.UI.FontUpdateTracker::RebuildForFont(UnityEngine.Font)	UnityEngine.UI
FontUpdateTracker_UntrackText_m1981515690	System.Void UnityEngine.UI.FontUpdateTracker::UntrackText(UnityEngine.UI.Text)	UnityEngine.UI
FontUpdateTracker__cctor_m2240862595	System.Void UnityEngine.UI.FontUpdateTracker::.cctor()	UnityEngine.UI
Graphic__ctor_m2983567630	System.Void UnityEngine.UI.Graphic::.ctor()	UnityEngine.UI
Graphic_get_defaultGraphicMaterial_m3107284931	UnityEngine.Material UnityEngine.UI.Graphic::get_defaultGraphicMaterial()	UnityEngine.UI
Graphic_get_color_m2731989707	UnityEngine.Color UnityEngine.UI.Graphic::get_color()	UnityEngine.UI
Graphic_set_color_m2041411727	System.Void UnityEngine.UI.Graphic::set_color(UnityEngine.Color)	UnityEngine.UI
Graphic_get_raycastTarget_m4143755141	System.Boolean UnityEngine.UI.Graphic::get_raycastTarget()	UnityEngine.UI
Graphic_set_raycastTarget_m3818410079	System.Void UnityEngine.UI.Graphic::set_raycastTarget(System.Boolean)	UnityEngine.UI
Graphic_get_useLegacyMeshGeneration_m1086077976	System.Boolean UnityEngine.UI.Graphic::get_useLegacyMeshGeneration()	UnityEngine.UI
Graphic_set_useLegacyMeshGeneration_m2447316585	System.Void UnityEngine.UI.Graphic::set_useLegacyMeshGeneration(System.Boolean)	UnityEngine.UI
Graphic_SetAllDirty_m2014005486	System.Void UnityEngine.UI.Graphic::SetAllDirty()	UnityEngine.UI
Graphic_SetLayoutDirty_m3972378721	System.Void UnityEngine.UI.Graphic::SetLayoutDirty()	UnityEngine.UI
Graphic_SetVerticesDirty_m2124914069	System.Void UnityEngine.UI.Graphic::SetVerticesDirty()	UnityEngine.UI
Graphic_SetMaterialDirty_m2543080821	System.Void UnityEngine.UI.Graphic::SetMaterialDirty()	UnityEngine.UI
Graphic_OnRectTransformDimensionsChange_m3695755375	System.Void UnityEngine.UI.Graphic::OnRectTransformDimensionsChange()	UnityEngine.UI
Graphic_OnBeforeTransformParentChanged_m4229077069	System.Void UnityEngine.UI.Graphic::OnBeforeTransformParentChanged()	UnityEngine.UI
Graphic_OnTransformParentChanged_m3266023844	System.Void UnityEngine.UI.Graphic::OnTransformParentChanged()	UnityEngine.UI
Graphic_get_depth_m815589653	System.Int32 UnityEngine.UI.Graphic::get_depth()	UnityEngine.UI
Graphic_get_rectTransform_m1167152468	UnityEngine.RectTransform UnityEngine.UI.Graphic::get_rectTransform()	UnityEngine.UI
Graphic_get_canvas_m3320066409	UnityEngine.Canvas UnityEngine.UI.Graphic::get_canvas()	UnityEngine.UI
Graphic_CacheCanvas_m1120385152	System.Void UnityEngine.UI.Graphic::CacheCanvas()	UnityEngine.UI
Graphic_get_canvasRenderer_m315509948	UnityEngine.CanvasRenderer UnityEngine.UI.Graphic::get_canvasRenderer()	UnityEngine.UI
Graphic_get_defaultMaterial_m2375635654	UnityEngine.Material UnityEngine.UI.Graphic::get_defaultMaterial()	UnityEngine.UI
Graphic_get_material_m3836510473	UnityEngine.Material UnityEngine.UI.Graphic::get_material()	UnityEngine.UI
Graphic_set_material_m3991349725	System.Void UnityEngine.UI.Graphic::set_material(UnityEngine.Material)	UnityEngine.UI
Graphic_get_materialForRendering_m3686316027	UnityEngine.Material UnityEngine.UI.Graphic::get_materialForRendering()	UnityEngine.UI
Graphic_get_mainTexture_m147151966	UnityEngine.Texture UnityEngine.UI.Graphic::get_mainTexture()	UnityEngine.UI
Graphic_OnEnable_m3893553015	System.Void UnityEngine.UI.Graphic::OnEnable()	UnityEngine.UI
Graphic_OnDisable_m1097930217	System.Void UnityEngine.UI.Graphic::OnDisable()	UnityEngine.UI
Graphic_OnCanvasHierarchyChanged_m3895011287	System.Void UnityEngine.UI.Graphic::OnCanvasHierarchyChanged()	UnityEngine.UI
Graphic_Rebuild_m4084166386	System.Void UnityEngine.UI.Graphic::Rebuild(UnityEngine.UI.CanvasUpdate)	UnityEngine.UI
Graphic_LayoutComplete_m1648939220	System.Void UnityEngine.UI.Graphic::LayoutComplete()	UnityEngine.UI
Graphic_GraphicUpdateComplete_m1502194795	System.Void UnityEngine.UI.Graphic::GraphicUpdateComplete()	UnityEngine.UI
Graphic_UpdateMaterial_m3107761958	System.Void UnityEngine.UI.Graphic::UpdateMaterial()	UnityEngine.UI
Graphic_UpdateGeometry_m1153074938	System.Void UnityEngine.UI.Graphic::UpdateGeometry()	UnityEngine.UI
Graphic_DoMeshGeneration_m3548487693	System.Void UnityEngine.UI.Graphic::DoMeshGeneration()	UnityEngine.UI
Graphic_DoLegacyMeshGeneration_m3753895323	System.Void UnityEngine.UI.Graphic::DoLegacyMeshGeneration()	UnityEngine.UI
Graphic_get_workerMesh_m997382591	UnityEngine.Mesh UnityEngine.UI.Graphic::get_workerMesh()	UnityEngine.UI
Graphic_OnFillVBO_m1026749972	System.Void UnityEngine.UI.Graphic::OnFillVBO(System.Collections.Generic.List`1<UnityEngine.UIVertex>)	UnityEngine.UI
Graphic_OnPopulateMesh_m2916877004	System.Void UnityEngine.UI.Graphic::OnPopulateMesh(UnityEngine.Mesh)	UnityEngine.UI
Graphic_OnPopulateMesh_m767318148	System.Void UnityEngine.UI.Graphic::OnPopulateMesh(UnityEngine.UI.VertexHelper)	UnityEngine.UI
Graphic_OnDidApplyAnimationProperties_m3410199729	System.Void UnityEngine.UI.Graphic::OnDidApplyAnimationProperties()	UnityEngine.UI
Graphic_SetNativeSize_m220295900	System.Void UnityEngine.UI.Graphic::SetNativeSize()	UnityEngine.UI
Graphic_Raycast_m1154957199	System.Boolean UnityEngine.UI.Graphic::Raycast(UnityEngine.Vector2,UnityEngine.Camera)	UnityEngine.UI
Graphic_PixelAdjustPoint_m2668101213	UnityEngine.Vector2 UnityEngine.UI.Graphic::PixelAdjustPoint(UnityEngine.Vector2)	UnityEngine.UI
Graphic_GetPixelAdjustedRect_m3729397999	UnityEngine.Rect UnityEngine.UI.Graphic::GetPixelAdjustedRect()	UnityEngine.UI
Graphic_CrossFadeColor_m678806803	System.Void UnityEngine.UI.Graphic::CrossFadeColor(UnityEngine.Color,System.Single,System.Boolean,System.Boolean)	UnityEngine.UI
Graphic_CrossFadeColor_m1160781677	System.Void UnityEngine.UI.Graphic::CrossFadeColor(UnityEngine.Color,System.Single,System.Boolean,System.Boolean,System.Boolean)	UnityEngine.UI
Graphic_CreateColorFromAlpha_m2385396568	UnityEngine.Color UnityEngine.UI.Graphic::CreateColorFromAlpha(System.Single)	UnityEngine.UI
Graphic_CrossFadeAlpha_m3597287295	System.Void UnityEngine.UI.Graphic::CrossFadeAlpha(System.Single,System.Single,System.Boolean)	UnityEngine.UI
Graphic_RegisterDirtyLayoutCallback_m1235519898	System.Void UnityEngine.UI.Graphic::RegisterDirtyLayoutCallback(UnityEngine.Events.UnityAction)	UnityEngine.UI
Graphic_UnregisterDirtyLayoutCallback_m3305198023	System.Void UnityEngine.UI.Graphic::UnregisterDirtyLayoutCallback(UnityEngine.Events.UnityAction)	UnityEngine.UI
Graphic_RegisterDirtyVerticesCallback_m3084077827	System.Void UnityEngine.UI.Graphic::RegisterDirtyVerticesCallback(UnityEngine.Events.UnityAction)	UnityEngine.UI
Graphic_UnregisterDirtyVerticesCallback_m3420596705	System.Void UnityEngine.UI.Graphic::UnregisterDirtyVerticesCallback(UnityEngine.Events.UnityAction)	UnityEngine.UI
Graphic_RegisterDirtyMaterialCallback_m106898453	System.Void UnityEngine.UI.Graphic::RegisterDirtyMaterialCallback(UnityEngine.Events.UnityAction)	UnityEngine.UI
Graphic_UnregisterDirtyMaterialCallback_m2707090617	System.Void UnityEngine.UI.Graphic::UnregisterDirtyMaterialCallback(UnityEngine.Events.UnityAction)	UnityEngine.UI
Graphic__cctor_m899479397	System.Void UnityEngine.UI.Graphic::.cctor()	UnityEngine.UI
Graphic_UnityEngine_UI_ICanvasElement_get_transform_m1536836045	UnityEngine.Transform UnityEngine.UI.Graphic::UnityEngine.UI.ICanvasElement.get_transform()	UnityEngine.UI
GraphicRaycaster__ctor_m646559428	System.Void UnityEngine.UI.GraphicRaycaster::.ctor()	UnityEngine.UI
GraphicRaycaster_get_sortOrderPriority_m2930590232	System.Int32 UnityEngine.UI.GraphicRaycaster::get_sortOrderPriority()	UnityEngine.UI
GraphicRaycaster_get_renderOrderPriority_m2408535120	System.Int32 UnityEngine.UI.GraphicRaycaster::get_renderOrderPriority()	UnityEngine.UI
GraphicRaycaster_get_ignoreReversedGraphics_m1161036342	System.Boolean UnityEngine.UI.GraphicRaycaster::get_ignoreReversedGraphics()	UnityEngine.UI
GraphicRaycaster_set_ignoreReversedGraphics_m690171947	System.Void UnityEngine.UI.GraphicRaycaster::set_ignoreReversedGraphics(System.Boolean)	UnityEngine.UI
GraphicRaycaster_get_blockingObjects_m3603956738	UnityEngine.UI.GraphicRaycaster/BlockingObjects UnityEngine.UI.GraphicRaycaster::get_blockingObjects()	UnityEngine.UI
GraphicRaycaster_set_blockingObjects_m298123797	System.Void UnityEngine.UI.GraphicRaycaster::set_blockingObjects(UnityEngine.UI.GraphicRaycaster/BlockingObjects)	UnityEngine.UI
GraphicRaycaster_get_canvas_m1862724117	UnityEngine.Canvas UnityEngine.UI.GraphicRaycaster::get_canvas()	UnityEngine.UI
GraphicRaycaster_Raycast_m3306574728	System.Void UnityEngine.UI.GraphicRaycaster::Raycast(UnityEngine.EventSystems.PointerEventData,System.Collections.Generic.List`1<UnityEngine.EventSystems.RaycastResult>)	UnityEngine.UI
GraphicRaycaster_get_eventCamera_m1583115693	UnityEngine.Camera UnityEngine.UI.GraphicRaycaster::get_eventCamera()	UnityEngine.UI
GraphicRaycaster_Raycast_m529388587	System.Void UnityEngine.UI.GraphicRaycaster::Raycast(UnityEngine.Canvas,UnityEngine.Camera,UnityEngine.Vector2,System.Collections.Generic.IList`1<UnityEngine.UI.Graphic>,System.Collections.Generic.List`1<UnityEngine.UI.Graphic>)	UnityEngine.UI
GraphicRaycaster__cctor_m3758203673	System.Void UnityEngine.UI.GraphicRaycaster::.cctor()	UnityEngine.UI
GraphicRaycaster_U3CRaycastU3Em__0_m4062470111	System.Int32 UnityEngine.UI.GraphicRaycaster::<Raycast>m__0(UnityEngine.UI.Graphic,UnityEngine.UI.Graphic)	UnityEngine.UI
GraphicRegistry__ctor_m1851575309	System.Void UnityEngine.UI.GraphicRegistry::.ctor()	UnityEngine.UI
GraphicRegistry_get_instance_m2698054099	UnityEngine.UI.GraphicRegistry UnityEngine.UI.GraphicRegistry::get_instance()	UnityEngine.UI
GraphicRegistry_RegisterGraphicForCanvas_m1220349701	System.Void UnityEngine.UI.GraphicRegistry::RegisterGraphicForCanvas(UnityEngine.Canvas,UnityEngine.UI.Graphic)	UnityEngine.UI
GraphicRegistry_UnregisterGraphicForCanvas_m2540204166	System.Void UnityEngine.UI.GraphicRegistry::UnregisterGraphicForCanvas(UnityEngine.Canvas,UnityEngine.UI.Graphic)	UnityEngine.UI
GraphicRegistry_GetGraphicsForCanvas_m4219276355	System.Collections.Generic.IList`1<UnityEngine.UI.Graphic> UnityEngine.UI.GraphicRegistry::GetGraphicsForCanvas(UnityEngine.Canvas)	UnityEngine.UI
GraphicRegistry__cctor_m1805310505	System.Void UnityEngine.UI.GraphicRegistry::.cctor()	UnityEngine.UI
GridLayoutGroup__ctor_m962500564	System.Void UnityEngine.UI.GridLayoutGroup::.ctor()	UnityEngine.UI
GridLayoutGroup_get_startCorner_m1180173222	UnityEngine.UI.GridLayoutGroup/Corner UnityEngine.UI.GridLayoutGroup::get_startCorner()	UnityEngine.UI
GridLayoutGroup_set_startCorner_m1175598702	System.Void UnityEngine.UI.GridLayoutGroup::set_startCorner(UnityEngine.UI.GridLayoutGroup/Corner)	UnityEngine.UI
GridLayoutGroup_get_startAxis_m2956044203	UnityEngine.UI.GridLayoutGroup/Axis UnityEngine.UI.GridLayoutGroup::get_startAxis()	UnityEngine.UI
GridLayoutGroup_set_startAxis_m837106447	System.Void UnityEngine.UI.GridLayoutGroup::set_startAxis(UnityEngine.UI.GridLayoutGroup/Axis)	UnityEngine.UI
GridLayoutGroup_get_cellSize_m2967185053	UnityEngine.Vector2 UnityEngine.UI.GridLayoutGroup::get_cellSize()	UnityEngine.UI
GridLayoutGroup_set_cellSize_m2242080459	System.Void UnityEngine.UI.GridLayoutGroup::set_cellSize(UnityEngine.Vector2)	UnityEngine.UI
GridLayoutGroup_get_spacing_m2409263614	UnityEngine.Vector2 UnityEngine.UI.GridLayoutGroup::get_spacing()	UnityEngine.UI
GridLayoutGroup_set_spacing_m1108391553	System.Void UnityEngine.UI.GridLayoutGroup::set_spacing(UnityEngine.Vector2)	UnityEngine.UI
GridLayoutGroup_get_constraint_m3242222965	UnityEngine.UI.GridLayoutGroup/Constraint UnityEngine.UI.GridLayoutGroup::get_constraint()	UnityEngine.UI
GridLayoutGroup_set_constraint_m3308895167	System.Void UnityEngine.UI.GridLayoutGroup::set_constraint(UnityEngine.UI.GridLayoutGroup/Constraint)	UnityEngine.UI
GridLayoutGroup_get_constraintCount_m2563007422	System.Int32 UnityEngine.UI.GridLayoutGroup::get_constraintCount()	UnityEngine.UI
GridLayoutGroup_set_constraintCount_m1234326406	System.Void UnityEngine.UI.GridLayoutGroup::set_constraintCount(System.Int32)	UnityEngine.UI
GridLayoutGroup_CalculateLayoutInputHorizontal_m3487522369	System.Void UnityEngine.UI.GridLayoutGroup::CalculateLayoutInputHorizontal()	UnityEngine.UI
GridLayoutGroup_CalculateLayoutInputVertical_m357562599	System.Void UnityEngine.UI.GridLayoutGroup::CalculateLayoutInputVertical()	UnityEngine.UI
GridLayoutGroup_SetLayoutHorizontal_m2838109254	System.Void UnityEngine.UI.GridLayoutGroup::SetLayoutHorizontal()	UnityEngine.UI
GridLayoutGroup_SetLayoutVertical_m2106427802	System.Void UnityEngine.UI.GridLayoutGroup::SetLayoutVertical()	UnityEngine.UI
GridLayoutGroup_SetCellsAlongAxis_m2682312211	System.Void UnityEngine.UI.GridLayoutGroup::SetCellsAlongAxis(System.Int32)	UnityEngine.UI
HorizontalLayoutGroup__ctor_m634100698	System.Void UnityEngine.UI.HorizontalLayoutGroup::.ctor()	UnityEngine.UI
HorizontalLayoutGroup_CalculateLayoutInputHorizontal_m750541069	System.Void UnityEngine.UI.HorizontalLayoutGroup::CalculateLayoutInputHorizontal()	UnityEngine.UI
HorizontalLayoutGroup_CalculateLayoutInputVertical_m3705500451	System.Void UnityEngine.UI.HorizontalLayoutGroup::CalculateLayoutInputVertical()	UnityEngine.UI
HorizontalLayoutGroup_SetLayoutHorizontal_m1158877449	System.Void UnityEngine.UI.HorizontalLayoutGroup::SetLayoutHorizontal()	UnityEngine.UI
HorizontalLayoutGroup_SetLayoutVertical_m1890267290	System.Void UnityEngine.UI.HorizontalLayoutGroup::SetLayoutVertical()	UnityEngine.UI
HorizontalOrVerticalLayoutGroup__ctor_m2302505481	System.Void UnityEngine.UI.HorizontalOrVerticalLayoutGroup::.ctor()	UnityEngine.UI
HorizontalOrVerticalLayoutGroup_get_spacing_m1961904383	System.Single UnityEngine.UI.HorizontalOrVerticalLayoutGroup::get_spacing()	UnityEngine.UI
HorizontalOrVerticalLayoutGroup_set_spacing_m2985153311	System.Void UnityEngine.UI.HorizontalOrVerticalLayoutGroup::set_spacing(System.Single)	UnityEngine.UI
HorizontalOrVerticalLayoutGroup_get_childForceExpandWidth_m1852427784	System.Boolean UnityEngine.UI.HorizontalOrVerticalLayoutGroup::get_childForceExpandWidth()	UnityEngine.UI
HorizontalOrVerticalLayoutGroup_set_childForceExpandWidth_m2932395251	System.Void UnityEngine.UI.HorizontalOrVerticalLayoutGroup::set_childForceExpandWidth(System.Boolean)	UnityEngine.UI
HorizontalOrVerticalLayoutGroup_get_childForceExpandHeight_m2670548533	System.Boolean UnityEngine.UI.HorizontalOrVerticalLayoutGroup::get_childForceExpandHeight()	UnityEngine.UI
HorizontalOrVerticalLayoutGroup_set_childForceExpandHeight_m1754245348	System.Void UnityEngine.UI.HorizontalOrVerticalLayoutGroup::set_childForceExpandHeight(System.Boolean)	UnityEngine.UI
HorizontalOrVerticalLayoutGroup_get_childControlWidth_m4011470240	System.Boolean UnityEngine.UI.HorizontalOrVerticalLayoutGroup::get_childControlWidth()	UnityEngine.UI
HorizontalOrVerticalLayoutGroup_set_childControlWidth_m3261460516	System.Void UnityEngine.UI.HorizontalOrVerticalLayoutGroup::set_childControlWidth(System.Boolean)	UnityEngine.UI
HorizontalOrVerticalLayoutGroup_get_childControlHeight_m3994400905	System.Boolean UnityEngine.UI.HorizontalOrVerticalLayoutGroup::get_childControlHeight()	UnityEngine.UI
HorizontalOrVerticalLayoutGroup_set_childControlHeight_m1806657287	System.Void UnityEngine.UI.HorizontalOrVerticalLayoutGroup::set_childControlHeight(System.Boolean)	UnityEngine.UI
HorizontalOrVerticalLayoutGroup_CalcAlongAxis_m3977117339	System.Void UnityEngine.UI.HorizontalOrVerticalLayoutGroup::CalcAlongAxis(System.Int32,System.Boolean)	UnityEngine.UI
HorizontalOrVerticalLayoutGroup_SetChildrenAlongAxis_m3119377192	System.Void UnityEngine.UI.HorizontalOrVerticalLayoutGroup::SetChildrenAlongAxis(System.Int32,System.Boolean)	UnityEngine.UI
HorizontalOrVerticalLayoutGroup_GetChildSizes_m2417040	System.Void UnityEngine.UI.HorizontalOrVerticalLayoutGroup::GetChildSizes(UnityEngine.RectTransform,System.Int32,System.Boolean,System.Boolean,System.Single&,System.Single&,System.Single&)	UnityEngine.UI
Image__ctor_m2551076292	System.Void UnityEngine.UI.Image::.ctor()	UnityEngine.UI
Image_get_sprite_m1811690853	UnityEngine.Sprite UnityEngine.UI.Image::get_sprite()	UnityEngine.UI
Image_set_sprite_m2369174689	System.Void UnityEngine.UI.Image::set_sprite(UnityEngine.Sprite)	UnityEngine.UI
Image_get_overrideSprite_m2369911400	UnityEngine.Sprite UnityEngine.UI.Image::get_overrideSprite()	UnityEngine.UI
Image_set_overrideSprite_m3213596394	System.Void UnityEngine.UI.Image::set_overrideSprite(UnityEngine.Sprite)	UnityEngine.UI
Image_get_activeSprite_m3797951869	UnityEngine.Sprite UnityEngine.UI.Image::get_activeSprite()	UnityEngine.UI
Image_get_type_m3606908055	UnityEngine.UI.Image/Type UnityEngine.UI.Image::get_type()	UnityEngine.UI
Image_set_type_m2038193736	System.Void UnityEngine.UI.Image::set_type(UnityEngine.UI.Image/Type)	UnityEngine.UI
Image_get_preserveAspect_m4079097958	System.Boolean UnityEngine.UI.Image::get_preserveAspect()	UnityEngine.UI
Image_set_preserveAspect_m769358756	System.Void UnityEngine.UI.Image::set_preserveAspect(System.Boolean)	UnityEngine.UI
Image_get_fillCenter_m4172650596	System.Boolean UnityEngine.UI.Image::get_fillCenter()	UnityEngine.UI
Image_set_fillCenter_m3776786491	System.Void UnityEngine.UI.Image::set_fillCenter(System.Boolean)	UnityEngine.UI
Image_get_fillMethod_m1027254375	UnityEngine.UI.Image/FillMethod UnityEngine.UI.Image::get_fillMethod()	UnityEngine.UI
Image_set_fillMethod_m872357774	System.Void UnityEngine.UI.Image::set_fillMethod(UnityEngine.UI.Image/FillMethod)	UnityEngine.UI
Image_get_fillAmount_m2193224718	System.Single UnityEngine.UI.Image::get_fillAmount()	UnityEngine.UI
Image_set_fillAmount_m3737925590	System.Void UnityEngine.UI.Image::set_fillAmount(System.Single)	UnityEngine.UI
Image_get_fillClockwise_m69213640	System.Boolean UnityEngine.UI.Image::get_fillClockwise()	UnityEngine.UI
Image_set_fillClockwise_m2210525152	System.Void UnityEngine.UI.Image::set_fillClockwise(System.Boolean)	UnityEngine.UI
Image_get_fillOrigin_m186995707	System.Int32 UnityEngine.UI.Image::get_fillOrigin()	UnityEngine.UI
Image_set_fillOrigin_m469806249	System.Void UnityEngine.UI.Image::set_fillOrigin(System.Int32)	UnityEngine.UI
Image_get_eventAlphaThreshold_m451779238	System.Single UnityEngine.UI.Image::get_eventAlphaThreshold()	UnityEngine.UI
Image_set_eventAlphaThreshold_m1044094134	System.Void UnityEngine.UI.Image::set_eventAlphaThreshold(System.Single)	UnityEngine.UI
Image_get_alphaHitTestMinimumThreshold_m2015654453	System.Single UnityEngine.UI.Image::get_alphaHitTestMinimumThreshold()	UnityEngine.UI
Image_set_alphaHitTestMinimumThreshold_m650063757	System.Void UnityEngine.UI.Image::set_alphaHitTestMinimumThreshold(System.Single)	UnityEngine.UI
Image_get_defaultETC1GraphicMaterial_m173416760	UnityEngine.Material UnityEngine.UI.Image::get_defaultETC1GraphicMaterial()	UnityEngine.UI
Image_get_mainTexture_m44717343	UnityEngine.Texture UnityEngine.UI.Image::get_mainTexture()	UnityEngine.UI
Image_get_hasBorder_m3423344180	System.Boolean UnityEngine.UI.Image::get_hasBorder()	UnityEngine.UI
Image_get_pixelsPerUnit_m3268528463	System.Single UnityEngine.UI.Image::get_pixelsPerUnit()	UnityEngine.UI
Image_get_material_m993110777	UnityEngine.Material UnityEngine.UI.Image::get_material()	UnityEngine.UI
Image_set_material_m639117108	System.Void UnityEngine.UI.Image::set_material(UnityEngine.Material)	UnityEngine.UI
Image_OnBeforeSerialize_m3415525254	System.Void UnityEngine.UI.Image::OnBeforeSerialize()	UnityEngine.UI
Image_OnAfterDeserialize_m2434428489	System.Void UnityEngine.UI.Image::OnAfterDeserialize()	UnityEngine.UI
Image_GetDrawingDimensions_m3060965396	UnityEngine.Vector4 UnityEngine.UI.Image::GetDrawingDimensions(System.Boolean)	UnityEngine.UI
Image_SetNativeSize_m2807421865	System.Void UnityEngine.UI.Image::SetNativeSize()	UnityEngine.UI
Image_OnPopulateMesh_m3827082909	System.Void UnityEngine.UI.Image::OnPopulateMesh(UnityEngine.UI.VertexHelper)	UnityEngine.UI
Image_UpdateMaterial_m320257969	System.Void UnityEngine.UI.Image::UpdateMaterial()	UnityEngine.UI
Image_GenerateSimpleSprite_m3971588590	System.Void UnityEngine.UI.Image::GenerateSimpleSprite(UnityEngine.UI.VertexHelper,System.Boolean)	UnityEngine.UI
Image_GenerateSlicedSprite_m816229481	System.Void UnityEngine.UI.Image::GenerateSlicedSprite(UnityEngine.UI.VertexHelper)	UnityEngine.UI
Image_GenerateTiledSprite_m3366198572	System.Void UnityEngine.UI.Image::GenerateTiledSprite(UnityEngine.UI.VertexHelper)	UnityEngine.UI
Image_AddQuad_m969836764	System.Void UnityEngine.UI.Image::AddQuad(UnityEngine.UI.VertexHelper,UnityEngine.Vector3[],UnityEngine.Color32,UnityEngine.Vector3[])	UnityEngine.UI
Image_AddQuad_m2161647989	System.Void UnityEngine.UI.Image::AddQuad(UnityEngine.UI.VertexHelper,UnityEngine.Vector2,UnityEngine.Vector2,UnityEngine.Color32,UnityEngine.Vector2,UnityEngine.Vector2)	UnityEngine.UI
Image_GetAdjustedBorders_m2232386424	UnityEngine.Vector4 UnityEngine.UI.Image::GetAdjustedBorders(UnityEngine.Vector4,UnityEngine.Rect)	UnityEngine.UI
Image_GenerateFilledSprite_m1448031459	System.Void UnityEngine.UI.Image::GenerateFilledSprite(UnityEngine.UI.VertexHelper,System.Boolean)	UnityEngine.UI
Image_RadialCut_m1142644448	System.Boolean UnityEngine.UI.Image::RadialCut(UnityEngine.Vector3[],UnityEngine.Vector3[],System.Single,System.Boolean,System.Int32)	UnityEngine.UI
Image_RadialCut_m3562817721	System.Void UnityEngine.UI.Image::RadialCut(UnityEngine.Vector3[],System.Single,System.Single,System.Boolean,System.Int32)	UnityEngine.UI
Image_CalculateLayoutInputHorizontal_m1595088045	System.Void UnityEngine.UI.Image::CalculateLayoutInputHorizontal()	UnityEngine.UI
Image_CalculateLayoutInputVertical_m3015335639	System.Void UnityEngine.UI.Image::CalculateLayoutInputVertical()	UnityEngine.UI
Image_get_minWidth_m755066479	System.Single UnityEngine.UI.Image::get_minWidth()	UnityEngine.UI
Image_get_preferredWidth_m580264960	System.Single UnityEngine.UI.Image::get_preferredWidth()	UnityEngine.UI
Image_get_flexibleWidth_m2763351627	System.Single UnityEngine.UI.Image::get_flexibleWidth()	UnityEngine.UI
Image_get_minHeight_m3283554986	System.Single UnityEngine.UI.Image::get_minHeight()	UnityEngine.UI
Image_get_preferredHeight_m4201711465	System.Single UnityEngine.UI.Image::get_preferredHeight()	UnityEngine.UI
Image_get_flexibleHeight_m2142349904	System.Single UnityEngine.UI.Image::get_flexibleHeight()	UnityEngine.UI
Image_get_layoutPriority_m1290204116	System.Int32 UnityEngine.UI.Image::get_layoutPriority()	UnityEngine.UI
Image_IsRaycastLocationValid_m2859678105	System.Boolean UnityEngine.UI.Image::IsRaycastLocationValid(UnityEngine.Vector2,UnityEngine.Camera)	UnityEngine.UI
Image_MapCoordinate_m3426372354	UnityEngine.Vector2 UnityEngine.UI.Image::MapCoordinate(UnityEngine.Vector2,UnityEngine.Rect)	UnityEngine.UI
Image__cctor_m1927508576	System.Void UnityEngine.UI.Image::.cctor()	UnityEngine.UI
InputField__ctor_m4163234345	System.Void UnityEngine.UI.InputField::.ctor()	UnityEngine.UI
InputField_get_input_m3003347127	UnityEngine.EventSystems.BaseInput UnityEngine.UI.InputField::get_input()	UnityEngine.UI
InputField_get_compositionString_m651014295	System.String UnityEngine.UI.InputField::get_compositionString()	UnityEngine.UI
InputField_get_mesh_m4128834741	UnityEngine.Mesh UnityEngine.UI.InputField::get_mesh()	UnityEngine.UI
InputField_get_cachedInputTextGenerator_m2521698344	UnityEngine.TextGenerator UnityEngine.UI.InputField::get_cachedInputTextGenerator()	UnityEngine.UI
InputField_set_shouldHideMobileInput_m1650743574	System.Void UnityEngine.UI.InputField::set_shouldHideMobileInput(System.Boolean)	UnityEngine.UI
InputField_get_shouldHideMobileInput_m2205078558	System.Boolean UnityEngine.UI.InputField::get_shouldHideMobileInput()	UnityEngine.UI
InputField_get_shouldActivateOnSelect_m3055465770	System.Boolean UnityEngine.UI.InputField::get_shouldActivateOnSelect()	UnityEngine.UI
InputField_get_text_m3534748202	System.String UnityEngine.UI.InputField::get_text()	UnityEngine.UI
InputField_set_text_m1877260015	System.Void UnityEngine.UI.InputField::set_text(System.String)	UnityEngine.UI
InputField_get_isFocused_m709836844	System.Boolean UnityEngine.UI.InputField::get_isFocused()	UnityEngine.UI
InputField_get_caretBlinkRate_m3620074524	System.Single UnityEngine.UI.InputField::get_caretBlinkRate()	UnityEngine.UI
InputField_set_caretBlinkRate_m3405564085	System.Void UnityEngine.UI.InputField::set_caretBlinkRate(System.Single)	UnityEngine.UI
InputField_get_caretWidth_m3158056515	System.Int32 UnityEngine.UI.InputField::get_caretWidth()	UnityEngine.UI
InputField_set_caretWidth_m707310868	System.Void UnityEngine.UI.InputField::set_caretWidth(System.Int32)	UnityEngine.UI
InputField_get_textComponent_m948764648	UnityEngine.UI.Text UnityEngine.UI.InputField::get_textComponent()	UnityEngine.UI
InputField_set_textComponent_m2547304131	System.Void UnityEngine.UI.InputField::set_textComponent(UnityEngine.UI.Text)	UnityEngine.UI
InputField_get_placeholder_m4033742305	UnityEngine.UI.Graphic UnityEngine.UI.InputField::get_placeholder()	UnityEngine.UI
InputField_set_placeholder_m3781519550	System.Void UnityEngine.UI.InputField::set_placeholder(UnityEngine.UI.Graphic)	UnityEngine.UI
InputField_get_caretColor_m2973283772	UnityEngine.Color UnityEngine.UI.InputField::get_caretColor()	UnityEngine.UI
InputField_set_caretColor_m2350650408	System.Void UnityEngine.UI.InputField::set_caretColor(UnityEngine.Color)	UnityEngine.UI
InputField_get_customCaretColor_m686953125	System.Boolean UnityEngine.UI.InputField::get_customCaretColor()	UnityEngine.UI
InputField_set_customCaretColor_m720445789	System.Void UnityEngine.UI.InputField::set_customCaretColor(System.Boolean)	UnityEngine.UI
InputField_get_selectionColor_m2548343601	UnityEngine.Color UnityEngine.UI.InputField::get_selectionColor()	UnityEngine.UI
InputField_set_selectionColor_m2084640295	System.Void UnityEngine.UI.InputField::set_selectionColor(UnityEngine.Color)	UnityEngine.UI
InputField_get_onEndEdit_m3015534368	UnityEngine.UI.InputField/SubmitEvent UnityEngine.UI.InputField::get_onEndEdit()	UnityEngine.UI
InputField_set_onEndEdit_m848221056	System.Void UnityEngine.UI.InputField::set_onEndEdit(UnityEngine.UI.InputField/SubmitEvent)	UnityEngine.UI
InputField_get_onValueChange_m2867645077	UnityEngine.UI.InputField/OnChangeEvent UnityEngine.UI.InputField::get_onValueChange()	UnityEngine.UI
InputField_set_onValueChange_m1251390545	System.Void UnityEngine.UI.InputField::set_onValueChange(UnityEngine.UI.InputField/OnChangeEvent)	UnityEngine.UI
InputField_get_onValueChanged_m2983709332	UnityEngine.UI.InputField/OnChangeEvent UnityEngine.UI.InputField::get_onValueChanged()	UnityEngine.UI
InputField_set_onValueChanged_m3658917578	System.Void UnityEngine.UI.InputField::set_onValueChanged(UnityEngine.UI.InputField/OnChangeEvent)	UnityEngine.UI
InputField_get_onValidateInput_m3818615433	UnityEngine.UI.InputField/OnValidateInput UnityEngine.UI.InputField::get_onValidateInput()	UnityEngine.UI
InputField_set_onValidateInput_m2038810832	System.Void UnityEngine.UI.InputField::set_onValidateInput(UnityEngine.UI.InputField/OnValidateInput)	UnityEngine.UI
InputField_get_characterLimit_m91223012	System.Int32 UnityEngine.UI.InputField::get_characterLimit()	UnityEngine.UI
InputField_set_characterLimit_m718499279	System.Void UnityEngine.UI.InputField::set_characterLimit(System.Int32)	UnityEngine.UI
InputField_get_contentType_m4261469353	UnityEngine.UI.InputField/ContentType UnityEngine.UI.InputField::get_contentType()	UnityEngine.UI
InputField_set_contentType_m1277230266	System.Void UnityEngine.UI.InputField::set_contentType(UnityEngine.UI.InputField/ContentType)	UnityEngine.UI
InputField_get_lineType_m2468966434	UnityEngine.UI.InputField/LineType UnityEngine.UI.InputField::get_lineType()	UnityEngine.UI
InputField_set_lineType_m826967413	System.Void UnityEngine.UI.InputField::set_lineType(UnityEngine.UI.InputField/LineType)	UnityEngine.UI
InputField_get_inputType_m1740258875	UnityEngine.UI.InputField/InputType UnityEngine.UI.InputField::get_inputType()	UnityEngine.UI
InputField_set_inputType_m424695295	System.Void UnityEngine.UI.InputField::set_inputType(UnityEngine.UI.InputField/InputType)	UnityEngine.UI
InputField_get_keyboardType_m1248105267	UnityEngine.TouchScreenKeyboardType UnityEngine.UI.InputField::get_keyboardType()	UnityEngine.UI
InputField_set_keyboardType_m2958429200	System.Void UnityEngine.UI.InputField::set_keyboardType(UnityEngine.TouchScreenKeyboardType)	UnityEngine.UI
InputField_get_characterValidation_m4196664041	UnityEngine.UI.InputField/CharacterValidation UnityEngine.UI.InputField::get_characterValidation()	UnityEngine.UI
InputField_set_characterValidation_m112334087	System.Void UnityEngine.UI.InputField::set_characterValidation(UnityEngine.UI.InputField/CharacterValidation)	UnityEngine.UI
InputField_get_readOnly_m3111985574	System.Boolean UnityEngine.UI.InputField::get_readOnly()	UnityEngine.UI
InputField_set_readOnly_m671217108	System.Void UnityEngine.UI.InputField::set_readOnly(System.Boolean)	UnityEngine.UI
InputField_get_multiLine_m1849355072	System.Boolean UnityEngine.UI.InputField::get_multiLine()	UnityEngine.UI
InputField_get_asteriskChar_m965956856	System.Char UnityEngine.UI.InputField::get_asteriskChar()	UnityEngine.UI
InputField_set_asteriskChar_m1794444908	System.Void UnityEngine.UI.InputField::set_asteriskChar(System.Char)	UnityEngine.UI
InputField_get_wasCanceled_m1448274334	System.Boolean UnityEngine.UI.InputField::get_wasCanceled()	UnityEngine.UI
InputField_ClampPos_m2625258136	System.Void UnityEngine.UI.InputField::ClampPos(System.Int32&)	UnityEngine.UI
InputField_get_caretPositionInternal_m988906884	System.Int32 UnityEngine.UI.InputField::get_caretPositionInternal()	UnityEngine.UI
InputField_set_caretPositionInternal_m3823580651	System.Void UnityEngine.UI.InputField::set_caretPositionInternal(System.Int32)	UnityEngine.UI
InputField_get_caretSelectPositionInternal_m1868771016	System.Int32 UnityEngine.UI.InputField::get_caretSelectPositionInternal()	UnityEngine.UI
InputField_set_caretSelectPositionInternal_m4211804061	System.Void UnityEngine.UI.InputField::set_caretSelectPositionInternal(System.Int32)	UnityEngine.UI
InputField_get_hasSelection_m1394151406	System.Boolean UnityEngine.UI.InputField::get_hasSelection()	UnityEngine.UI
InputField_get_caretPosition_m1397776801	System.Int32 UnityEngine.UI.InputField::get_caretPosition()	UnityEngine.UI
InputField_set_caretPosition_m3077737032	System.Void UnityEngine.UI.InputField::set_caretPosition(System.Int32)	UnityEngine.UI
InputField_get_selectionAnchorPosition_m3765936913	System.Int32 UnityEngine.UI.InputField::get_selectionAnchorPosition()	UnityEngine.UI
InputField_set_selectionAnchorPosition_m68980541	System.Void UnityEngine.UI.InputField::set_selectionAnchorPosition(System.Int32)	UnityEngine.UI
InputField_get_selectionFocusPosition_m330983727	System.Int32 UnityEngine.UI.InputField::get_selectionFocusPosition()	UnityEngine.UI
InputField_set_selectionFocusPosition_m707751410	System.Void UnityEngine.UI.InputField::set_selectionFocusPosition(System.Int32)	UnityEngine.UI
InputField_OnEnable_m3383453294	System.Void UnityEngine.UI.InputField::OnEnable()	UnityEngine.UI
InputField_OnDisable_m1824300767	System.Void UnityEngine.UI.InputField::OnDisable()	UnityEngine.UI
InputField_CaretBlink_m419291527	System.Collections.IEnumerator UnityEngine.UI.InputField::CaretBlink()	UnityEngine.UI
InputField_SetCaretVisible_m2216480850	System.Void UnityEngine.UI.InputField::SetCaretVisible()	UnityEngine.UI
InputField_SetCaretActive_m655983531	System.Void UnityEngine.UI.InputField::SetCaretActive()	UnityEngine.UI
InputField_UpdateCaretMaterial_m3032466442	System.Void UnityEngine.UI.InputField::UpdateCaretMaterial()	UnityEngine.UI
InputField_OnFocus_m2096556743	System.Void UnityEngine.UI.InputField::OnFocus()	UnityEngine.UI
InputField_SelectAll_m2491712926	System.Void UnityEngine.UI.InputField::SelectAll()	UnityEngine.UI
InputField_MoveTextEnd_m2392516920	System.Void UnityEngine.UI.InputField::MoveTextEnd(System.Boolean)	UnityEngine.UI
InputField_MoveTextStart_m1087475594	System.Void UnityEngine.UI.InputField::MoveTextStart(System.Boolean)	UnityEngine.UI
InputField_get_clipboard_m3788005896	System.String UnityEngine.UI.InputField::get_clipboard()	UnityEngine.UI
InputField_set_clipboard_m2876226323	System.Void UnityEngine.UI.InputField::set_clipboard(System.String)	UnityEngine.UI
InputField_InPlaceEditing_m3555551207	System.Boolean UnityEngine.UI.InputField::InPlaceEditing()	UnityEngine.UI
InputField_UpdateCaretFromKeyboard_m1864199296	System.Void UnityEngine.UI.InputField::UpdateCaretFromKeyboard()	UnityEngine.UI
InputField_LateUpdate_m2533025180	System.Void UnityEngine.UI.InputField::LateUpdate()	UnityEngine.UI
InputField_ScreenToLocal_m1215190487	UnityEngine.Vector2 UnityEngine.UI.InputField::ScreenToLocal(UnityEngine.Vector2)	UnityEngine.UI
InputField_GetUnclampedCharacterLineFromPosition_m2611553547	System.Int32 UnityEngine.UI.InputField::GetUnclampedCharacterLineFromPosition(UnityEngine.Vector2,UnityEngine.TextGenerator)	UnityEngine.UI
InputField_GetCharacterIndexFromPosition_m3829924381	System.Int32 UnityEngine.UI.InputField::GetCharacterIndexFromPosition(UnityEngine.Vector2)	UnityEngine.UI
InputField_MayDrag_m365041876	System.Boolean UnityEngine.UI.InputField::MayDrag(UnityEngine.EventSystems.PointerEventData)	UnityEngine.UI
InputField_OnBeginDrag_m159510612	System.Void UnityEngine.UI.InputField::OnBeginDrag(UnityEngine.EventSystems.PointerEventData)	UnityEngine.UI
InputField_OnDrag_m4261458600	System.Void UnityEngine.UI.InputField::OnDrag(UnityEngine.EventSystems.PointerEventData)	UnityEngine.UI
InputField_MouseDragOutsideRect_m1055889050	System.Collections.IEnumerator UnityEngine.UI.InputField::MouseDragOutsideRect(UnityEngine.EventSystems.PointerEventData)	UnityEngine.UI
InputField_OnEndDrag_m4127187089	System.Void UnityEngine.UI.InputField::OnEndDrag(UnityEngine.EventSystems.PointerEventData)	UnityEngine.UI
InputField_OnPointerDown_m1770176370	System.Void UnityEngine.UI.InputField::OnPointerDown(UnityEngine.EventSystems.PointerEventData)	UnityEngine.UI
InputField_KeyPressed_m1613476659	UnityEngine.UI.InputField/EditState UnityEngine.UI.InputField::KeyPressed(UnityEngine.Event)	UnityEngine.UI
InputField_IsValidChar_m1928072643	System.Boolean UnityEngine.UI.InputField::IsValidChar(System.Char)	UnityEngine.UI
InputField_ProcessEvent_m2195684349	System.Void UnityEngine.UI.InputField::ProcessEvent(UnityEngine.Event)	UnityEngine.UI
InputField_OnUpdateSelected_m1118869681	System.Void UnityEngine.UI.InputField::OnUpdateSelected(UnityEngine.EventSystems.BaseEventData)	UnityEngine.UI
InputField_GetSelectedString_m3095027669	System.String UnityEngine.UI.InputField::GetSelectedString()	UnityEngine.UI
InputField_FindtNextWordBegin_m1708372984	System.Int32 UnityEngine.UI.InputField::FindtNextWordBegin()	UnityEngine.UI
InputField_MoveRight_m1493950702	System.Void UnityEngine.UI.InputField::MoveRight(System.Boolean,System.Boolean)	UnityEngine.UI
InputField_FindtPrevWordBegin_m2914164806	System.Int32 UnityEngine.UI.InputField::FindtPrevWordBegin()	UnityEngine.UI
InputField_MoveLeft_m929201691	System.Void UnityEngine.UI.InputField::MoveLeft(System.Boolean,System.Boolean)	UnityEngine.UI
InputField_DetermineCharacterLine_m1770953292	System.Int32 UnityEngine.UI.InputField::DetermineCharacterLine(System.Int32,UnityEngine.TextGenerator)	UnityEngine.UI
InputField_LineUpCharacterPosition_m3521131418	System.Int32 UnityEngine.UI.InputField::LineUpCharacterPosition(System.Int32,System.Boolean)	UnityEngine.UI
InputField_LineDownCharacterPosition_m2798128425	System.Int32 UnityEngine.UI.InputField::LineDownCharacterPosition(System.Int32,System.Boolean)	UnityEngine.UI
InputField_MoveDown_m1455948167	System.Void UnityEngine.UI.InputField::MoveDown(System.Boolean)	UnityEngine.UI
InputField_MoveDown_m4006004038	System.Void UnityEngine.UI.InputField::MoveDown(System.Boolean,System.Boolean)	UnityEngine.UI
InputField_MoveUp_m1107766056	System.Void UnityEngine.UI.InputField::MoveUp(System.Boolean)	UnityEngine.UI
InputField_MoveUp_m1827602808	System.Void UnityEngine.UI.InputField::MoveUp(System.Boolean,System.Boolean)	UnityEngine.UI
InputField_Delete_m3471899192	System.Void UnityEngine.UI.InputField::Delete()	UnityEngine.UI
InputField_ForwardSpace_m1711540391	System.Void UnityEngine.UI.InputField::ForwardSpace()	UnityEngine.UI
InputField_Backspace_m1794770080	System.Void UnityEngine.UI.InputField::Backspace()	UnityEngine.UI
InputField_Insert_m3436539311	System.Void UnityEngine.UI.InputField::Insert(System.Char)	UnityEngine.UI
InputField_SendOnValueChangedAndUpdateLabel_m1510578193	System.Void UnityEngine.UI.InputField::SendOnValueChangedAndUpdateLabel()	UnityEngine.UI
InputField_SendOnValueChanged_m2560301445	System.Void UnityEngine.UI.InputField::SendOnValueChanged()	UnityEngine.UI
InputField_SendOnSubmit_m3463846103	System.Void UnityEngine.UI.InputField::SendOnSubmit()	UnityEngine.UI
InputField_Append_m687033660	System.Void UnityEngine.UI.InputField::Append(System.String)	UnityEngine.UI
InputField_Append_m365440675	System.Void UnityEngine.UI.InputField::Append(System.Char)	UnityEngine.UI
InputField_UpdateLabel_m1837760870	System.Void UnityEngine.UI.InputField::UpdateLabel()	UnityEngine.UI
InputField_IsSelectionVisible_m3622592134	System.Boolean UnityEngine.UI.InputField::IsSelectionVisible()	UnityEngine.UI
InputField_GetLineStartPosition_m2947412579	System.Int32 UnityEngine.UI.InputField::GetLineStartPosition(UnityEngine.TextGenerator,System.Int32)	UnityEngine.UI
InputField_GetLineEndPosition_m4083625526	System.Int32 UnityEngine.UI.InputField::GetLineEndPosition(UnityEngine.TextGenerator,System.Int32)	UnityEngine.UI
InputField_SetDrawRangeToContainCaretPosition_m1009661083	System.Void UnityEngine.UI.InputField::SetDrawRangeToContainCaretPosition(System.Int32)	UnityEngine.UI
InputField_ForceLabelUpdate_m304821698	System.Void UnityEngine.UI.InputField::ForceLabelUpdate()	UnityEngine.UI
InputField_MarkGeometryAsDirty_m817808086	System.Void UnityEngine.UI.InputField::MarkGeometryAsDirty()	UnityEngine.UI
InputField_Rebuild_m2960332622	System.Void UnityEngine.UI.InputField::Rebuild(UnityEngine.UI.CanvasUpdate)	UnityEngine.UI
InputField_LayoutComplete_m797439378	System.Void UnityEngine.UI.InputField::LayoutComplete()	UnityEngine.UI
InputField_GraphicUpdateComplete_m4272510214	System.Void UnityEngine.UI.InputField::GraphicUpdateComplete()	UnityEngine.UI
InputField_UpdateGeometry_m3121659256	System.Void UnityEngine.UI.InputField::UpdateGeometry()	UnityEngine.UI
InputField_AssignPositioningIfNeeded_m1037632400	System.Void UnityEngine.UI.InputField::AssignPositioningIfNeeded()	UnityEngine.UI
InputField_OnFillVBO_m3649106646	System.Void UnityEngine.UI.InputField::OnFillVBO(UnityEngine.Mesh)	UnityEngine.UI
InputField_GenerateCaret_m1459647218	System.Void UnityEngine.UI.InputField::GenerateCaret(UnityEngine.UI.VertexHelper,UnityEngine.Vector2)	UnityEngine.UI
InputField_CreateCursorVerts_m3585916868	System.Void UnityEngine.UI.InputField::CreateCursorVerts()	UnityEngine.UI
InputField_GenerateHightlight_m606089866	System.Void UnityEngine.UI.InputField::GenerateHightlight(UnityEngine.UI.VertexHelper,UnityEngine.Vector2)	UnityEngine.UI
InputField_Validate_m4147207871	System.Char UnityEngine.UI.InputField::Validate(System.String,System.Int32,System.Char)	UnityEngine.UI
InputField_ActivateInputField_m582243213	System.Void UnityEngine.UI.InputField::ActivateInputField()	UnityEngine.UI
InputField_ActivateInputFieldInternal_m3360893886	System.Void UnityEngine.UI.InputField::ActivateInputFieldInternal()	UnityEngine.UI
InputField_OnSelect_m457165101	System.Void UnityEngine.UI.InputField::OnSelect(UnityEngine.EventSystems.BaseEventData)	UnityEngine.UI
InputField_OnPointerClick_m1718229009	System.Void UnityEngine.UI.InputField::OnPointerClick(UnityEngine.EventSystems.PointerEventData)	UnityEngine.UI
InputField_DeactivateInputField_m1370069324	System.Void UnityEngine.UI.InputField::DeactivateInputField()	UnityEngine.UI
InputField_OnDeselect_m1588245973	System.Void UnityEngine.UI.InputField::OnDeselect(UnityEngine.EventSystems.BaseEventData)	UnityEngine.UI
InputField_OnSubmit_m3583210804	System.Void UnityEngine.UI.InputField::OnSubmit(UnityEngine.EventSystems.BaseEventData)	UnityEngine.UI
InputField_EnforceContentType_m2436948794	System.Void UnityEngine.UI.InputField::EnforceContentType()	UnityEngine.UI
InputField_EnforceTextHOverflow_m3400115777	System.Void UnityEngine.UI.InputField::EnforceTextHOverflow()	UnityEngine.UI
InputField_SetToCustomIfContentTypeIsNot_m2813459946	System.Void UnityEngine.UI.InputField::SetToCustomIfContentTypeIsNot(UnityEngine.UI.InputField/ContentType[])	UnityEngine.UI
InputField_SetToCustom_m1943177613	System.Void UnityEngine.UI.InputField::SetToCustom()	UnityEngine.UI
InputField_DoStateTransition_m2950729728	System.Void UnityEngine.UI.InputField::DoStateTransition(UnityEngine.UI.Selectable/SelectionState,System.Boolean)	UnityEngine.UI
InputField_CalculateLayoutInputHorizontal_m467069903	System.Void UnityEngine.UI.InputField::CalculateLayoutInputHorizontal()	UnityEngine.UI
InputField_CalculateLayoutInputVertical_m3049471250	System.Void UnityEngine.UI.InputField::CalculateLayoutInputVertical()	UnityEngine.UI
InputField_get_minWidth_m1223931213	System.Single UnityEngine.UI.InputField::get_minWidth()	UnityEngine.UI
InputField_get_preferredWidth_m2499328890	System.Single UnityEngine.UI.InputField::get_preferredWidth()	UnityEngine.UI
InputField_get_flexibleWidth_m1634256599	System.Single UnityEngine.UI.InputField::get_flexibleWidth()	UnityEngine.UI
InputField_get_minHeight_m2822964544	System.Single UnityEngine.UI.InputField::get_minHeight()	UnityEngine.UI
InputField_get_preferredHeight_m1209129243	System.Single UnityEngine.UI.InputField::get_preferredHeight()	UnityEngine.UI
InputField_get_flexibleHeight_m2268320994	System.Single UnityEngine.UI.InputField::get_flexibleHeight()	UnityEngine.UI
InputField_get_layoutPriority_m2945430764	System.Int32 UnityEngine.UI.InputField::get_layoutPriority()	UnityEngine.UI
InputField__cctor_m4008532896	System.Void UnityEngine.UI.InputField::.cctor()	UnityEngine.UI
InputField_UnityEngine_UI_ICanvasElement_get_transform_m2334310890	UnityEngine.Transform UnityEngine.UI.InputField::UnityEngine.UI.ICanvasElement.get_transform()	UnityEngine.UI
U3CCaretBlinkU3Ec__Iterator0__ctor_m2333371495	System.Void UnityEngine.UI.InputField/<CaretBlink>c__Iterator0::.ctor()	UnityEngine.UI
U3CCaretBlinkU3Ec__Iterator0_MoveNext_m2305720684	System.Boolean UnityEngine.UI.InputField/<CaretBlink>c__Iterator0::MoveNext()	UnityEngine.UI
U3CCaretBlinkU3Ec__Iterator0_System_Collections_Generic_IEnumeratorU3CobjectU3E_get_Current_m2722430135	System.Object UnityEngine.UI.InputField/<CaretBlink>c__Iterator0::System.Collections.Generic.IEnumerator<object>.get_Current()	UnityEngine.UI
U3CCaretBlinkU3Ec__Iterator0_System_Collections_IEnumerator_get_Current_m3058372542	System.Object UnityEngine.UI.InputField/<CaretBlink>c__Iterator0::System.Collections.IEnumerator.get_Current()	UnityEngine.UI
U3CCaretBlinkU3Ec__Iterator0_Dispose_m860898205	System.Void UnityEngine.UI.InputField/<CaretBlink>c__Iterator0::Dispose()	UnityEngine.UI
U3CCaretBlinkU3Ec__Iterator0_Reset_m1547565867	System.Void UnityEngine.UI.InputField/<CaretBlink>c__Iterator0::Reset()	UnityEngine.UI
U3CMouseDragOutsideRectU3Ec__Iterator1__ctor_m4172034989	System.Void UnityEngine.UI.InputField/<MouseDragOutsideRect>c__Iterator1::.ctor()	UnityEngine.UI
U3CMouseDragOutsideRectU3Ec__Iterator1_MoveNext_m1231623985	System.Boolean UnityEngine.UI.InputField/<MouseDragOutsideRect>c__Iterator1::MoveNext()	UnityEngine.UI
U3CMouseDragOutsideRectU3Ec__Iterator1_System_Collections_Generic_IEnumeratorU3CobjectU3E_get_Current_m3688496850	System.Object UnityEngine.UI.InputField/<MouseDragOutsideRect>c__Iterator1::System.Collections.Generic.IEnumerator<object>.get_Current()	UnityEngine.UI
U3CMouseDragOutsideRectU3Ec__Iterator1_System_Collections_IEnumerator_get_Current_m2275835089	System.Object UnityEngine.UI.InputField/<MouseDragOutsideRect>c__Iterator1::System.Collections.IEnumerator.get_Current()	UnityEngine.UI
U3CMouseDragOutsideRectU3Ec__Iterator1_Dispose_m267465418	System.Void UnityEngine.UI.InputField/<MouseDragOutsideRect>c__Iterator1::Dispose()	UnityEngine.UI
U3CMouseDragOutsideRectU3Ec__Iterator1_Reset_m2233410497	System.Void UnityEngine.UI.InputField/<MouseDragOutsideRect>c__Iterator1::Reset()	UnityEngine.UI
OnChangeEvent__ctor_m3279692900	System.Void UnityEngine.UI.InputField/OnChangeEvent::.ctor()	UnityEngine.UI
OnValidateInput__ctor_m3521134828	System.Void UnityEngine.UI.InputField/OnValidateInput::.ctor(System.Object,System.IntPtr)	UnityEngine.UI
OnValidateInput_Invoke_m1009124904	System.Char UnityEngine.UI.InputField/OnValidateInput::Invoke(System.String,System.Int32,System.Char)	UnityEngine.UI
OnValidateInput_BeginInvoke_m862104229	System.IAsyncResult UnityEngine.UI.InputField/OnValidateInput::BeginInvoke(System.String,System.Int32,System.Char,System.AsyncCallback,System.Object)	UnityEngine.UI
OnValidateInput_EndInvoke_m504268360	System.Char UnityEngine.UI.InputField/OnValidateInput::EndInvoke(System.IAsyncResult)	UnityEngine.UI
SubmitEvent__ctor_m2851460864	System.Void UnityEngine.UI.InputField/SubmitEvent::.ctor()	UnityEngine.UI
LayoutElement__ctor_m3988187740	System.Void UnityEngine.UI.LayoutElement::.ctor()	UnityEngine.UI
LayoutElement_get_ignoreLayout_m258634113	System.Boolean UnityEngine.UI.LayoutElement::get_ignoreLayout()	UnityEngine.UI
LayoutElement_set_ignoreLayout_m2337848035	System.Void UnityEngine.UI.LayoutElement::set_ignoreLayout(System.Boolean)	UnityEngine.UI
LayoutElement_CalculateLayoutInputHorizontal_m1137554595	System.Void UnityEngine.UI.LayoutElement::CalculateLayoutInputHorizontal()	UnityEngine.UI
LayoutElement_CalculateLayoutInputVertical_m898255614	System.Void UnityEngine.UI.LayoutElement::CalculateLayoutInputVertical()	UnityEngine.UI
LayoutElement_get_minWidth_m930900592	System.Single UnityEngine.UI.LayoutElement::get_minWidth()	UnityEngine.UI
LayoutElement_set_minWidth_m406277484	System.Void UnityEngine.UI.LayoutElement::set_minWidth(System.Single)	UnityEngine.UI
LayoutElement_get_minHeight_m4160507569	System.Single UnityEngine.UI.LayoutElement::get_minHeight()	UnityEngine.UI
LayoutElement_set_minHeight_m3945948590	System.Void UnityEngine.UI.LayoutElement::set_minHeight(System.Single)	UnityEngine.UI
LayoutElement_get_preferredWidth_m1149422164	System.Single UnityEngine.UI.LayoutElement::get_preferredWidth()	UnityEngine.UI
LayoutElement_set_preferredWidth_m2346600241	System.Void UnityEngine.UI.LayoutElement::set_preferredWidth(System.Single)	UnityEngine.UI
LayoutElement_get_preferredHeight_m3311019595	System.Single UnityEngine.UI.LayoutElement::get_preferredHeight()	UnityEngine.UI
LayoutElement_set_preferredHeight_m1999633022	System.Void UnityEngine.UI.LayoutElement::set_preferredHeight(System.Single)	UnityEngine.UI
LayoutElement_get_flexibleWidth_m3954941987	System.Single UnityEngine.UI.LayoutElement::get_flexibleWidth()	UnityEngine.UI
LayoutElement_set_flexibleWidth_m931030031	System.Void UnityEngine.UI.LayoutElement::set_flexibleWidth(System.Single)	UnityEngine.UI
LayoutElement_get_flexibleHeight_m2357637662	System.Single UnityEngine.UI.LayoutElement::get_flexibleHeight()	UnityEngine.UI
LayoutElement_set_flexibleHeight_m3099925287	System.Void UnityEngine.UI.LayoutElement::set_flexibleHeight(System.Single)	UnityEngine.UI
LayoutElement_get_layoutPriority_m3586086776	System.Int32 UnityEngine.UI.LayoutElement::get_layoutPriority()	UnityEngine.UI
LayoutElement_set_layoutPriority_m1926292654	System.Void UnityEngine.UI.LayoutElement::set_layoutPriority(System.Int32)	UnityEngine.UI
LayoutElement_OnEnable_m1760066426	System.Void UnityEngine.UI.LayoutElement::OnEnable()	UnityEngine.UI
LayoutElement_OnTransformParentChanged_m1849145101	System.Void UnityEngine.UI.LayoutElement::OnTransformParentChanged()	UnityEngine.UI
LayoutElement_OnDisable_m3869995817	System.Void UnityEngine.UI.LayoutElement::OnDisable()	UnityEngine.UI
LayoutElement_OnDidApplyAnimationProperties_m651898821	System.Void UnityEngine.UI.LayoutElement::OnDidApplyAnimationProperties()	UnityEngine.UI
LayoutElement_OnBeforeTransformParentChanged_m2744411847	System.Void UnityEngine.UI.LayoutElement::OnBeforeTransformParentChanged()	UnityEngine.UI
LayoutElement_SetDirty_m2848225277	System.Void UnityEngine.UI.LayoutElement::SetDirty()	UnityEngine.UI
LayoutGroup__ctor_m2162961217	System.Void UnityEngine.UI.LayoutGroup::.ctor()	UnityEngine.UI
LayoutGroup_get_padding_m4129357453	UnityEngine.RectOffset UnityEngine.UI.LayoutGroup::get_padding()	UnityEngine.UI
LayoutGroup_set_padding_m282562135	System.Void UnityEngine.UI.LayoutGroup::set_padding(UnityEngine.RectOffset)	UnityEngine.UI
LayoutGroup_get_childAlignment_m3358361628	UnityEngine.TextAnchor UnityEngine.UI.LayoutGroup::get_childAlignment()	UnityEngine.UI
LayoutGroup_set_childAlignment_m3720967356	System.Void UnityEngine.UI.LayoutGroup::set_childAlignment(UnityEngine.TextAnchor)	UnityEngine.UI
LayoutGroup_get_rectTransform_m442863741	UnityEngine.RectTransform UnityEngine.UI.LayoutGroup::get_rectTransform()	UnityEngine.UI
LayoutGroup_get_rectChildren_m1314734460	System.Collections.Generic.List`1<UnityEngine.RectTransform> UnityEngine.UI.LayoutGroup::get_rectChildren()	UnityEngine.UI
LayoutGroup_CalculateLayoutInputHorizontal_m4018851777	System.Void UnityEngine.UI.LayoutGroup::CalculateLayoutInputHorizontal()	UnityEngine.UI
LayoutGroup_get_minWidth_m2374549126	System.Single UnityEngine.UI.LayoutGroup::get_minWidth()	UnityEngine.UI
LayoutGroup_get_preferredWidth_m3816902260	System.Single UnityEngine.UI.LayoutGroup::get_preferredWidth()	UnityEngine.UI
LayoutGroup_get_flexibleWidth_m2787597997	System.Single UnityEngine.UI.LayoutGroup::get_flexibleWidth()	UnityEngine.UI
LayoutGroup_get_minHeight_m787126115	System.Single UnityEngine.UI.LayoutGroup::get_minHeight()	UnityEngine.UI
LayoutGroup_get_preferredHeight_m3669418783	System.Single UnityEngine.UI.LayoutGroup::get_preferredHeight()	UnityEngine.UI
LayoutGroup_get_flexibleHeight_m1540618849	System.Single UnityEngine.UI.LayoutGroup::get_flexibleHeight()	UnityEngine.UI
LayoutGroup_get_layoutPriority_m3585664946	System.Int32 UnityEngine.UI.LayoutGroup::get_layoutPriority()	UnityEngine.UI
LayoutGroup_OnEnable_m1520328532	System.Void UnityEngine.UI.LayoutGroup::OnEnable()	UnityEngine.UI
LayoutGroup_OnDisable_m3483954898	System.Void UnityEngine.UI.LayoutGroup::OnDisable()	UnityEngine.UI
LayoutGroup_OnDidApplyAnimationProperties_m1333813659	System.Void UnityEngine.UI.LayoutGroup::OnDidApplyAnimationProperties()	UnityEngine.UI
LayoutGroup_GetTotalMinSize_m3796928371	System.Single UnityEngine.UI.LayoutGroup::GetTotalMinSize(System.Int32)	UnityEngine.UI
LayoutGroup_GetTotalPreferredSize_m385675491	System.Single UnityEngine.UI.LayoutGroup::GetTotalPreferredSize(System.Int32)	UnityEngine.UI
LayoutGroup_GetTotalFlexibleSize_m2687679615	System.Single UnityEngine.UI.LayoutGroup::GetTotalFlexibleSize(System.Int32)	UnityEngine.UI
LayoutGroup_GetStartOffset_m324933567	System.Single UnityEngine.UI.LayoutGroup::GetStartOffset(System.Int32,System.Single)	UnityEngine.UI
LayoutGroup_GetAlignmentOnAxis_m1696038011	System.Single UnityEngine.UI.LayoutGroup::GetAlignmentOnAxis(System.Int32)	UnityEngine.UI
LayoutGroup_SetLayoutInputForAxis_m2458344630	System.Void UnityEngine.UI.LayoutGroup::SetLayoutInputForAxis(System.Single,System.Single,System.Single,System.Int32)	UnityEngine.UI
LayoutGroup_SetChildAlongAxis_m2810672703	System.Void UnityEngine.UI.LayoutGroup::SetChildAlongAxis(UnityEngine.RectTransform,System.Int32,System.Single)	UnityEngine.UI
LayoutGroup_SetChildAlongAxis_m3499950169	System.Void UnityEngine.UI.LayoutGroup::SetChildAlongAxis(UnityEngine.RectTransform,System.Int32,System.Single,System.Single)	UnityEngine.UI
LayoutGroup_get_isRootLayoutGroup_m1082645254	System.Boolean UnityEngine.UI.LayoutGroup::get_isRootLayoutGroup()	UnityEngine.UI
LayoutGroup_OnRectTransformDimensionsChange_m2125404862	System.Void UnityEngine.UI.LayoutGroup::OnRectTransformDimensionsChange()	UnityEngine.UI
LayoutGroup_OnTransformChildrenChanged_m292851325	System.Void UnityEngine.UI.LayoutGroup::OnTransformChildrenChanged()	UnityEngine.UI
LayoutGroup_SetDirty_m957775107	System.Void UnityEngine.UI.LayoutGroup::SetDirty()	UnityEngine.UI
LayoutGroup_DelayedSetDirty_m2562435574	System.Collections.IEnumerator UnityEngine.UI.LayoutGroup::DelayedSetDirty(UnityEngine.RectTransform)	UnityEngine.UI
U3CDelayedSetDirtyU3Ec__Iterator0__ctor_m3936335621	System.Void UnityEngine.UI.LayoutGroup/<DelayedSetDirty>c__Iterator0::.ctor()	UnityEngine.UI
U3CDelayedSetDirtyU3Ec__Iterator0_MoveNext_m1212959166	System.Boolean UnityEngine.UI.LayoutGroup/<DelayedSetDirty>c__Iterator0::MoveNext()	UnityEngine.UI
U3CDelayedSetDirtyU3Ec__Iterator0_System_Collections_Generic_IEnumeratorU3CobjectU3E_get_Current_m813401137	System.Object UnityEngine.UI.LayoutGroup/<DelayedSetDirty>c__Iterator0::System.Collections.Generic.IEnumerator<object>.get_Current()	UnityEngine.UI
U3CDelayedSetDirtyU3Ec__Iterator0_System_Collections_IEnumerator_get_Current_m3096581881	System.Object UnityEngine.UI.LayoutGroup/<DelayedSetDirty>c__Iterator0::System.Collections.IEnumerator.get_Current()	UnityEngine.UI
U3CDelayedSetDirtyU3Ec__Iterator0_Dispose_m2469848327	System.Void UnityEngine.UI.LayoutGroup/<DelayedSetDirty>c__Iterator0::Dispose()	UnityEngine.UI
U3CDelayedSetDirtyU3Ec__Iterator0_Reset_m160466733	System.Void UnityEngine.UI.LayoutGroup/<DelayedSetDirty>c__Iterator0::Reset()	UnityEngine.UI
LayoutRebuilder__cctor_m2273545693	System.Void UnityEngine.UI.LayoutRebuilder::.cctor()	UnityEngine.UI
LayoutRebuilder__ctor_m329572423	System.Void UnityEngine.UI.LayoutRebuilder::.ctor()	UnityEngine.UI
LayoutRebuilder_Initialize_m42055259	System.Void UnityEngine.UI.LayoutRebuilder::Initialize(UnityEngine.RectTransform)	UnityEngine.UI
LayoutRebuilder_Clear_m2524540618	System.Void UnityEngine.UI.LayoutRebuilder::Clear()	UnityEngine.UI
LayoutRebuilder_ReapplyDrivenProperties_m2581469389	System.Void UnityEngine.UI.LayoutRebuilder::ReapplyDrivenProperties(UnityEngine.RectTransform)	UnityEngine.UI
LayoutRebuilder_get_transform_m1526917525	UnityEngine.Transform UnityEngine.UI.LayoutRebuilder::get_transform()	UnityEngine.UI
LayoutRebuilder_IsDestroyed_m440903990	System.Boolean UnityEngine.UI.LayoutRebuilder::IsDestroyed()	UnityEngine.UI
LayoutRebuilder_StripDisabledBehavioursFromList_m1139556513	System.Void UnityEngine.UI.LayoutRebuilder::StripDisabledBehavioursFromList(System.Collections.Generic.List`1<UnityEngine.Component>)	UnityEngine.UI
LayoutRebuilder_ForceRebuildLayoutImmediate_m2728177051	System.Void UnityEngine.UI.LayoutRebuilder::ForceRebuildLayoutImmediate(UnityEngine.RectTransform)	UnityEngine.UI
LayoutRebuilder_Rebuild_m545411424	System.Void UnityEngine.UI.LayoutRebuilder::Rebuild(UnityEngine.UI.CanvasUpdate)	UnityEngine.UI
LayoutRebuilder_PerformLayoutControl_m4241054021	System.Void UnityEngine.UI.LayoutRebuilder::PerformLayoutControl(UnityEngine.RectTransform,UnityEngine.Events.UnityAction`1<UnityEngine.Component>)	UnityEngine.UI
LayoutRebuilder_PerformLayoutCalculation_m3393521362	System.Void UnityEngine.UI.LayoutRebuilder::PerformLayoutCalculation(UnityEngine.RectTransform,UnityEngine.Events.UnityAction`1<UnityEngine.Component>)	UnityEngine.UI
LayoutRebuilder_MarkLayoutForRebuild_m4080555610	System.Void UnityEngine.UI.LayoutRebuilder::MarkLayoutForRebuild(UnityEngine.RectTransform)	UnityEngine.UI
LayoutRebuilder_ValidController_m2315321132	System.Boolean UnityEngine.UI.LayoutRebuilder::ValidController(UnityEngine.RectTransform,System.Collections.Generic.List`1<UnityEngine.Component>)	UnityEngine.UI
LayoutRebuilder_MarkLayoutRootForRebuild_m1241498911	System.Void UnityEngine.UI.LayoutRebuilder::MarkLayoutRootForRebuild(UnityEngine.RectTransform)	UnityEngine.UI
LayoutRebuilder_LayoutComplete_m68578143	System.Void UnityEngine.UI.LayoutRebuilder::LayoutComplete()	UnityEngine.UI
LayoutRebuilder_GraphicUpdateComplete_m1272918420	System.Void UnityEngine.UI.LayoutRebuilder::GraphicUpdateComplete()	UnityEngine.UI
LayoutRebuilder_GetHashCode_m1943075341	System.Int32 UnityEngine.UI.LayoutRebuilder::GetHashCode()	UnityEngine.UI
LayoutRebuilder_Equals_m558181590	System.Boolean UnityEngine.UI.LayoutRebuilder::Equals(System.Object)	UnityEngine.UI
LayoutRebuilder_ToString_m1223284462	System.String UnityEngine.UI.LayoutRebuilder::ToString()	UnityEngine.UI
LayoutRebuilder_U3Cs_RebuildersU3Em__0_m589488547	System.Void UnityEngine.UI.LayoutRebuilder::<s_Rebuilders>m__0(UnityEngine.UI.LayoutRebuilder)	UnityEngine.UI
LayoutRebuilder_U3CStripDisabledBehavioursFromListU3Em__1_m2875254717	System.Boolean UnityEngine.UI.LayoutRebuilder::<StripDisabledBehavioursFromList>m__1(UnityEngine.Component)	UnityEngine.UI
LayoutRebuilder_U3CRebuildU3Em__2_m2448889475	System.Void UnityEngine.UI.LayoutRebuilder::<Rebuild>m__2(UnityEngine.Component)	UnityEngine.UI
LayoutRebuilder_U3CRebuildU3Em__3_m523803689	System.Void UnityEngine.UI.LayoutRebuilder::<Rebuild>m__3(UnityEngine.Component)	UnityEngine.UI
LayoutRebuilder_U3CRebuildU3Em__4_m3706054989	System.Void UnityEngine.UI.LayoutRebuilder::<Rebuild>m__4(UnityEngine.Component)	UnityEngine.UI
LayoutRebuilder_U3CRebuildU3Em__5_m1288787547	System.Void UnityEngine.UI.LayoutRebuilder::<Rebuild>m__5(UnityEngine.Component)	UnityEngine.UI
LayoutUtility_GetMinSize_m2572843166	System.Single UnityEngine.UI.LayoutUtility::GetMinSize(UnityEngine.RectTransform,System.Int32)	UnityEngine.UI
LayoutUtility_GetPreferredSize_m536572840	System.Single UnityEngine.UI.LayoutUtility::GetPreferredSize(UnityEngine.RectTransform,System.Int32)	UnityEngine.UI
LayoutUtility_GetFlexibleSize_m2817211215	System.Single UnityEngine.UI.LayoutUtility::GetFlexibleSize(UnityEngine.RectTransform,System.Int32)	UnityEngine.UI
LayoutUtility_GetMinWidth_m3612214871	System.Single UnityEngine.UI.LayoutUtility::GetMinWidth(UnityEngine.RectTransform)	UnityEngine.UI
LayoutUtility_GetPreferredWidth_m3678713536	System.Single UnityEngine.UI.LayoutUtility::GetPreferredWidth(UnityEngine.RectTransform)	UnityEngine.UI
LayoutUtility_GetFlexibleWidth_m22831835	System.Single UnityEngine.UI.LayoutUtility::GetFlexibleWidth(UnityEngine.RectTransform)	UnityEngine.UI
LayoutUtility_GetMinHeight_m4082139234	System.Single UnityEngine.UI.LayoutUtility::GetMinHeight(UnityEngine.RectTransform)	UnityEngine.UI
LayoutUtility_GetPreferredHeight_m954532477	System.Single UnityEngine.UI.LayoutUtility::GetPreferredHeight(UnityEngine.RectTransform)	UnityEngine.UI
LayoutUtility_GetFlexibleHeight_m84018936	System.Single UnityEngine.UI.LayoutUtility::GetFlexibleHeight(UnityEngine.RectTransform)	UnityEngine.UI
LayoutUtility_GetLayoutProperty_m3731360667	System.Single UnityEngine.UI.LayoutUtility::GetLayoutProperty(UnityEngine.RectTransform,System.Func`2<UnityEngine.UI.ILayoutElement,System.Single>,System.Single)	UnityEngine.UI
LayoutUtility_GetLayoutProperty_m714717302	System.Single UnityEngine.UI.LayoutUtility::GetLayoutProperty(UnityEngine.RectTransform,System.Func`2<UnityEngine.UI.ILayoutElement,System.Single>,System.Single,UnityEngine.UI.ILayoutElement&)	UnityEngine.UI
LayoutUtility_U3CGetMinWidthU3Em__0_m398152306	System.Single UnityEngine.UI.LayoutUtility::<GetMinWidth>m__0(UnityEngine.UI.ILayoutElement)	UnityEngine.UI
LayoutUtility_U3CGetPreferredWidthU3Em__1_m74273510	System.Single UnityEngine.UI.LayoutUtility::<GetPreferredWidth>m__1(UnityEngine.UI.ILayoutElement)	UnityEngine.UI
LayoutUtility_U3CGetPreferredWidthU3Em__2_m1610950633	System.Single UnityEngine.UI.LayoutUtility::<GetPreferredWidth>m__2(UnityEngine.UI.ILayoutElement)	UnityEngine.UI
LayoutUtility_U3CGetFlexibleWidthU3Em__3_m1091238571	System.Single UnityEngine.UI.LayoutUtility::<GetFlexibleWidth>m__3(UnityEngine.UI.ILayoutElement)	UnityEngine.UI
LayoutUtility_U3CGetMinHeightU3Em__4_m2382889764	System.Single UnityEngine.UI.LayoutUtility::<GetMinHeight>m__4(UnityEngine.UI.ILayoutElement)	UnityEngine.UI
LayoutUtility_U3CGetPreferredHeightU3Em__5_m407820296	System.Single UnityEngine.UI.LayoutUtility::<GetPreferredHeight>m__5(UnityEngine.UI.ILayoutElement)	UnityEngine.UI
LayoutUtility_U3CGetPreferredHeightU3Em__6_m3049688934	System.Single UnityEngine.UI.LayoutUtility::<GetPreferredHeight>m__6(UnityEngine.UI.ILayoutElement)	UnityEngine.UI
LayoutUtility_U3CGetFlexibleHeightU3Em__7_m2991026842	System.Single UnityEngine.UI.LayoutUtility::<GetFlexibleHeight>m__7(UnityEngine.UI.ILayoutElement)	UnityEngine.UI
Mask__ctor_m1269055150	System.Void UnityEngine.UI.Mask::.ctor()	UnityEngine.UI
Mask_get_rectTransform_m440704215	UnityEngine.RectTransform UnityEngine.UI.Mask::get_rectTransform()	UnityEngine.UI
Mask_get_showMaskGraphic_m3170568407	System.Boolean UnityEngine.UI.Mask::get_showMaskGraphic()	UnityEngine.UI
Mask_set_showMaskGraphic_m1344750035	System.Void UnityEngine.UI.Mask::set_showMaskGraphic(System.Boolean)	UnityEngine.UI
Mask_get_graphic_m2572620787	UnityEngine.UI.Graphic UnityEngine.UI.Mask::get_graphic()	UnityEngine.UI
Mask_MaskEnabled_m2980554430	System.Boolean UnityEngine.UI.Mask::MaskEnabled()	UnityEngine.UI
Mask_OnSiblingGraphicEnabledDisabled_m2583294479	System.Void UnityEngine.UI.Mask::OnSiblingGraphicEnabledDisabled()	UnityEngine.UI
Mask_OnEnable_m2186824439	System.Void UnityEngine.UI.Mask::OnEnable()	UnityEngine.UI
Mask_OnDisable_m1270951829	System.Void UnityEngine.UI.Mask::OnDisable()	UnityEngine.UI
Mask_IsRaycastLocationValid_m3572890775	System.Boolean UnityEngine.UI.Mask::IsRaycastLocationValid(UnityEngine.Vector2,UnityEngine.Camera)	UnityEngine.UI
Mask_GetModifiedMaterial_m2692272647	UnityEngine.Material UnityEngine.UI.Mask::GetModifiedMaterial(UnityEngine.Material)	UnityEngine.UI
MaskableGraphic__ctor_m3705055375	System.Void UnityEngine.UI.MaskableGraphic::.ctor()	UnityEngine.UI
MaskableGraphic_get_onCullStateChanged_m3331479633	UnityEngine.UI.MaskableGraphic/CullStateChangedEvent UnityEngine.UI.MaskableGraphic::get_onCullStateChanged()	UnityEngine.UI
MaskableGraphic_set_onCullStateChanged_m2136700709	System.Void UnityEngine.UI.MaskableGraphic::set_onCullStateChanged(UnityEngine.UI.MaskableGraphic/CullStateChangedEvent)	UnityEngine.UI
MaskableGraphic_get_maskable_m1260382606	System.Boolean UnityEngine.UI.MaskableGraphic::get_maskable()	UnityEngine.UI
MaskableGraphic_set_maskable_m243551751	System.Void UnityEngine.UI.MaskableGraphic::set_maskable(System.Boolean)	UnityEngine.UI
MaskableGraphic_GetModifiedMaterial_m2758867980	UnityEngine.Material UnityEngine.UI.MaskableGraphic::GetModifiedMaterial(UnityEngine.Material)	UnityEngine.UI
MaskableGraphic_Cull_m2344943460	System.Void UnityEngine.UI.MaskableGraphic::Cull(UnityEngine.Rect,System.Boolean)	UnityEngine.UI
MaskableGraphic_UpdateCull_m2805101913	System.Void UnityEngine.UI.MaskableGraphic::UpdateCull(System.Boolean)	UnityEngine.UI
MaskableGraphic_SetClipRect_m1292666041	System.Void UnityEngine.UI.MaskableGraphic::SetClipRect(UnityEngine.Rect,System.Boolean)	UnityEngine.UI
MaskableGraphic_OnEnable_m846302383	System.Void UnityEngine.UI.MaskableGraphic::OnEnable()	UnityEngine.UI
MaskableGraphic_OnDisable_m1757789159	System.Void UnityEngine.UI.MaskableGraphic::OnDisable()	UnityEngine.UI
MaskableGraphic_OnTransformParentChanged_m329502413	System.Void UnityEngine.UI.MaskableGraphic::OnTransformParentChanged()	UnityEngine.UI
MaskableGraphic_ParentMaskStateChanged_m1092090553	System.Void UnityEngine.UI.MaskableGraphic::ParentMaskStateChanged()	UnityEngine.UI
MaskableGraphic_OnCanvasHierarchyChanged_m1780820310	System.Void UnityEngine.UI.MaskableGraphic::OnCanvasHierarchyChanged()	UnityEngine.UI
MaskableGraphic_get_rootCanvasRect_m3492154629	UnityEngine.Rect UnityEngine.UI.MaskableGraphic::get_rootCanvasRect()	UnityEngine.UI
MaskableGraphic_UpdateClipParent_m2605828397	System.Void UnityEngine.UI.MaskableGraphic::UpdateClipParent()	UnityEngine.UI
MaskableGraphic_RecalculateClipping_m1772937317	System.Void UnityEngine.UI.MaskableGraphic::RecalculateClipping()	UnityEngine.UI
MaskableGraphic_RecalculateMasking_m183336762	System.Void UnityEngine.UI.MaskableGraphic::RecalculateMasking()	UnityEngine.UI
MaskableGraphic_UnityEngine_UI_IClippable_get_gameObject_m1739855597	UnityEngine.GameObject UnityEngine.UI.MaskableGraphic::UnityEngine.UI.IClippable.get_gameObject()	UnityEngine.UI
CullStateChangedEvent__ctor_m4089558259	System.Void UnityEngine.UI.MaskableGraphic/CullStateChangedEvent::.ctor()	UnityEngine.UI
MaskUtilities__ctor_m4270383866	System.Void UnityEngine.UI.MaskUtilities::.ctor()	UnityEngine.UI
MaskUtilities_Notify2DMaskStateChanged_m1613167679	System.Void UnityEngine.UI.MaskUtilities::Notify2DMaskStateChanged(UnityEngine.Component)	UnityEngine.UI
MaskUtilities_NotifyStencilStateChanged_m3969722420	System.Void UnityEngine.UI.MaskUtilities::NotifyStencilStateChanged(UnityEngine.Component)	UnityEngine.UI
MaskUtilities_FindRootSortOverrideCanvas_m1053047732	UnityEngine.Transform UnityEngine.UI.MaskUtilities::FindRootSortOverrideCanvas(UnityEngine.Transform)	UnityEngine.UI
MaskUtilities_GetStencilDepth_m402474137	System.Int32 UnityEngine.UI.MaskUtilities::GetStencilDepth(UnityEngine.Transform,UnityEngine.Transform)	UnityEngine.UI
MaskUtilities_IsDescendantOrSelf_m2247511982	System.Boolean UnityEngine.UI.MaskUtilities::IsDescendantOrSelf(UnityEngine.Transform,UnityEngine.Transform)	UnityEngine.UI
MaskUtilities_GetRectMaskForClippable_m2464520669	UnityEngine.UI.RectMask2D UnityEngine.UI.MaskUtilities::GetRectMaskForClippable(UnityEngine.UI.IClippable)	UnityEngine.UI
MaskUtilities_GetRectMasksForClip_m532898711	System.Void UnityEngine.UI.MaskUtilities::GetRectMasksForClip(UnityEngine.UI.RectMask2D,System.Collections.Generic.List`1<UnityEngine.UI.RectMask2D>)	UnityEngine.UI
Misc_Destroy_m3285455208	System.Void UnityEngine.UI.Misc::Destroy(UnityEngine.Object)	UnityEngine.UI
Misc_DestroyImmediate_m3534039591	System.Void UnityEngine.UI.Misc::DestroyImmediate(UnityEngine.Object)	UnityEngine.UI
Navigation_get_mode_m1766451275_AdjustorThunk	UnityEngine.UI.Navigation/Mode UnityEngine.UI.Navigation::get_mode()	UnityEngine.UI
Navigation_set_mode_m3709908198_AdjustorThunk	System.Void UnityEngine.UI.Navigation::set_mode(UnityEngine.UI.Navigation/Mode)	UnityEngine.UI
Navigation_get_selectOnUp_m3602387123_AdjustorThunk	UnityEngine.UI.Selectable UnityEngine.UI.Navigation::get_selectOnUp()	UnityEngine.UI
Navigation_set_selectOnUp_m827629728_AdjustorThunk	System.Void UnityEngine.UI.Navigation::set_selectOnUp(UnityEngine.UI.Selectable)	UnityEngine.UI
Navigation_get_selectOnDown_m1912812616_AdjustorThunk	UnityEngine.UI.Selectable UnityEngine.UI.Navigation::get_selectOnDown()	UnityEngine.UI
Navigation_set_selectOnDown_m1641183109_AdjustorThunk	System.Void UnityEngine.UI.Navigation::set_selectOnDown(UnityEngine.UI.Selectable)	UnityEngine.UI
Navigation_get_selectOnLeft_m2755354667_AdjustorThunk	UnityEngine.UI.Selectable UnityEngine.UI.Navigation::get_selectOnLeft()	UnityEngine.UI
Navigation_set_selectOnLeft_m873759494_AdjustorThunk	System.Void UnityEngine.UI.Navigation::set_selectOnLeft(UnityEngine.UI.Selectable)	UnityEngine.UI
Navigation_get_selectOnRight_m1269340398_AdjustorThunk	UnityEngine.UI.Selectable UnityEngine.UI.Navigation::get_selectOnRight()	UnityEngine.UI
Navigation_set_selectOnRight_m1783025816_AdjustorThunk	System.Void UnityEngine.UI.Navigation::set_selectOnRight(UnityEngine.UI.Selectable)	UnityEngine.UI
Navigation_get_defaultNavigation_m2181582095	UnityEngine.UI.Navigation UnityEngine.UI.Navigation::get_defaultNavigation()	UnityEngine.UI
Navigation_Equals_m317484440_AdjustorThunk	System.Boolean UnityEngine.UI.Navigation::Equals(UnityEngine.UI.Navigation)	UnityEngine.UI
Outline__ctor_m486796615	System.Void UnityEngine.UI.Outline::.ctor()	UnityEngine.UI
Outline_ModifyMesh_m226991704	System.Void UnityEngine.UI.Outline::ModifyMesh(UnityEngine.UI.VertexHelper)	UnityEngine.UI
PositionAsUV1__ctor_m3868540123	System.Void UnityEngine.UI.PositionAsUV1::.ctor()	UnityEngine.UI
PositionAsUV1_ModifyMesh_m4231919476	System.Void UnityEngine.UI.PositionAsUV1::ModifyMesh(UnityEngine.UI.VertexHelper)	UnityEngine.UI
RawImage__ctor_m2348784658	System.Void UnityEngine.UI.RawImage::.ctor()	UnityEngine.UI
RawImage_get_mainTexture_m2396337033	UnityEngine.Texture UnityEngine.UI.RawImage::get_mainTexture()	UnityEngine.UI
RawImage_get_texture_m2319641407	UnityEngine.Texture UnityEngine.UI.RawImage::get_texture()	UnityEngine.UI
RawImage_set_texture_m415027901	System.Void UnityEngine.UI.RawImage::set_texture(UnityEngine.Texture)	UnityEngine.UI
RawImage_get_uvRect_m3483369478	UnityEngine.Rect UnityEngine.UI.RawImage::get_uvRect()	UnityEngine.UI
RawImage_set_uvRect_m529943894	System.Void UnityEngine.UI.RawImage::set_uvRect(UnityEngine.Rect)	UnityEngine.UI
RawImage_SetNativeSize_m4254640819	System.Void UnityEngine.UI.RawImage::SetNativeSize()	UnityEngine.UI
RawImage_OnPopulateMesh_m1115858855	System.Void UnityEngine.UI.RawImage::OnPopulateMesh(UnityEngine.UI.VertexHelper)	UnityEngine.UI
RectangularVertexClipper__ctor_m3444028362	System.Void UnityEngine.UI.RectangularVertexClipper::.ctor()	UnityEngine.UI
RectangularVertexClipper_GetCanvasRect_m2796440817	UnityEngine.Rect UnityEngine.UI.RectangularVertexClipper::GetCanvasRect(UnityEngine.RectTransform,UnityEngine.Canvas)	UnityEngine.UI
RectMask2D__ctor_m1497447338	System.Void UnityEngine.UI.RectMask2D::.ctor()	UnityEngine.UI
RectMask2D_get_canvasRect_m4284298055	UnityEngine.Rect UnityEngine.UI.RectMask2D::get_canvasRect()	UnityEngine.UI
RectMask2D_get_rectTransform_m921006921	UnityEngine.RectTransform UnityEngine.UI.RectMask2D::get_rectTransform()	UnityEngine.UI
RectMask2D_OnEnable_m4225893584	System.Void UnityEngine.UI.RectMask2D::OnEnable()	UnityEngine.UI
RectMask2D_OnDisable_m809267607	System.Void UnityEngine.UI.RectMask2D::OnDisable()	UnityEngine.UI
RectMask2D_IsRaycastLocationValid_m1652308696	System.Boolean UnityEngine.UI.RectMask2D::IsRaycastLocationValid(UnityEngine.Vector2,UnityEngine.Camera)	UnityEngine.UI
RectMask2D_PerformClipping_m199628230	System.Void UnityEngine.UI.RectMask2D::PerformClipping()	UnityEngine.UI
RectMask2D_AddClippable_m373784024	System.Void UnityEngine.UI.RectMask2D::AddClippable(UnityEngine.UI.IClippable)	UnityEngine.UI
RectMask2D_RemoveClippable_m773604960	System.Void UnityEngine.UI.RectMask2D::RemoveClippable(UnityEngine.UI.IClippable)	UnityEngine.UI
RectMask2D_OnTransformParentChanged_m695607979	System.Void UnityEngine.UI.RectMask2D::OnTransformParentChanged()	UnityEngine.UI
RectMask2D_OnCanvasHierarchyChanged_m3195492255	System.Void UnityEngine.UI.RectMask2D::OnCanvasHierarchyChanged()	UnityEngine.UI
ReflectionMethodsCache__ctor_m3826472948	System.Void UnityEngine.UI.ReflectionMethodsCache::.ctor()	UnityEngine.UI
ReflectionMethodsCache_get_Singleton_m787098794	UnityEngine.UI.ReflectionMethodsCache UnityEngine.UI.ReflectionMethodsCache::get_Singleton()	UnityEngine.UI
ReflectionMethodsCache__cctor_m3883666113	System.Void UnityEngine.UI.ReflectionMethodsCache::.cctor()	UnityEngine.UI
GetRaycastNonAllocCallback__ctor_m3283335238	System.Void UnityEngine.UI.ReflectionMethodsCache/GetRaycastNonAllocCallback::.ctor(System.Object,System.IntPtr)	UnityEngine.UI
GetRaycastNonAllocCallback_Invoke_m161024053	System.Int32 UnityEngine.UI.ReflectionMethodsCache/GetRaycastNonAllocCallback::Invoke(UnityEngine.Ray,UnityEngine.RaycastHit[],System.Single,System.Int32)	UnityEngine.UI
GetRaycastNonAllocCallback_BeginInvoke_m3984885848	System.IAsyncResult UnityEngine.UI.ReflectionMethodsCache/GetRaycastNonAllocCallback::BeginInvoke(UnityEngine.Ray,UnityEngine.RaycastHit[],System.Single,System.Int32,System.AsyncCallback,System.Object)	UnityEngine.UI
GetRaycastNonAllocCallback_EndInvoke_m1789202307	System.Int32 UnityEngine.UI.ReflectionMethodsCache/GetRaycastNonAllocCallback::EndInvoke(System.IAsyncResult)	UnityEngine.UI
GetRayIntersectionAllCallback__ctor_m391992746	System.Void UnityEngine.UI.ReflectionMethodsCache/GetRayIntersectionAllCallback::.ctor(System.Object,System.IntPtr)	UnityEngine.UI
GetRayIntersectionAllCallback_Invoke_m1316694896	UnityEngine.RaycastHit2D[] UnityEngine.UI.ReflectionMethodsCache/GetRayIntersectionAllCallback::Invoke(UnityEngine.Ray,System.Single,System.Int32)	UnityEngine.UI
GetRayIntersectionAllCallback_BeginInvoke_m567311550	System.IAsyncResult UnityEngine.UI.ReflectionMethodsCache/GetRayIntersectionAllCallback::BeginInvoke(UnityEngine.Ray,System.Single,System.Int32,System.AsyncCallback,System.Object)	UnityEngine.UI
GetRayIntersectionAllCallback_EndInvoke_m1583561415	UnityEngine.RaycastHit2D[] UnityEngine.UI.ReflectionMethodsCache/GetRayIntersectionAllCallback::EndInvoke(System.IAsyncResult)	UnityEngine.UI
GetRayIntersectionAllNonAllocCallback__ctor_m394154663	System.Void UnityEngine.UI.ReflectionMethodsCache/GetRayIntersectionAllNonAllocCallback::.ctor(System.Object,System.IntPtr)	UnityEngine.UI
GetRayIntersectionAllNonAllocCallback_Invoke_m1088617647	System.Int32 UnityEngine.UI.ReflectionMethodsCache/GetRayIntersectionAllNonAllocCallback::Invoke(UnityEngine.Ray,UnityEngine.RaycastHit2D[],System.Single,System.Int32)	UnityEngine.UI
GetRayIntersectionAllNonAllocCallback_BeginInvoke_m397599096	System.IAsyncResult UnityEngine.UI.ReflectionMethodsCache/GetRayIntersectionAllNonAllocCallback::BeginInvoke(UnityEngine.Ray,UnityEngine.RaycastHit2D[],System.Single,System.Int32,System.AsyncCallback,System.Object)	UnityEngine.UI
GetRayIntersectionAllNonAllocCallback_EndInvoke_m3733142223	System.Int32 UnityEngine.UI.ReflectionMethodsCache/GetRayIntersectionAllNonAllocCallback::EndInvoke(System.IAsyncResult)	UnityEngine.UI
Raycast2DCallback__ctor_m270594262	System.Void UnityEngine.UI.ReflectionMethodsCache/Raycast2DCallback::.ctor(System.Object,System.IntPtr)	UnityEngine.UI
Raycast2DCallback_Invoke_m1500574149	UnityEngine.RaycastHit2D UnityEngine.UI.ReflectionMethodsCache/Raycast2DCallback::Invoke(UnityEngine.Vector2,UnityEngine.Vector2,System.Single,System.Int32)	UnityEngine.UI
Raycast2DCallback_BeginInvoke_m2365382882	System.IAsyncResult UnityEngine.UI.ReflectionMethodsCache/Raycast2DCallback::BeginInvoke(UnityEngine.Vector2,UnityEngine.Vector2,System.Single,System.Int32,System.AsyncCallback,System.Object)	UnityEngine.UI
Raycast2DCallback_EndInvoke_m746950475	UnityEngine.RaycastHit2D UnityEngine.UI.ReflectionMethodsCache/Raycast2DCallback::EndInvoke(System.IAsyncResult)	UnityEngine.UI
Raycast3DCallback__ctor_m2360810279	System.Void UnityEngine.UI.ReflectionMethodsCache/Raycast3DCallback::.ctor(System.Object,System.IntPtr)	UnityEngine.UI
Raycast3DCallback_Invoke_m702742911	System.Boolean UnityEngine.UI.ReflectionMethodsCache/Raycast3DCallback::Invoke(UnityEngine.Ray,UnityEngine.RaycastHit&,System.Single,System.Int32)	UnityEngine.UI
Raycast3DCallback_BeginInvoke_m3732133089	System.IAsyncResult UnityEngine.UI.ReflectionMethodsCache/Raycast3DCallback::BeginInvoke(UnityEngine.Ray,UnityEngine.RaycastHit&,System.Single,System.Int32,System.AsyncCallback,System.Object)	UnityEngine.UI
Raycast3DCallback_EndInvoke_m35220710	System.Boolean UnityEngine.UI.ReflectionMethodsCache/Raycast3DCallback::EndInvoke(UnityEngine.RaycastHit&,System.IAsyncResult)	UnityEngine.UI
RaycastAllCallback__ctor_m48080089	System.Void UnityEngine.UI.ReflectionMethodsCache/RaycastAllCallback::.ctor(System.Object,System.IntPtr)	UnityEngine.UI
RaycastAllCallback_Invoke_m3272036257	UnityEngine.RaycastHit[] UnityEngine.UI.ReflectionMethodsCache/RaycastAllCallback::Invoke(UnityEngine.Ray,System.Single,System.Int32)	UnityEngine.UI
RaycastAllCallback_BeginInvoke_m3934710463	System.IAsyncResult UnityEngine.UI.ReflectionMethodsCache/RaycastAllCallback::BeginInvoke(UnityEngine.Ray,System.Single,System.Int32,System.AsyncCallback,System.Object)	UnityEngine.UI
RaycastAllCallback_EndInvoke_m502804132	UnityEngine.RaycastHit[] UnityEngine.UI.ReflectionMethodsCache/RaycastAllCallback::EndInvoke(System.IAsyncResult)	UnityEngine.UI
Scrollbar__ctor_m1852189877	System.Void UnityEngine.UI.Scrollbar::.ctor()	UnityEngine.UI
Scrollbar_get_handleRect_m1202480856	UnityEngine.RectTransform UnityEngine.UI.Scrollbar::get_handleRect()	UnityEngine.UI
Scrollbar_set_handleRect_m1170237786	System.Void UnityEngine.UI.Scrollbar::set_handleRect(UnityEngine.RectTransform)	UnityEngine.UI
Scrollbar_get_direction_m3425641721	UnityEngine.UI.Scrollbar/Direction UnityEngine.UI.Scrollbar::get_direction()	UnityEngine.UI
Scrollbar_set_direction_m473480640	System.Void UnityEngine.UI.Scrollbar::set_direction(UnityEngine.UI.Scrollbar/Direction)	UnityEngine.UI
Scrollbar_get_value_m760470106	System.Single UnityEngine.UI.Scrollbar::get_value()	UnityEngine.UI
Scrollbar_set_value_m2277767288	System.Void UnityEngine.UI.Scrollbar::set_value(System.Single)	UnityEngine.UI
Scrollbar_get_size_m3500287235	System.Single UnityEngine.UI.Scrollbar::get_size()	UnityEngine.UI
Scrollbar_set_size_m4256339911	System.Void UnityEngine.UI.Scrollbar::set_size(System.Single)	UnityEngine.UI
Scrollbar_get_numberOfSteps_m1256457796	System.Int32 UnityEngine.UI.Scrollbar::get_numberOfSteps()	UnityEngine.UI
Scrollbar_set_numberOfSteps_m3603299569	System.Void UnityEngine.UI.Scrollbar::set_numberOfSteps(System.Int32)	UnityEngine.UI
Scrollbar_get_onValueChanged_m2631583151	UnityEngine.UI.Scrollbar/ScrollEvent UnityEngine.UI.Scrollbar::get_onValueChanged()	UnityEngine.UI
Scrollbar_set_onValueChanged_m346467699	System.Void UnityEngine.UI.Scrollbar::set_onValueChanged(UnityEngine.UI.Scrollbar/ScrollEvent)	UnityEngine.UI
Scrollbar_get_stepSize_m1389308760	System.Single UnityEngine.UI.Scrollbar::get_stepSize()	UnityEngine.UI
Scrollbar_Rebuild_m1441750759	System.Void UnityEngine.UI.Scrollbar::Rebuild(UnityEngine.UI.CanvasUpdate)	UnityEngine.UI
Scrollbar_LayoutComplete_m3917051296	System.Void UnityEngine.UI.Scrollbar::LayoutComplete()	UnityEngine.UI
Scrollbar_GraphicUpdateComplete_m149909571	System.Void UnityEngine.UI.Scrollbar::GraphicUpdateComplete()	UnityEngine.UI
Scrollbar_OnEnable_m665096645	System.Void UnityEngine.UI.Scrollbar::OnEnable()	UnityEngine.UI
Scrollbar_OnDisable_m1618128269	System.Void UnityEngine.UI.Scrollbar::OnDisable()	UnityEngine.UI
Scrollbar_UpdateCachedReferences_m552296126	System.Void UnityEngine.UI.Scrollbar::UpdateCachedReferences()	UnityEngine.UI
Scrollbar_Set_m1923517630	System.Void UnityEngine.UI.Scrollbar::Set(System.Single)	UnityEngine.UI
Scrollbar_Set_m607000118	System.Void UnityEngine.UI.Scrollbar::Set(System.Single,System.Boolean)	UnityEngine.UI
Scrollbar_OnRectTransformDimensionsChange_m507262104	System.Void UnityEngine.UI.Scrollbar::OnRectTransformDimensionsChange()	UnityEngine.UI
Scrollbar_get_axis_m664270947	UnityEngine.UI.Scrollbar/Axis UnityEngine.UI.Scrollbar::get_axis()	UnityEngine.UI
Scrollbar_get_reverseValue_m3712242531	System.Boolean UnityEngine.UI.Scrollbar::get_reverseValue()	UnityEngine.UI
Scrollbar_UpdateVisuals_m2492252165	System.Void UnityEngine.UI.Scrollbar::UpdateVisuals()	UnityEngine.UI
Scrollbar_UpdateDrag_m1999008351	System.Void UnityEngine.UI.Scrollbar::UpdateDrag(UnityEngine.EventSystems.PointerEventData)	UnityEngine.UI
Scrollbar_MayDrag_m4243946511	System.Boolean UnityEngine.UI.Scrollbar::MayDrag(UnityEngine.EventSystems.PointerEventData)	UnityEngine.UI
Scrollbar_OnBeginDrag_m2883737878	System.Void UnityEngine.UI.Scrollbar::OnBeginDrag(UnityEngine.EventSystems.PointerEventData)	UnityEngine.UI
Scrollbar_OnDrag_m4289602768	System.Void UnityEngine.UI.Scrollbar::OnDrag(UnityEngine.EventSystems.PointerEventData)	UnityEngine.UI
Scrollbar_OnPointerDown_m3213715319	System.Void UnityEngine.UI.Scrollbar::OnPointerDown(UnityEngine.EventSystems.PointerEventData)	UnityEngine.UI
Scrollbar_ClickRepeat_m568850785	System.Collections.IEnumerator UnityEngine.UI.Scrollbar::ClickRepeat(UnityEngine.EventSystems.PointerEventData)	UnityEngine.UI
Scrollbar_OnPointerUp_m133033162	System.Void UnityEngine.UI.Scrollbar::OnPointerUp(UnityEngine.EventSystems.PointerEventData)	UnityEngine.UI
Scrollbar_OnMove_m884487036	System.Void UnityEngine.UI.Scrollbar::OnMove(UnityEngine.EventSystems.AxisEventData)	UnityEngine.UI
Scrollbar_FindSelectableOnLeft_m745079697	UnityEngine.UI.Selectable UnityEngine.UI.Scrollbar::FindSelectableOnLeft()	UnityEngine.UI
Scrollbar_FindSelectableOnRight_m3529608650	UnityEngine.UI.Selectable UnityEngine.UI.Scrollbar::FindSelectableOnRight()	UnityEngine.UI
Scrollbar_FindSelectableOnUp_m48960821	UnityEngine.UI.Selectable UnityEngine.UI.Scrollbar::FindSelectableOnUp()	UnityEngine.UI
Scrollbar_FindSelectableOnDown_m1684359333	UnityEngine.UI.Selectable UnityEngine.UI.Scrollbar::FindSelectableOnDown()	UnityEngine.UI
Scrollbar_OnInitializePotentialDrag_m3588541308	System.Void UnityEngine.UI.Scrollbar::OnInitializePotentialDrag(UnityEngine.EventSystems.PointerEventData)	UnityEngine.UI
Scrollbar_SetDirection_m1664029967	System.Void UnityEngine.UI.Scrollbar::SetDirection(UnityEngine.UI.Scrollbar/Direction,System.Boolean)	UnityEngine.UI
Scrollbar_UnityEngine_UI_ICanvasElement_get_transform_m859714578	UnityEngine.Transform UnityEngine.UI.Scrollbar::UnityEngine.UI.ICanvasElement.get_transform()	UnityEngine.UI
U3CClickRepeatU3Ec__Iterator0__ctor_m1908169891	System.Void UnityEngine.UI.Scrollbar/<ClickRepeat>c__Iterator0::.ctor()	UnityEngine.UI
U3CClickRepeatU3Ec__Iterator0_MoveNext_m2800364313	System.Boolean UnityEngine.UI.Scrollbar/<ClickRepeat>c__Iterator0::MoveNext()	UnityEngine.UI
U3CClickRepeatU3Ec__Iterator0_System_Collections_Generic_IEnumeratorU3CobjectU3E_get_Current_m1221525672	System.Object UnityEngine.UI.Scrollbar/<ClickRepeat>c__Iterator0::System.Collections.Generic.IEnumerator<object>.get_Current()	UnityEngine.UI
U3CClickRepeatU3Ec__Iterator0_System_Collections_IEnumerator_get_Current_m543328413	System.Object UnityEngine.UI.Scrollbar/<ClickRepeat>c__Iterator0::System.Collections.IEnumerator.get_Current()	UnityEngine.UI
U3CClickRepeatU3Ec__Iterator0_Dispose_m4248496038	System.Void UnityEngine.UI.Scrollbar/<ClickRepeat>c__Iterator0::Dispose()	UnityEngine.UI
U3CClickRepeatU3Ec__Iterator0_Reset_m1121315703	System.Void UnityEngine.UI.Scrollbar/<ClickRepeat>c__Iterator0::Reset()	UnityEngine.UI
ScrollEvent__ctor_m342565857	System.Void UnityEngine.UI.Scrollbar/ScrollEvent::.ctor()	UnityEngine.UI
ScrollRect__ctor_m4109385501	System.Void UnityEngine.UI.ScrollRect::.ctor()	UnityEngine.UI
ScrollRect_get_content_m2477524320	UnityEngine.RectTransform UnityEngine.UI.ScrollRect::get_content()	UnityEngine.UI
ScrollRect_set_content_m321343743	System.Void UnityEngine.UI.ScrollRect::set_content(UnityEngine.RectTransform)	UnityEngine.UI
ScrollRect_get_horizontal_m4171218020	System.Boolean UnityEngine.UI.ScrollRect::get_horizontal()	UnityEngine.UI
ScrollRect_set_horizontal_m226990028	System.Void UnityEngine.UI.ScrollRect::set_horizontal(System.Boolean)	UnityEngine.UI
ScrollRect_get_vertical_m3678635065	System.Boolean UnityEngine.UI.ScrollRect::get_vertical()	UnityEngine.UI
ScrollRect_set_vertical_m1095151633	System.Void UnityEngine.UI.ScrollRect::set_vertical(System.Boolean)	UnityEngine.UI
ScrollRect_get_movementType_m2390238786	UnityEngine.UI.ScrollRect/MovementType UnityEngine.UI.ScrollRect::get_movementType()	UnityEngine.UI
ScrollRect_set_movementType_m566824818	System.Void UnityEngine.UI.ScrollRect::set_movementType(UnityEngine.UI.ScrollRect/MovementType)	UnityEngine.UI
ScrollRect_get_elasticity_m2887178028	System.Single UnityEngine.UI.ScrollRect::get_elasticity()	UnityEngine.UI
ScrollRect_set_elasticity_m826209491	System.Void UnityEngine.UI.ScrollRect::set_elasticity(System.Single)	UnityEngine.UI
ScrollRect_get_inertia_m1027210736	System.Boolean UnityEngine.UI.ScrollRect::get_inertia()	UnityEngine.UI
ScrollRect_set_inertia_m3662342596	System.Void UnityEngine.UI.ScrollRect::set_inertia(System.Boolean)	UnityEngine.UI
ScrollRect_get_decelerationRate_m74583805	System.Single UnityEngine.UI.ScrollRect::get_decelerationRate()	UnityEngine.UI
ScrollRect_set_decelerationRate_m723367336	System.Void UnityEngine.UI.ScrollRect::set_decelerationRate(System.Single)	UnityEngine.UI
ScrollRect_get_scrollSensitivity_m2832710591	System.Single UnityEngine.UI.ScrollRect::get_scrollSensitivity()	UnityEngine.UI
ScrollRect_set_scrollSensitivity_m3062191020	System.Void UnityEngine.UI.ScrollRect::set_scrollSensitivity(System.Single)	UnityEngine.UI
ScrollRect_get_viewport_m3082762956	UnityEngine.RectTransform UnityEngine.UI.ScrollRect::get_viewport()	UnityEngine.UI
ScrollRect_set_viewport_m2311992945	System.Void UnityEngine.UI.ScrollRect::set_viewport(UnityEngine.RectTransform)	UnityEngine.UI
ScrollRect_get_horizontalScrollbar_m3123183756	UnityEngine.UI.Scrollbar UnityEngine.UI.ScrollRect::get_horizontalScrollbar()	UnityEngine.UI
ScrollRect_set_horizontalScrollbar_m1905585067	System.Void UnityEngine.UI.ScrollRect::set_horizontalScrollbar(UnityEngine.UI.Scrollbar)	UnityEngine.UI
ScrollRect_get_verticalScrollbar_m4096229079	UnityEngine.UI.Scrollbar UnityEngine.UI.ScrollRect::get_verticalScrollbar()	UnityEngine.UI
ScrollRect_set_verticalScrollbar_m3559087251	System.Void UnityEngine.UI.ScrollRect::set_verticalScrollbar(UnityEngine.UI.Scrollbar)	UnityEngine.UI
ScrollRect_get_horizontalScrollbarVisibility_m1341651705	UnityEngine.UI.ScrollRect/ScrollbarVisibility UnityEngine.UI.ScrollRect::get_horizontalScrollbarVisibility()	UnityEngine.UI
ScrollRect_set_horizontalScrollbarVisibility_m858954037	System.Void UnityEngine.UI.ScrollRect::set_horizontalScrollbarVisibility(UnityEngine.UI.ScrollRect/ScrollbarVisibility)	UnityEngine.UI
ScrollRect_get_verticalScrollbarVisibility_m271142496	UnityEngine.UI.ScrollRect/ScrollbarVisibility UnityEngine.UI.ScrollRect::get_verticalScrollbarVisibility()	UnityEngine.UI
ScrollRect_set_verticalScrollbarVisibility_m2250722467	System.Void UnityEngine.UI.ScrollRect::set_verticalScrollbarVisibility(UnityEngine.UI.ScrollRect/ScrollbarVisibility)	UnityEngine.UI
ScrollRect_get_horizontalScrollbarSpacing_m1307387887	System.Single UnityEngine.UI.ScrollRect::get_horizontalScrollbarSpacing()	UnityEngine.UI
ScrollRect_set_horizontalScrollbarSpacing_m2209919081	System.Void UnityEngine.UI.ScrollRect::set_horizontalScrollbarSpacing(System.Single)	UnityEngine.UI
ScrollRect_get_verticalScrollbarSpacing_m3894317765	System.Single UnityEngine.UI.ScrollRect::get_verticalScrollbarSpacing()	UnityEngine.UI
ScrollRect_set_verticalScrollbarSpacing_m1091218920	System.Void UnityEngine.UI.ScrollRect::set_verticalScrollbarSpacing(System.Single)	UnityEngine.UI
ScrollRect_get_onValueChanged_m1819941361	UnityEngine.UI.ScrollRect/ScrollRectEvent UnityEngine.UI.ScrollRect::get_onValueChanged()	UnityEngine.UI
ScrollRect_set_onValueChanged_m3462008715	System.Void UnityEngine.UI.ScrollRect::set_onValueChanged(UnityEngine.UI.ScrollRect/ScrollRectEvent)	UnityEngine.UI
ScrollRect_get_viewRect_m791243225	UnityEngine.RectTransform UnityEngine.UI.ScrollRect::get_viewRect()	UnityEngine.UI
ScrollRect_get_velocity_m513672031	UnityEngine.Vector2 UnityEngine.UI.ScrollRect::get_velocity()	UnityEngine.UI
ScrollRect_set_velocity_m2217198666	System.Void UnityEngine.UI.ScrollRect::set_velocity(UnityEngine.Vector2)	UnityEngine.UI
ScrollRect_get_rectTransform_m2442061719	UnityEngine.RectTransform UnityEngine.UI.ScrollRect::get_rectTransform()	UnityEngine.UI
ScrollRect_Rebuild_m364667943	System.Void UnityEngine.UI.ScrollRect::Rebuild(UnityEngine.UI.CanvasUpdate)	UnityEngine.UI
ScrollRect_LayoutComplete_m284678646	System.Void UnityEngine.UI.ScrollRect::LayoutComplete()	UnityEngine.UI
ScrollRect_GraphicUpdateComplete_m595552024	System.Void UnityEngine.UI.ScrollRect::GraphicUpdateComplete()	UnityEngine.UI
ScrollRect_UpdateCachedData_m2213916985	System.Void UnityEngine.UI.ScrollRect::UpdateCachedData()	UnityEngine.UI
ScrollRect_OnEnable_m3130111531	System.Void UnityEngine.UI.ScrollRect::OnEnable()	UnityEngine.UI
ScrollRect_OnDisable_m4255705644	System.Void UnityEngine.UI.ScrollRect::OnDisable()	UnityEngine.UI
ScrollRect_IsActive_m2043120237	System.Boolean UnityEngine.UI.ScrollRect::IsActive()	UnityEngine.UI
ScrollRect_EnsureLayoutHasRebuilt_m3415112783	System.Void UnityEngine.UI.ScrollRect::EnsureLayoutHasRebuilt()	UnityEngine.UI
ScrollRect_StopMovement_m4294341396	System.Void UnityEngine.UI.ScrollRect::StopMovement()	UnityEngine.UI
ScrollRect_OnScroll_m3861066534	System.Void UnityEngine.UI.ScrollRect::OnScroll(UnityEngine.EventSystems.PointerEventData)	UnityEngine.UI
ScrollRect_OnInitializePotentialDrag_m3139711961	System.Void UnityEngine.UI.ScrollRect::OnInitializePotentialDrag(UnityEngine.EventSystems.PointerEventData)	UnityEngine.UI
ScrollRect_OnBeginDrag_m1222709073	System.Void UnityEngine.UI.ScrollRect::OnBeginDrag(UnityEngine.EventSystems.PointerEventData)	UnityEngine.UI
ScrollRect_OnEndDrag_m3202230060	System.Void UnityEngine.UI.ScrollRect::OnEndDrag(UnityEngine.EventSystems.PointerEventData)	UnityEngine.UI
ScrollRect_OnDrag_m688583138	System.Void UnityEngine.UI.ScrollRect::OnDrag(UnityEngine.EventSystems.PointerEventData)	UnityEngine.UI
ScrollRect_SetContentAnchoredPosition_m3848867294	System.Void UnityEngine.UI.ScrollRect::SetContentAnchoredPosition(UnityEngine.Vector2)	UnityEngine.UI
ScrollRect_LateUpdate_m1215231183	System.Void UnityEngine.UI.ScrollRect::LateUpdate()	UnityEngine.UI
ScrollRect_UpdatePrevData_m4009119607	System.Void UnityEngine.UI.ScrollRect::UpdatePrevData()	UnityEngine.UI
ScrollRect_UpdateScrollbars_m4146077522	System.Void UnityEngine.UI.ScrollRect::UpdateScrollbars(UnityEngine.Vector2)	UnityEngine.UI
ScrollRect_get_normalizedPosition_m396145690	UnityEngine.Vector2 UnityEngine.UI.ScrollRect::get_normalizedPosition()	UnityEngine.UI
ScrollRect_set_normalizedPosition_m692414573	System.Void UnityEngine.UI.ScrollRect::set_normalizedPosition(UnityEngine.Vector2)	UnityEngine.UI
ScrollRect_get_horizontalNormalizedPosition_m2904015963	System.Single UnityEngine.UI.ScrollRect::get_horizontalNormalizedPosition()	UnityEngine.UI
ScrollRect_set_horizontalNormalizedPosition_m1066708424	System.Void UnityEngine.UI.ScrollRect::set_horizontalNormalizedPosition(System.Single)	UnityEngine.UI
ScrollRect_get_verticalNormalizedPosition_m3693218937	System.Single UnityEngine.UI.ScrollRect::get_verticalNormalizedPosition()	UnityEngine.UI
ScrollRect_set_verticalNormalizedPosition_m1452826170	System.Void UnityEngine.UI.ScrollRect::set_verticalNormalizedPosition(System.Single)	UnityEngine.UI
ScrollRect_SetHorizontalNormalizedPosition_m3159121919	System.Void UnityEngine.UI.ScrollRect::SetHorizontalNormalizedPosition(System.Single)	UnityEngine.UI
ScrollRect_SetVerticalNormalizedPosition_m3389719750	System.Void UnityEngine.UI.ScrollRect::SetVerticalNormalizedPosition(System.Single)	UnityEngine.UI
ScrollRect_SetNormalizedPosition_m3260907438	System.Void UnityEngine.UI.ScrollRect::SetNormalizedPosition(System.Single,System.Int32)	UnityEngine.UI
ScrollRect_RubberDelta_m3597626447	System.Single UnityEngine.UI.ScrollRect::RubberDelta(System.Single,System.Single)	UnityEngine.UI
ScrollRect_OnRectTransformDimensionsChange_m3076329203	System.Void UnityEngine.UI.ScrollRect::OnRectTransformDimensionsChange()	UnityEngine.UI
ScrollRect_get_hScrollingNeeded_m1471901392	System.Boolean UnityEngine.UI.ScrollRect::get_hScrollingNeeded()	UnityEngine.UI
ScrollRect_get_vScrollingNeeded_m1717136831	System.Boolean UnityEngine.UI.ScrollRect::get_vScrollingNeeded()	UnityEngine.UI
ScrollRect_CalculateLayoutInputHorizontal_m1852828502	System.Void UnityEngine.UI.ScrollRect::CalculateLayoutInputHorizontal()	UnityEngine.UI
ScrollRect_CalculateLayoutInputVertical_m3155297482	System.Void UnityEngine.UI.ScrollRect::CalculateLayoutInputVertical()	UnityEngine.UI
ScrollRect_get_minWidth_m1325838756	System.Single UnityEngine.UI.ScrollRect::get_minWidth()	UnityEngine.UI
ScrollRect_get_preferredWidth_m2902568307	System.Single UnityEngine.UI.ScrollRect::get_preferredWidth()	UnityEngine.UI
ScrollRect_get_flexibleWidth_m2491138450	System.Single UnityEngine.UI.ScrollRect::get_flexibleWidth()	UnityEngine.UI
ScrollRect_get_minHeight_m2488304707	System.Single UnityEngine.UI.ScrollRect::get_minHeight()	UnityEngine.UI
ScrollRect_get_preferredHeight_m4250893636	System.Single UnityEngine.UI.ScrollRect::get_preferredHeight()	UnityEngine.UI
ScrollRect_get_flexibleHeight_m1646125485	System.Single UnityEngine.UI.ScrollRect::get_flexibleHeight()	UnityEngine.UI
ScrollRect_get_layoutPriority_m1584702890	System.Int32 UnityEngine.UI.ScrollRect::get_layoutPriority()	UnityEngine.UI
ScrollRect_SetLayoutHorizontal_m3078869633	System.Void UnityEngine.UI.ScrollRect::SetLayoutHorizontal()	UnityEngine.UI
ScrollRect_SetLayoutVertical_m2556636352	System.Void UnityEngine.UI.ScrollRect::SetLayoutVertical()	UnityEngine.UI
ScrollRect_UpdateScrollbarVisibility_m4226977273	System.Void UnityEngine.UI.ScrollRect::UpdateScrollbarVisibility()	UnityEngine.UI
ScrollRect_UpdateOneScrollbarVisibility_m1785426292	System.Void UnityEngine.UI.ScrollRect::UpdateOneScrollbarVisibility(System.Boolean,System.Boolean,UnityEngine.UI.ScrollRect/ScrollbarVisibility,UnityEngine.UI.Scrollbar)	UnityEngine.UI
ScrollRect_UpdateScrollbarLayout_m4070037264	System.Void UnityEngine.UI.ScrollRect::UpdateScrollbarLayout()	UnityEngine.UI
ScrollRect_UpdateBounds_m359586673	System.Void UnityEngine.UI.ScrollRect::UpdateBounds()	UnityEngine.UI
ScrollRect_AdjustBounds_m1965355334	System.Void UnityEngine.UI.ScrollRect::AdjustBounds(UnityEngine.Bounds&,UnityEngine.Vector2&,UnityEngine.Vector3&,UnityEngine.Vector3&)	UnityEngine.UI
ScrollRect_GetBounds_m449872505	UnityEngine.Bounds UnityEngine.UI.ScrollRect::GetBounds()	UnityEngine.UI
ScrollRect_InternalGetBounds_m599803667	UnityEngine.Bounds UnityEngine.UI.ScrollRect::InternalGetBounds(UnityEngine.Vector3[],UnityEngine.Matrix4x4&)	UnityEngine.UI
ScrollRect_CalculateOffset_m927043599	UnityEngine.Vector2 UnityEngine.UI.ScrollRect::CalculateOffset(UnityEngine.Vector2)	UnityEngine.UI
ScrollRect_InternalCalculateOffset_m3525603382	UnityEngine.Vector2 UnityEngine.UI.ScrollRect::InternalCalculateOffset(UnityEngine.Bounds&,UnityEngine.Bounds&,System.Boolean,System.Boolean,UnityEngine.UI.ScrollRect/MovementType,UnityEngine.Vector2&)	UnityEngine.UI
ScrollRect_SetDirty_m214267968	System.Void UnityEngine.UI.ScrollRect::SetDirty()	UnityEngine.UI
ScrollRect_SetDirtyCaching_m4155312386	System.Void UnityEngine.UI.ScrollRect::SetDirtyCaching()	UnityEngine.UI
ScrollRect_UnityEngine_UI_ICanvasElement_get_transform_m3637572110	UnityEngine.Transform UnityEngine.UI.ScrollRect::UnityEngine.UI.ICanvasElement.get_transform()	UnityEngine.UI
ScrollRectEvent__ctor_m1107027632	System.Void UnityEngine.UI.ScrollRect/ScrollRectEvent::.ctor()	UnityEngine.UI
Selectable__ctor_m58942866	System.Void UnityEngine.UI.Selectable::.ctor()	UnityEngine.UI
Selectable_get_allSelectables_m868218263	System.Collections.Generic.List`1<UnityEngine.UI.Selectable> UnityEngine.UI.Selectable::get_allSelectables()	UnityEngine.UI
Selectable_get_navigation_m3508916916	UnityEngine.UI.Navigation UnityEngine.UI.Selectable::get_navigation()	UnityEngine.UI
Selectable_set_navigation_m1617209861	System.Void UnityEngine.UI.Selectable::set_navigation(UnityEngine.UI.Navigation)	UnityEngine.UI
Selectable_get_transition_m4252319269	UnityEngine.UI.Selectable/Transition UnityEngine.UI.Selectable::get_transition()	UnityEngine.UI
Selectable_set_transition_m3395256326	System.Void UnityEngine.UI.Selectable::set_transition(UnityEngine.UI.Selectable/Transition)	UnityEngine.UI
Selectable_get_colors_m2213868400	UnityEngine.UI.ColorBlock UnityEngine.UI.Selectable::get_colors()	UnityEngine.UI
Selectable_set_colors_m1384394609	System.Void UnityEngine.UI.Selectable::set_colors(UnityEngine.UI.ColorBlock)	UnityEngine.UI
Selectable_get_spriteState_m1246443483	UnityEngine.UI.SpriteState UnityEngine.UI.Selectable::get_spriteState()	UnityEngine.UI
Selectable_set_spriteState_m1127684063	System.Void UnityEngine.UI.Selectable::set_spriteState(UnityEngine.UI.SpriteState)	UnityEngine.UI
Selectable_get_animationTriggers_m1217552961	UnityEngine.UI.AnimationTriggers UnityEngine.UI.Selectable::get_animationTriggers()	UnityEngine.UI
Selectable_set_animationTriggers_m2970345687	System.Void UnityEngine.UI.Selectable::set_animationTriggers(UnityEngine.UI.AnimationTriggers)	UnityEngine.UI
Selectable_get_targetGraphic_m559777690	UnityEngine.UI.Graphic UnityEngine.UI.Selectable::get_targetGraphic()	UnityEngine.UI
Selectable_set_targetGraphic_m1003546643	System.Void UnityEngine.UI.Selectable::set_targetGraphic(UnityEngine.UI.Graphic)	UnityEngine.UI
Selectable_get_interactable_m4178824191	System.Boolean UnityEngine.UI.Selectable::get_interactable()	UnityEngine.UI
Selectable_set_interactable_m3105888815	System.Void UnityEngine.UI.Selectable::set_interactable(System.Boolean)	UnityEngine.UI
Selectable_get_isPointerInside_m520529781	System.Boolean UnityEngine.UI.Selectable::get_isPointerInside()	UnityEngine.UI
Selectable_set_isPointerInside_m701571657	System.Void UnityEngine.UI.Selectable::set_isPointerInside(System.Boolean)	UnityEngine.UI
Selectable_get_isPointerDown_m3518318267	System.Boolean UnityEngine.UI.Selectable::get_isPointerDown()	UnityEngine.UI
Selectable_set_isPointerDown_m1776212707	System.Void UnityEngine.UI.Selectable::set_isPointerDown(System.Boolean)	UnityEngine.UI
Selectable_get_hasSelection_m1083548109	System.Boolean UnityEngine.UI.Selectable::get_hasSelection()	UnityEngine.UI
Selectable_set_hasSelection_m1076374937	System.Void UnityEngine.UI.Selectable::set_hasSelection(System.Boolean)	UnityEngine.UI
Selectable_get_image_m1928917691	UnityEngine.UI.Image UnityEngine.UI.Selectable::get_image()	UnityEngine.UI
Selectable_set_image_m3625164794	System.Void UnityEngine.UI.Selectable::set_image(UnityEngine.UI.Image)	UnityEngine.UI
Selectable_get_animator_m2899312855	UnityEngine.Animator UnityEngine.UI.Selectable::get_animator()	UnityEngine.UI
Selectable_Awake_m2577497063	System.Void UnityEngine.UI.Selectable::Awake()	UnityEngine.UI
Selectable_OnCanvasGroupChanged_m472903475	System.Void UnityEngine.UI.Selectable::OnCanvasGroupChanged()	UnityEngine.UI
Selectable_IsInteractable_m2611421038	System.Boolean UnityEngine.UI.Selectable::IsInteractable()	UnityEngine.UI
Selectable_OnDidApplyAnimationProperties_m1530194632	System.Void UnityEngine.UI.Selectable::OnDidApplyAnimationProperties()	UnityEngine.UI
Selectable_OnEnable_m3110490294	System.Void UnityEngine.UI.Selectable::OnEnable()	UnityEngine.UI
Selectable_OnSetProperty_m1693943217	System.Void UnityEngine.UI.Selectable::OnSetProperty()	UnityEngine.UI
Selectable_OnDisable_m3225138518	System.Void UnityEngine.UI.Selectable::OnDisable()	UnityEngine.UI
Selectable_get_currentSelectionState_m3862069179	UnityEngine.UI.Selectable/SelectionState UnityEngine.UI.Selectable::get_currentSelectionState()	UnityEngine.UI
Selectable_InstantClearState_m110305066	System.Void UnityEngine.UI.Selectable::InstantClearState()	UnityEngine.UI
Selectable_DoStateTransition_m1885133206	System.Void UnityEngine.UI.Selectable::DoStateTransition(UnityEngine.UI.Selectable/SelectionState,System.Boolean)	UnityEngine.UI
Selectable_FindSelectable_m2348614027	UnityEngine.UI.Selectable UnityEngine.UI.Selectable::FindSelectable(UnityEngine.Vector3)	UnityEngine.UI
Selectable_GetPointOnRectEdge_m2129691872	UnityEngine.Vector3 UnityEngine.UI.Selectable::GetPointOnRectEdge(UnityEngine.RectTransform,UnityEngine.Vector2)	UnityEngine.UI
Selectable_Navigate_m2538999742	System.Void UnityEngine.UI.Selectable::Navigate(UnityEngine.EventSystems.AxisEventData,UnityEngine.UI.Selectable)	UnityEngine.UI
Selectable_FindSelectableOnLeft_m75080035	UnityEngine.UI.Selectable UnityEngine.UI.Selectable::FindSelectableOnLeft()	UnityEngine.UI
Selectable_FindSelectableOnRight_m2374187443	UnityEngine.UI.Selectable UnityEngine.UI.Selectable::FindSelectableOnRight()	UnityEngine.UI
Selectable_FindSelectableOnUp_m1814865676	UnityEngine.UI.Selectable UnityEngine.UI.Selectable::FindSelectableOnUp()	UnityEngine.UI
Selectable_FindSelectableOnDown_m1591762582	UnityEngine.UI.Selectable UnityEngine.UI.Selectable::FindSelectableOnDown()	UnityEngine.UI
Selectable_OnMove_m2972933239	System.Void UnityEngine.UI.Selectable::OnMove(UnityEngine.EventSystems.AxisEventData)	UnityEngine.UI
Selectable_StartColorTween_m3618813981	System.Void UnityEngine.UI.Selectable::StartColorTween(UnityEngine.Color,System.Boolean)	UnityEngine.UI
Selectable_DoSpriteSwap_m3258918083	System.Void UnityEngine.UI.Selectable::DoSpriteSwap(UnityEngine.Sprite)	UnityEngine.UI
Selectable_TriggerAnimation_m2878474	System.Void UnityEngine.UI.Selectable::TriggerAnimation(System.String)	UnityEngine.UI
Selectable_IsHighlighted_m1215066233	System.Boolean UnityEngine.UI.Selectable::IsHighlighted(UnityEngine.EventSystems.BaseEventData)	UnityEngine.UI
Selectable_IsPressed_m907486548	System.Boolean UnityEngine.UI.Selectable::IsPressed(UnityEngine.EventSystems.BaseEventData)	UnityEngine.UI
Selectable_IsPressed_m3209220049	System.Boolean UnityEngine.UI.Selectable::IsPressed()	UnityEngine.UI
Selectable_UpdateSelectionState_m682863465	System.Void UnityEngine.UI.Selectable::UpdateSelectionState(UnityEngine.EventSystems.BaseEventData)	UnityEngine.UI
Selectable_EvaluateAndTransitionToSelectionState_m3735354430	System.Void UnityEngine.UI.Selectable::EvaluateAndTransitionToSelectionState(UnityEngine.EventSystems.BaseEventData)	UnityEngine.UI
Selectable_InternalEvaluateAndTransitionToSelectionState_m2188373385	System.Void UnityEngine.UI.Selectable::InternalEvaluateAndTransitionToSelectionState(System.Boolean)	UnityEngine.UI
Selectable_OnPointerDown_m1086067264	System.Void UnityEngine.UI.Selectable::OnPointerDown(UnityEngine.EventSystems.PointerEventData)	UnityEngine.UI
Selectable_OnPointerUp_m3228301429	System.Void UnityEngine.UI.Selectable::OnPointerUp(UnityEngine.EventSystems.PointerEventData)	UnityEngine.UI
Selectable_OnPointerEnter_m3378734298	System.Void UnityEngine.UI.Selectable::OnPointerEnter(UnityEngine.EventSystems.PointerEventData)	UnityEngine.UI
Selectable_OnPointerExit_m110182483	System.Void UnityEngine.UI.Selectable::OnPointerExit(UnityEngine.EventSystems.PointerEventData)	UnityEngine.UI
Selectable_OnSelect_m1063214042	System.Void UnityEngine.UI.Selectable::OnSelect(UnityEngine.EventSystems.BaseEventData)	UnityEngine.UI
Selectable_OnDeselect_m2712096814	System.Void UnityEngine.UI.Selectable::OnDeselect(UnityEngine.EventSystems.BaseEventData)	UnityEngine.UI
Selectable_Select_m1465131241	System.Void UnityEngine.UI.Selectable::Select()	UnityEngine.UI
Selectable__cctor_m1838624427	System.Void UnityEngine.UI.Selectable::.cctor()	UnityEngine.UI
SetPropertyUtility_SetColor_m2229203028	System.Boolean UnityEngine.UI.SetPropertyUtility::SetColor(UnityEngine.Color&,UnityEngine.Color)	UnityEngine.UI
Shadow__ctor_m3924185169	System.Void UnityEngine.UI.Shadow::.ctor()	UnityEngine.UI
Shadow_get_effectColor_m911451105	UnityEngine.Color UnityEngine.UI.Shadow::get_effectColor()	UnityEngine.UI
Shadow_set_effectColor_m3910676693	System.Void UnityEngine.UI.Shadow::set_effectColor(UnityEngine.Color)	UnityEngine.UI
Shadow_get_effectDistance_m1966046753	UnityEngine.Vector2 UnityEngine.UI.Shadow::get_effectDistance()	UnityEngine.UI
Shadow_set_effectDistance_m2763324811	System.Void UnityEngine.UI.Shadow::set_effectDistance(UnityEngine.Vector2)	UnityEngine.UI
Shadow_get_useGraphicAlpha_m2000038904	System.Boolean UnityEngine.UI.Shadow::get_useGraphicAlpha()	UnityEngine.UI
Shadow_set_useGraphicAlpha_m2224202025	System.Void UnityEngine.UI.Shadow::set_useGraphicAlpha(System.Boolean)	UnityEngine.UI
Shadow_ApplyShadowZeroAlloc_m1225757410	System.Void UnityEngine.UI.Shadow::ApplyShadowZeroAlloc(System.Collections.Generic.List`1<UnityEngine.UIVertex>,UnityEngine.Color32,System.Int32,System.Int32,System.Single,System.Single)	UnityEngine.UI
Shadow_ApplyShadow_m3787949518	System.Void UnityEngine.UI.Shadow::ApplyShadow(System.Collections.Generic.List`1<UnityEngine.UIVertex>,UnityEngine.Color32,System.Int32,System.Int32,System.Single,System.Single)	UnityEngine.UI
Shadow_ModifyMesh_m1374575027	System.Void UnityEngine.UI.Shadow::ModifyMesh(UnityEngine.UI.VertexHelper)	UnityEngine.UI
Slider__ctor_m873361617	System.Void UnityEngine.UI.Slider::.ctor()	UnityEngine.UI
Slider_get_fillRect_m4019111459	UnityEngine.RectTransform UnityEngine.UI.Slider::get_fillRect()	UnityEngine.UI
Slider_set_fillRect_m2656251767	System.Void UnityEngine.UI.Slider::set_fillRect(UnityEngine.RectTransform)	UnityEngine.UI
Slider_get_handleRect_m3716529459	UnityEngine.RectTransform UnityEngine.UI.Slider::get_handleRect()	UnityEngine.UI
Slider_set_handleRect_m1101657556	System.Void UnityEngine.UI.Slider::set_handleRect(UnityEngine.RectTransform)	UnityEngine.UI
Slider_get_direction_m3871593184	UnityEngine.UI.Slider/Direction UnityEngine.UI.Slider::get_direction()	UnityEngine.UI
Slider_set_direction_m3354648663	System.Void UnityEngine.UI.Slider::set_direction(UnityEngine.UI.Slider/Direction)	UnityEngine.UI
Slider_get_minValue_m3250350293	System.Single UnityEngine.UI.Slider::get_minValue()	UnityEngine.UI
Slider_set_minValue_m3431883418	System.Void UnityEngine.UI.Slider::set_minValue(System.Single)	UnityEngine.UI
Slider_get_maxValue_m414465787	System.Single UnityEngine.UI.Slider::get_maxValue()	UnityEngine.UI
Slider_set_maxValue_m2251404465	System.Void UnityEngine.UI.Slider::set_maxValue(System.Single)	UnityEngine.UI
Slider_get_wholeNumbers_m3514084699	System.Boolean UnityEngine.UI.Slider::get_wholeNumbers()	UnityEngine.UI
Slider_set_wholeNumbers_m1108091651	System.Void UnityEngine.UI.Slider::set_wholeNumbers(System.Boolean)	UnityEngine.UI
Slider_get_value_m739683640	System.Single UnityEngine.UI.Slider::get_value()	UnityEngine.UI
Slider_set_value_m1767443573	System.Void UnityEngine.UI.Slider::set_value(System.Single)	UnityEngine.UI
Slider_get_normalizedValue_m4221259752	System.Single UnityEngine.UI.Slider::get_normalizedValue()	UnityEngine.UI
Slider_set_normalizedValue_m480470123	System.Void UnityEngine.UI.Slider::set_normalizedValue(System.Single)	UnityEngine.UI
Slider_get_onValueChanged_m2907593587	UnityEngine.UI.Slider/SliderEvent UnityEngine.UI.Slider::get_onValueChanged()	UnityEngine.UI
Slider_set_onValueChanged_m1120215707	System.Void UnityEngine.UI.Slider::set_onValueChanged(UnityEngine.UI.Slider/SliderEvent)	UnityEngine.UI
Slider_get_stepSize_m1423227661	System.Single UnityEngine.UI.Slider::get_stepSize()	UnityEngine.UI
Slider_Rebuild_m3494006378	System.Void UnityEngine.UI.Slider::Rebuild(UnityEngine.UI.CanvasUpdate)	UnityEngine.UI
Slider_LayoutComplete_m1036337733	System.Void UnityEngine.UI.Slider::LayoutComplete()	UnityEngine.UI
Slider_GraphicUpdateComplete_m4007360274	System.Void UnityEngine.UI.Slider::GraphicUpdateComplete()	UnityEngine.UI
Slider_OnEnable_m716222213	System.Void UnityEngine.UI.Slider::OnEnable()	UnityEngine.UI
Slider_OnDisable_m2179685974	System.Void UnityEngine.UI.Slider::OnDisable()	UnityEngine.UI
Slider_OnDidApplyAnimationProperties_m4192788494	System.Void UnityEngine.UI.Slider::OnDidApplyAnimationProperties()	UnityEngine.UI
Slider_UpdateCachedReferences_m3259451627	System.Void UnityEngine.UI.Slider::UpdateCachedReferences()	UnityEngine.UI
Slider_ClampValue_m3482112413	System.Single UnityEngine.UI.Slider::ClampValue(System.Single)	UnityEngine.UI
Slider_Set_m1477870360	System.Void UnityEngine.UI.Slider::Set(System.Single)	UnityEngine.UI
Slider_Set_m1476104429	System.Void UnityEngine.UI.Slider::Set(System.Single,System.Boolean)	UnityEngine.UI
Slider_OnRectTransformDimensionsChange_m3337740095	System.Void UnityEngine.UI.Slider::OnRectTransformDimensionsChange()	UnityEngine.UI
Slider_get_axis_m2224049704	UnityEngine.UI.Slider/Axis UnityEngine.UI.Slider::get_axis()	UnityEngine.UI
Slider_get_reverseValue_m2613930318	System.Boolean UnityEngine.UI.Slider::get_reverseValue()	UnityEngine.UI
Slider_UpdateVisuals_m3662961057	System.Void UnityEngine.UI.Slider::UpdateVisuals()	UnityEngine.UI
Slider_UpdateDrag_m1102107039	System.Void UnityEngine.UI.Slider::UpdateDrag(UnityEngine.EventSystems.PointerEventData,UnityEngine.Camera)	UnityEngine.UI
Slider_MayDrag_m674653282	System.Boolean UnityEngine.UI.Slider::MayDrag(UnityEngine.EventSystems.PointerEventData)	UnityEngine.UI
Slider_OnPointerDown_m3052086073	System.Void UnityEngine.UI.Slider::OnPointerDown(UnityEngine.EventSystems.PointerEventData)	UnityEngine.UI
Slider_OnDrag_m1997848405	System.Void UnityEngine.UI.Slider::OnDrag(UnityEngine.EventSystems.PointerEventData)	UnityEngine.UI
Slider_OnMove_m2670177017	System.Void UnityEngine.UI.Slider::OnMove(UnityEngine.EventSystems.AxisEventData)	UnityEngine.UI
Slider_FindSelectableOnLeft_m1667068522	UnityEngine.UI.Selectable UnityEngine.UI.Slider::FindSelectableOnLeft()	UnityEngine.UI
Slider_FindSelectableOnRight_m3576909722	UnityEngine.UI.Selectable UnityEngine.UI.Slider::FindSelectableOnRight()	UnityEngine.UI
Slider_FindSelectableOnUp_m4062600878	UnityEngine.UI.Selectable UnityEngine.UI.Slider::FindSelectableOnUp()	UnityEngine.UI
Slider_FindSelectableOnDown_m3581255245	UnityEngine.UI.Selectable UnityEngine.UI.Slider::FindSelectableOnDown()	UnityEngine.UI
Slider_OnInitializePotentialDrag_m3650289501	System.Void UnityEngine.UI.Slider::OnInitializePotentialDrag(UnityEngine.EventSystems.PointerEventData)	UnityEngine.UI
Slider_SetDirection_m2450124012	System.Void UnityEngine.UI.Slider::SetDirection(UnityEngine.UI.Slider/Direction,System.Boolean)	UnityEngine.UI
Slider_UnityEngine_UI_ICanvasElement_get_transform_m1577867913	UnityEngine.Transform UnityEngine.UI.Slider::UnityEngine.UI.ICanvasElement.get_transform()	UnityEngine.UI
SliderEvent__ctor_m3149452941	System.Void UnityEngine.UI.Slider/SliderEvent::.ctor()	UnityEngine.UI
SpriteState_get_highlightedSprite_m3042451966_AdjustorThunk	UnityEngine.Sprite UnityEngine.UI.SpriteState::get_highlightedSprite()	UnityEngine.UI
SpriteState_set_highlightedSprite_m1439356607_AdjustorThunk	System.Void UnityEngine.UI.SpriteState::set_highlightedSprite(UnityEngine.Sprite)	UnityEngine.UI
SpriteState_get_pressedSprite_m3868967445_AdjustorThunk	UnityEngine.Sprite UnityEngine.UI.SpriteState::get_pressedSprite()	UnityEngine.UI
SpriteState_set_pressedSprite_m3368686500_AdjustorThunk	System.Void UnityEngine.UI.SpriteState::set_pressedSprite(UnityEngine.Sprite)	UnityEngine.UI
SpriteState_get_disabledSprite_m1003707558_AdjustorThunk	UnityEngine.Sprite UnityEngine.UI.SpriteState::get_disabledSprite()	UnityEngine.UI
SpriteState_set_disabledSprite_m1243475168_AdjustorThunk	System.Void UnityEngine.UI.SpriteState::set_disabledSprite(UnityEngine.Sprite)	UnityEngine.UI
SpriteState_Equals_m2696426421_AdjustorThunk	System.Boolean UnityEngine.UI.SpriteState::Equals(UnityEngine.UI.SpriteState)	UnityEngine.UI
StencilMaterial_Add_m3183845017	UnityEngine.Material UnityEngine.UI.StencilMaterial::Add(UnityEngine.Material,System.Int32)	UnityEngine.UI
StencilMaterial_Add_m3901322229	UnityEngine.Material UnityEngine.UI.StencilMaterial::Add(UnityEngine.Material,System.Int32,UnityEngine.Rendering.StencilOp,UnityEngine.Rendering.CompareFunction,UnityEngine.Rendering.ColorWriteMask)	UnityEngine.UI
StencilMaterial_Add_m2195405072	UnityEngine.Material UnityEngine.UI.StencilMaterial::Add(UnityEngine.Material,System.Int32,UnityEngine.Rendering.StencilOp,UnityEngine.Rendering.CompareFunction,UnityEngine.Rendering.ColorWriteMask,System.Int32,System.Int32)	UnityEngine.UI
StencilMaterial_Remove_m1301487727	System.Void UnityEngine.UI.StencilMaterial::Remove(UnityEngine.Material)	UnityEngine.UI
StencilMaterial_ClearAll_m3197262106	System.Void UnityEngine.UI.StencilMaterial::ClearAll()	UnityEngine.UI
StencilMaterial__cctor_m2003858807	System.Void UnityEngine.UI.StencilMaterial::.cctor()	UnityEngine.UI
MatEntry__ctor_m1949610076	System.Void UnityEngine.UI.StencilMaterial/MatEntry::.ctor()	UnityEngine.UI
Text__ctor_m1150387577	System.Void UnityEngine.UI.Text::.ctor()	UnityEngine.UI
Text_get_cachedTextGenerator_m2506989875	UnityEngine.TextGenerator UnityEngine.UI.Text::get_cachedTextGenerator()	UnityEngine.UI
Text_get_cachedTextGeneratorForLayout_m116487342	UnityEngine.TextGenerator UnityEngine.UI.Text::get_cachedTextGeneratorForLayout()	UnityEngine.UI
Text_get_mainTexture_m3501892889	UnityEngine.Texture UnityEngine.UI.Text::get_mainTexture()	UnityEngine.UI
Text_FontTextureChanged_m495427969	System.Void UnityEngine.UI.Text::FontTextureChanged()	UnityEngine.UI
Text_get_font_m2857203289	UnityEngine.Font UnityEngine.UI.Text::get_font()	UnityEngine.UI
Text_set_font_m2192091651	System.Void UnityEngine.UI.Text::set_font(UnityEngine.Font)	UnityEngine.UI
Text_get_text_m2352438434	System.String UnityEngine.UI.Text::get_text()	UnityEngine.UI
Text_set_text_m3481657721	System.Void UnityEngine.UI.Text::set_text(System.String)	UnityEngine.UI
Text_get_supportRichText_m1837499160	System.Boolean UnityEngine.UI.Text::get_supportRichText()	UnityEngine.UI
Text_set_supportRichText_m1590781031	System.Void UnityEngine.UI.Text::set_supportRichText(System.Boolean)	UnityEngine.UI
Text_get_resizeTextForBestFit_m1689289413	System.Boolean UnityEngine.UI.Text::get_resizeTextForBestFit()	UnityEngine.UI
Text_set_resizeTextForBestFit_m4095249125	System.Void UnityEngine.UI.Text::set_resizeTextForBestFit(System.Boolean)	UnityEngine.UI
Text_get_resizeTextMinSize_m1002355407	System.Int32 UnityEngine.UI.Text::get_resizeTextMinSize()	UnityEngine.UI
Text_set_resizeTextMinSize_m3257679950	System.Void UnityEngine.UI.Text::set_resizeTextMinSize(System.Int32)	UnityEngine.UI
Text_get_resizeTextMaxSize_m1032371143	System.Int32 UnityEngine.UI.Text::get_resizeTextMaxSize()	UnityEngine.UI
Text_set_resizeTextMaxSize_m1403328328	System.Void UnityEngine.UI.Text::set_resizeTextMaxSize(System.Int32)	UnityEngine.UI
Text_get_alignment_m1496827807	UnityEngine.TextAnchor UnityEngine.UI.Text::get_alignment()	UnityEngine.UI
Text_set_alignment_m88714888	System.Void UnityEngine.UI.Text::set_alignment(UnityEngine.TextAnchor)	UnityEngine.UI
Text_get_alignByGeometry_m1860950270	System.Boolean UnityEngine.UI.Text::get_alignByGeometry()	UnityEngine.UI
Text_set_alignByGeometry_m3828822280	System.Void UnityEngine.UI.Text::set_alignByGeometry(System.Boolean)	UnityEngine.UI
Text_get_fontSize_m1677872538	System.Int32 UnityEngine.UI.Text::get_fontSize()	UnityEngine.UI
Text_set_fontSize_m3617617524	System.Void UnityEngine.UI.Text::set_fontSize(System.Int32)	UnityEngine.UI
Text_get_horizontalOverflow_m4155575610	UnityEngine.HorizontalWrapMode UnityEngine.UI.Text::get_horizontalOverflow()	UnityEngine.UI
Text_set_horizontalOverflow_m2473787109	System.Void UnityEngine.UI.Text::set_horizontalOverflow(UnityEngine.HorizontalWrapMode)	UnityEngine.UI
Text_get_verticalOverflow_m2420459396	UnityEngine.VerticalWrapMode UnityEngine.UI.Text::get_verticalOverflow()	UnityEngine.UI
Text_set_verticalOverflow_m707803934	System.Void UnityEngine.UI.Text::set_verticalOverflow(UnityEngine.VerticalWrapMode)	UnityEngine.UI
Text_get_lineSpacing_m390610023	System.Single UnityEngine.UI.Text::get_lineSpacing()	UnityEngine.UI
Text_set_lineSpacing_m2439529390	System.Void UnityEngine.UI.Text::set_lineSpacing(System.Single)	UnityEngine.UI
Text_get_fontStyle_m3082671380	UnityEngine.FontStyle UnityEngine.UI.Text::get_fontStyle()	UnityEngine.UI
Text_set_fontStyle_m648756124	System.Void UnityEngine.UI.Text::set_fontStyle(UnityEngine.FontStyle)	UnityEngine.UI
Text_get_pixelsPerUnit_m4041777403	System.Single UnityEngine.UI.Text::get_pixelsPerUnit()	UnityEngine.UI
Text_OnEnable_m616205807	System.Void UnityEngine.UI.Text::OnEnable()	UnityEngine.UI
Text_OnDisable_m1806889406	System.Void UnityEngine.UI.Text::OnDisable()	UnityEngine.UI
Text_UpdateGeometry_m3634850647	System.Void UnityEngine.UI.Text::UpdateGeometry()	UnityEngine.UI
Text_AssignDefaultFont_m3151310334	System.Void UnityEngine.UI.Text::AssignDefaultFont()	UnityEngine.UI
Text_GetGenerationSettings_m1390856115	UnityEngine.TextGenerationSettings UnityEngine.UI.Text::GetGenerationSettings(UnityEngine.Vector2)	UnityEngine.UI
Text_GetTextAnchorPivot_m983265935	UnityEngine.Vector2 UnityEngine.UI.Text::GetTextAnchorPivot(UnityEngine.TextAnchor)	UnityEngine.UI
Text_OnPopulateMesh_m1525268284	System.Void UnityEngine.UI.Text::OnPopulateMesh(UnityEngine.UI.VertexHelper)	UnityEngine.UI
Text_CalculateLayoutInputHorizontal_m3331790962	System.Void UnityEngine.UI.Text::CalculateLayoutInputHorizontal()	UnityEngine.UI
Text_CalculateLayoutInputVertical_m1777901436	System.Void UnityEngine.UI.Text::CalculateLayoutInputVertical()	UnityEngine.UI
Text_get_minWidth_m1510786182	System.Single UnityEngine.UI.Text::get_minWidth()	UnityEngine.UI
Text_get_preferredWidth_m2255180525	System.Single UnityEngine.UI.Text::get_preferredWidth()	UnityEngine.UI
Text_get_flexibleWidth_m722165853	System.Single UnityEngine.UI.Text::get_flexibleWidth()	UnityEngine.UI
Text_get_minHeight_m4080123190	System.Single UnityEngine.UI.Text::get_minHeight()	UnityEngine.UI
Text_get_preferredHeight_m521706231	System.Single UnityEngine.UI.Text::get_preferredHeight()	UnityEngine.UI
Text_get_flexibleHeight_m603799800	System.Single UnityEngine.UI.Text::get_flexibleHeight()	UnityEngine.UI
Text_get_layoutPriority_m3776709027	System.Int32 UnityEngine.UI.Text::get_layoutPriority()	UnityEngine.UI
Text__cctor_m81191306	System.Void UnityEngine.UI.Text::.cctor()	UnityEngine.UI
Toggle__ctor_m768708970	System.Void UnityEngine.UI.Toggle::.ctor()	UnityEngine.UI
Toggle_get_group_m4124882852	UnityEngine.UI.ToggleGroup UnityEngine.UI.Toggle::get_group()	UnityEngine.UI
Toggle_set_group_m3686946438	System.Void UnityEngine.UI.Toggle::set_group(UnityEngine.UI.ToggleGroup)	UnityEngine.UI
Toggle_Rebuild_m2267606569	System.Void UnityEngine.UI.Toggle::Rebuild(UnityEngine.UI.CanvasUpdate)	UnityEngine.UI
Toggle_LayoutComplete_m2161905395	System.Void UnityEngine.UI.Toggle::LayoutComplete()	UnityEngine.UI
Toggle_GraphicUpdateComplete_m2285510719	System.Void UnityEngine.UI.Toggle::GraphicUpdateComplete()	UnityEngine.UI
Toggle_OnEnable_m1421694809	System.Void UnityEngine.UI.Toggle::OnEnable()	UnityEngine.UI
Toggle_OnDisable_m1390754487	System.Void UnityEngine.UI.Toggle::OnDisable()	UnityEngine.UI
Toggle_OnDidApplyAnimationProperties_m3540525118	System.Void UnityEngine.UI.Toggle::OnDidApplyAnimationProperties()	UnityEngine.UI
Toggle_SetToggleGroup_m1839040161	System.Void UnityEngine.UI.Toggle::SetToggleGroup(UnityEngine.UI.ToggleGroup,System.Boolean)	UnityEngine.UI
Toggle_get_isOn_m1428293607	System.Boolean UnityEngine.UI.Toggle::get_isOn()	UnityEngine.UI
Toggle_set_isOn_m3548357404	System.Void UnityEngine.UI.Toggle::set_isOn(System.Boolean)	UnityEngine.UI
Toggle_Set_m1885801159	System.Void UnityEngine.UI.Toggle::Set(System.Boolean)	UnityEngine.UI
Toggle_Set_m262975082	System.Void UnityEngine.UI.Toggle::Set(System.Boolean,System.Boolean)	UnityEngine.UI
Toggle_PlayEffect_m1836683914	System.Void UnityEngine.UI.Toggle::PlayEffect(System.Boolean)	UnityEngine.UI
Toggle_Start_m3038256574	System.Void UnityEngine.UI.Toggle::Start()	UnityEngine.UI
Toggle_InternalToggle_m1483593526	System.Void UnityEngine.UI.Toggle::InternalToggle()	UnityEngine.UI
Toggle_OnPointerClick_m3526893169	System.Void UnityEngine.UI.Toggle::OnPointerClick(UnityEngine.EventSystems.PointerEventData)	UnityEngine.UI
Toggle_OnSubmit_m1320104356	System.Void UnityEngine.UI.Toggle::OnSubmit(UnityEngine.EventSystems.BaseEventData)	UnityEngine.UI
Toggle_UnityEngine_UI_ICanvasElement_get_transform_m854783724	UnityEngine.Transform UnityEngine.UI.Toggle::UnityEngine.UI.ICanvasElement.get_transform()	UnityEngine.UI
ToggleEvent__ctor_m834619998	System.Void UnityEngine.UI.Toggle/ToggleEvent::.ctor()	UnityEngine.UI
ToggleGroup__ctor_m3308114662	System.Void UnityEngine.UI.ToggleGroup::.ctor()	UnityEngine.UI
ToggleGroup_get_allowSwitchOff_m3913189773	System.Boolean UnityEngine.UI.ToggleGroup::get_allowSwitchOff()	UnityEngine.UI
ToggleGroup_set_allowSwitchOff_m4192200290	System.Void UnityEngine.UI.ToggleGroup::set_allowSwitchOff(System.Boolean)	UnityEngine.UI
ToggleGroup_ValidateToggleIsInGroup_m3201190739	System.Void UnityEngine.UI.ToggleGroup::ValidateToggleIsInGroup(UnityEngine.UI.Toggle)	UnityEngine.UI
ToggleGroup_NotifyToggleOn_m1290826648	System.Void UnityEngine.UI.ToggleGroup::NotifyToggleOn(UnityEngine.UI.Toggle)	UnityEngine.UI
ToggleGroup_UnregisterToggle_m2846655738	System.Void UnityEngine.UI.ToggleGroup::UnregisterToggle(UnityEngine.UI.Toggle)	UnityEngine.UI
ToggleGroup_RegisterToggle_m2988917171	System.Void UnityEngine.UI.ToggleGroup::RegisterToggle(UnityEngine.UI.Toggle)	UnityEngine.UI
ToggleGroup_AnyTogglesOn_m1117012929	System.Boolean UnityEngine.UI.ToggleGroup::AnyTogglesOn()	UnityEngine.UI
ToggleGroup_ActiveToggles_m3179342002	System.Collections.Generic.IEnumerable`1<UnityEngine.UI.Toggle> UnityEngine.UI.ToggleGroup::ActiveToggles()	UnityEngine.UI
ToggleGroup_SetAllTogglesOff_m4184050071	System.Void UnityEngine.UI.ToggleGroup::SetAllTogglesOff()	UnityEngine.UI
ToggleGroup_U3CAnyTogglesOnU3Em__0_m3170735810	System.Boolean UnityEngine.UI.ToggleGroup::<AnyTogglesOn>m__0(UnityEngine.UI.Toggle)	UnityEngine.UI
ToggleGroup_U3CActiveTogglesU3Em__1_m1947537119	System.Boolean UnityEngine.UI.ToggleGroup::<ActiveToggles>m__1(UnityEngine.UI.Toggle)	UnityEngine.UI
VertexHelper__ctor_m2987334858	System.Void UnityEngine.UI.VertexHelper::.ctor()	UnityEngine.UI
VertexHelper__ctor_m2318594751	System.Void UnityEngine.UI.VertexHelper::.ctor(UnityEngine.Mesh)	UnityEngine.UI
VertexHelper_Clear_m627349662	System.Void UnityEngine.UI.VertexHelper::Clear()	UnityEngine.UI
VertexHelper_get_currentVertCount_m124779331	System.Int32 UnityEngine.UI.VertexHelper::get_currentVertCount()	UnityEngine.UI
VertexHelper_get_currentIndexCount_m2916736969	System.Int32 UnityEngine.UI.VertexHelper::get_currentIndexCount()	UnityEngine.UI
VertexHelper_PopulateUIVertex_m3870699345	System.Void UnityEngine.UI.VertexHelper::PopulateUIVertex(UnityEngine.UIVertex&,System.Int32)	UnityEngine.UI
VertexHelper_SetUIVertex_m3094993826	System.Void UnityEngine.UI.VertexHelper::SetUIVertex(UnityEngine.UIVertex,System.Int32)	UnityEngine.UI
VertexHelper_FillMesh_m1654068917	System.Void UnityEngine.UI.VertexHelper::FillMesh(UnityEngine.Mesh)	UnityEngine.UI
VertexHelper_Dispose_m1187645830	System.Void UnityEngine.UI.VertexHelper::Dispose()	UnityEngine.UI
VertexHelper_AddVert_m189858127	System.Void UnityEngine.UI.VertexHelper::AddVert(UnityEngine.Vector3,UnityEngine.Color32,UnityEngine.Vector2,UnityEngine.Vector2,UnityEngine.Vector3,UnityEngine.Vector4)	UnityEngine.UI
VertexHelper_AddVert_m3837581305	System.Void UnityEngine.UI.VertexHelper::AddVert(UnityEngine.Vector3,UnityEngine.Color32,UnityEngine.Vector2)	UnityEngine.UI
VertexHelper_AddVert_m544470165	System.Void UnityEngine.UI.VertexHelper::AddVert(UnityEngine.UIVertex)	UnityEngine.UI
VertexHelper_AddTriangle_m3677720024	System.Void UnityEngine.UI.VertexHelper::AddTriangle(System.Int32,System.Int32,System.Int32)	UnityEngine.UI
VertexHelper_AddUIVertexQuad_m4228725261	System.Void UnityEngine.UI.VertexHelper::AddUIVertexQuad(UnityEngine.UIVertex[])	UnityEngine.UI
VertexHelper_AddUIVertexStream_m1733605881	System.Void UnityEngine.UI.VertexHelper::AddUIVertexStream(System.Collections.Generic.List`1<UnityEngine.UIVertex>,System.Collections.Generic.List`1<System.Int32>)	UnityEngine.UI
VertexHelper_AddUIVertexTriangleStream_m3255143338	System.Void UnityEngine.UI.VertexHelper::AddUIVertexTriangleStream(System.Collections.Generic.List`1<UnityEngine.UIVertex>)	UnityEngine.UI
VertexHelper_GetUIVertexStream_m785241639	System.Void UnityEngine.UI.VertexHelper::GetUIVertexStream(System.Collections.Generic.List`1<UnityEngine.UIVertex>)	UnityEngine.UI
VertexHelper__cctor_m2017593797	System.Void UnityEngine.UI.VertexHelper::.cctor()	UnityEngine.UI
VerticalLayoutGroup__ctor_m321345421	System.Void UnityEngine.UI.VerticalLayoutGroup::.ctor()	UnityEngine.UI
VerticalLayoutGroup_CalculateLayoutInputHorizontal_m1404590745	System.Void UnityEngine.UI.VerticalLayoutGroup::CalculateLayoutInputHorizontal()	UnityEngine.UI
VerticalLayoutGroup_CalculateLayoutInputVertical_m845721549	System.Void UnityEngine.UI.VerticalLayoutGroup::CalculateLayoutInputVertical()	UnityEngine.UI
VerticalLayoutGroup_SetLayoutHorizontal_m84550911	System.Void UnityEngine.UI.VerticalLayoutGroup::SetLayoutHorizontal()	UnityEngine.UI
VerticalLayoutGroup_SetLayoutVertical_m3487765782	System.Void UnityEngine.UI.VerticalLayoutGroup::SetLayoutVertical()	UnityEngine.UI
CameraControl__ctor_m1526113334	System.Void CameraControl::.ctor()	Assembly-CSharp
CameraControl_Awake_m955873278	System.Void CameraControl::Awake()	Assembly-CSharp
CameraControl_FixedUpdate_m78540451	System.Void CameraControl::FixedUpdate()	Assembly-CSharp
CameraControl_Move_m4139390109	System.Void CameraControl::Move()	Assembly-CSharp
CameraControl_FindAveragePosition_m3718188666	System.Void CameraControl::FindAveragePosition()	Assembly-CSharp
CameraControl_Zoom_m834648437	System.Void CameraControl::Zoom()	Assembly-CSharp
CameraControl_FindRequiredSize_m1936630798	System.Single CameraControl::FindRequiredSize()	Assembly-CSharp
CameraControl_SetStartPositionAndSize_m143183637	System.Void CameraControl::SetStartPositionAndSize()	Assembly-CSharp
CameraControl__ctor_m1479405010	System.Void Complete.CameraControl::.ctor()	Assembly-CSharp
CameraControl_Awake_m4092298031	System.Void Complete.CameraControl::Awake()	Assembly-CSharp
CameraControl_FixedUpdate_m1606220810	System.Void Complete.CameraControl::FixedUpdate()	Assembly-CSharp
CameraControl_Move_m1970646009	System.Void Complete.CameraControl::Move()	Assembly-CSharp
CameraControl_FindAveragePosition_m3584927302	System.Void Complete.CameraControl::FindAveragePosition()	Assembly-CSharp
CameraControl_Zoom_m1651150881	System.Void Complete.CameraControl::Zoom()	Assembly-CSharp
CameraControl_FindRequiredSize_m3994751202	System.Single Complete.CameraControl::FindRequiredSize()	Assembly-CSharp
CameraControl_SetStartPositionAndSize_m2701556948	System.Void Complete.CameraControl::SetStartPositionAndSize()	Assembly-CSharp
GameManager__ctor_m2910143520	System.Void Complete.GameManager::.ctor()	Assembly-CSharp
GameManager_Start_m2515988060	System.Void Complete.GameManager::Start()	Assembly-CSharp
GameManager_SpawnAllTanks_m77914588	System.Void Complete.GameManager::SpawnAllTanks()	Assembly-CSharp
GameManager_SetCameraTargets_m482659155	System.Void Complete.GameManager::SetCameraTargets()	Assembly-CSharp
GameManager_GameLoop_m2561257457	System.Collections.IEnumerator Complete.GameManager::GameLoop()	Assembly-CSharp
GameManager_RoundStarting_m3520572736	System.Collections.IEnumerator Complete.GameManager::RoundStarting()	Assembly-CSharp
GameManager_RoundPlaying_m2350029044	System.Collections.IEnumerator Complete.GameManager::RoundPlaying()	Assembly-CSharp
GameManager_RoundEnding_m123013397	System.Collections.IEnumerator Complete.GameManager::RoundEnding()	Assembly-CSharp
GameManager_OneTankLeft_m2607641774	System.Boolean Complete.GameManager::OneTankLeft()	Assembly-CSharp
GameManager_GetRoundWinner_m1997235	Complete.TankManager Complete.GameManager::GetRoundWinner()	Assembly-CSharp
GameManager_GetGameWinner_m3515485393	Complete.TankManager Complete.GameManager::GetGameWinner()	Assembly-CSharp
GameManager_EndMessage_m3438931657	System.String Complete.GameManager::EndMessage()	Assembly-CSharp
GameManager_ResetAllTanks_m3220853404	System.Void Complete.GameManager::ResetAllTanks()	Assembly-CSharp
GameManager_EnableTankControl_m3661700292	System.Void Complete.GameManager::EnableTankControl()	Assembly-CSharp
GameManager_DisableTankControl_m1571287890	System.Void Complete.GameManager::DisableTankControl()	Assembly-CSharp
U3CGameLoopU3Ec__Iterator0__ctor_m1382742525	System.Void Complete.GameManager/<GameLoop>c__Iterator0::.ctor()	Assembly-CSharp
U3CGameLoopU3Ec__Iterator0_MoveNext_m1617628758	System.Boolean Complete.GameManager/<GameLoop>c__Iterator0::MoveNext()	Assembly-CSharp
U3CGameLoopU3Ec__Iterator0_System_Collections_Generic_IEnumeratorU3CobjectU3E_get_Current_m4167880792	System.Object Complete.GameManager/<GameLoop>c__Iterator0::System.Collections.Generic.IEnumerator<object>.get_Current()	Assembly-CSharp
U3CGameLoopU3Ec__Iterator0_System_Collections_IEnumerator_get_Current_m2558321297	System.Object Complete.GameManager/<GameLoop>c__Iterator0::System.Collections.IEnumerator.get_Current()	Assembly-CSharp
U3CGameLoopU3Ec__Iterator0_Dispose_m3189392863	System.Void Complete.GameManager/<GameLoop>c__Iterator0::Dispose()	Assembly-CSharp
U3CGameLoopU3Ec__Iterator0_Reset_m858917369	System.Void Complete.GameManager/<GameLoop>c__Iterator0::Reset()	Assembly-CSharp
U3CRoundEndingU3Ec__Iterator3__ctor_m4107467584	System.Void Complete.GameManager/<RoundEnding>c__Iterator3::.ctor()	Assembly-CSharp
U3CRoundEndingU3Ec__Iterator3_MoveNext_m405824296	System.Boolean Complete.GameManager/<RoundEnding>c__Iterator3::MoveNext()	Assembly-CSharp
U3CRoundEndingU3Ec__Iterator3_System_Collections_Generic_IEnumeratorU3CobjectU3E_get_Current_m4018589173	System.Object Complete.GameManager/<RoundEnding>c__Iterator3::System.Collections.Generic.IEnumerator<object>.get_Current()	Assembly-CSharp
U3CRoundEndingU3Ec__Iterator3_System_Collections_IEnumerator_get_Current_m3590877910	System.Object Complete.GameManager/<RoundEnding>c__Iterator3::System.Collections.IEnumerator.get_Current()	Assembly-CSharp
U3CRoundEndingU3Ec__Iterator3_Dispose_m88278767	System.Void Complete.GameManager/<RoundEnding>c__Iterator3::Dispose()	Assembly-CSharp
U3CRoundEndingU3Ec__Iterator3_Reset_m4009878925	System.Void Complete.GameManager/<RoundEnding>c__Iterator3::Reset()	Assembly-CSharp
U3CRoundPlayingU3Ec__Iterator2__ctor_m397003911	System.Void Complete.GameManager/<RoundPlaying>c__Iterator2::.ctor()	Assembly-CSharp
U3CRoundPlayingU3Ec__Iterator2_MoveNext_m1208360825	System.Boolean Complete.GameManager/<RoundPlaying>c__Iterator2::MoveNext()	Assembly-CSharp
U3CRoundPlayingU3Ec__Iterator2_System_Collections_Generic_IEnumeratorU3CobjectU3E_get_Current_m3789640970	System.Object Complete.GameManager/<RoundPlaying>c__Iterator2::System.Collections.Generic.IEnumerator<object>.get_Current()	Assembly-CSharp
U3CRoundPlayingU3Ec__Iterator2_System_Collections_IEnumerator_get_Current_m662121998	System.Object Complete.GameManager/<RoundPlaying>c__Iterator2::System.Collections.IEnumerator.get_Current()	Assembly-CSharp
U3CRoundPlayingU3Ec__Iterator2_Dispose_m3040761000	System.Void Complete.GameManager/<RoundPlaying>c__Iterator2::Dispose()	Assembly-CSharp
U3CRoundPlayingU3Ec__Iterator2_Reset_m2364781247	System.Void Complete.GameManager/<RoundPlaying>c__Iterator2::Reset()	Assembly-CSharp
U3CRoundStartingU3Ec__Iterator1__ctor_m1948056557	System.Void Complete.GameManager/<RoundStarting>c__Iterator1::.ctor()	Assembly-CSharp
U3CRoundStartingU3Ec__Iterator1_MoveNext_m261516731	System.Boolean Complete.GameManager/<RoundStarting>c__Iterator1::MoveNext()	Assembly-CSharp
U3CRoundStartingU3Ec__Iterator1_System_Collections_Generic_IEnumeratorU3CobjectU3E_get_Current_m3470217059	System.Object Complete.GameManager/<RoundStarting>c__Iterator1::System.Collections.Generic.IEnumerator<object>.get_Current()	Assembly-CSharp
U3CRoundStartingU3Ec__Iterator1_System_Collections_IEnumerator_get_Current_m3320556717	System.Object Complete.GameManager/<RoundStarting>c__Iterator1::System.Collections.IEnumerator.get_Current()	Assembly-CSharp
U3CRoundStartingU3Ec__Iterator1_Dispose_m3470414729	System.Void Complete.GameManager/<RoundStarting>c__Iterator1::Dispose()	Assembly-CSharp
U3CRoundStartingU3Ec__Iterator1_Reset_m170003936	System.Void Complete.GameManager/<RoundStarting>c__Iterator1::Reset()	Assembly-CSharp
ShellExplosion__ctor_m3178170836	System.Void Complete.ShellExplosion::.ctor()	Assembly-CSharp
ShellExplosion_Start_m2098103578	System.Void Complete.ShellExplosion::Start()	Assembly-CSharp
ShellExplosion_OnTriggerEnter_m2031899408	System.Void Complete.ShellExplosion::OnTriggerEnter(UnityEngine.Collider)	Assembly-CSharp
ShellExplosion_CalculateDamage_m4016378789	System.Single Complete.ShellExplosion::CalculateDamage(UnityEngine.Vector3)	Assembly-CSharp
TankHealth__ctor_m3089498752	System.Void Complete.TankHealth::.ctor()	Assembly-CSharp
TankHealth_Awake_m2057874416	System.Void Complete.TankHealth::Awake()	Assembly-CSharp
TankHealth_OnEnable_m1901622671	System.Void Complete.TankHealth::OnEnable()	Assembly-CSharp
TankHealth_TakeDamage_m22265863	System.Void Complete.TankHealth::TakeDamage(System.Single)	Assembly-CSharp
TankHealth_SetHealthUI_m1294001912	System.Void Complete.TankHealth::SetHealthUI()	Assembly-CSharp
TankHealth_OnDeath_m579279365	System.Void Complete.TankHealth::OnDeath()	Assembly-CSharp
TankManager__ctor_m2413333410	System.Void Complete.TankManager::.ctor()	Assembly-CSharp
TankManager_Setup_m4225038741	System.Void Complete.TankManager::Setup()	Assembly-CSharp
TankManager_DisableControl_m529462879	System.Void Complete.TankManager::DisableControl()	Assembly-CSharp
TankManager_EnableControl_m2172375372	System.Void Complete.TankManager::EnableControl()	Assembly-CSharp
TankManager_Reset_m614577207	System.Void Complete.TankManager::Reset()	Assembly-CSharp
TankMovement__ctor_m2944072026	System.Void Complete.TankMovement::.ctor()	Assembly-CSharp
TankMovement_Awake_m1142827210	System.Void Complete.TankMovement::Awake()	Assembly-CSharp
TankMovement_OnEnable_m2864946181	System.Void Complete.TankMovement::OnEnable()	Assembly-CSharp
TankMovement_OnDisable_m1999603627	System.Void Complete.TankMovement::OnDisable()	Assembly-CSharp
TankMovement_Start_m1086768586	System.Void Complete.TankMovement::Start()	Assembly-CSharp
TankMovement_Update_m3548883188	System.Void Complete.TankMovement::Update()	Assembly-CSharp
TankMovement_EngineAudio_m149575235	System.Void Complete.TankMovement::EngineAudio()	Assembly-CSharp
TankMovement_FixedUpdate_m2710747269	System.Void Complete.TankMovement::FixedUpdate()	Assembly-CSharp
TankMovement_Move_m328875053	System.Void Complete.TankMovement::Move()	Assembly-CSharp
TankMovement_Turn_m3858138846	System.Void Complete.TankMovement::Turn()	Assembly-CSharp
TankShooting__ctor_m3790787558	System.Void Complete.TankShooting::.ctor()	Assembly-CSharp
TankShooting_OnEnable_m3679478138	System.Void Complete.TankShooting::OnEnable()	Assembly-CSharp
TankShooting_Start_m1300836100	System.Void Complete.TankShooting::Start()	Assembly-CSharp
TankShooting_Update_m2145946771	System.Void Complete.TankShooting::Update()	Assembly-CSharp
TankShooting_Fire_m1322992915	System.Void Complete.TankShooting::Fire()	Assembly-CSharp
UIDirectionControl__ctor_m562021589	System.Void Complete.UIDirectionControl::.ctor()	Assembly-CSharp
UIDirectionControl_Start_m4273880229	System.Void Complete.UIDirectionControl::Start()	Assembly-CSharp
UIDirectionControl_Update_m4116601620	System.Void Complete.UIDirectionControl::Update()	Assembly-CSharp
GameManager__ctor_m180891015	System.Void GameManager::.ctor()	Assembly-CSharp
GameManager_Start_m2734446095	System.Void GameManager::Start()	Assembly-CSharp
GameManager_SpawnAllTanks_m1443197084	System.Void GameManager::SpawnAllTanks()	Assembly-CSharp
GameManager_SetCameraTargets_m269672707	System.Void GameManager::SetCameraTargets()	Assembly-CSharp
GameManager_GameLoop_m3055207982	System.Collections.IEnumerator GameManager::GameLoop()	Assembly-CSharp
GameManager_RoundStarting_m3965267013	System.Collections.IEnumerator GameManager::RoundStarting()	Assembly-CSharp
GameManager_RoundPlaying_m126183011	System.Collections.IEnumerator GameManager::RoundPlaying()	Assembly-CSharp
GameManager_RoundEnding_m3475876106	System.Collections.IEnumerator GameManager::RoundEnding()	Assembly-CSharp
GameManager_OneTankLeft_m3566929968	System.Boolean GameManager::OneTankLeft()	Assembly-CSharp
GameManager_GetRoundWinner_m3096316151	TankManager GameManager::GetRoundWinner()	Assembly-CSharp
GameManager_GetGameWinner_m1061983478	TankManager GameManager::GetGameWinner()	Assembly-CSharp
GameManager_EndMessage_m1704487843	System.String GameManager::EndMessage()	Assembly-CSharp
GameManager_ResetAllTanks_m3983263355	System.Void GameManager::ResetAllTanks()	Assembly-CSharp
GameManager_EnableTankControl_m4084090355	System.Void GameManager::EnableTankControl()	Assembly-CSharp
GameManager_DisableTankControl_m3054055870	System.Void GameManager::DisableTankControl()	Assembly-CSharp
U3CGameLoopU3Ec__Iterator0__ctor_m3521405733	System.Void GameManager/<GameLoop>c__Iterator0::.ctor()	Assembly-CSharp
U3CGameLoopU3Ec__Iterator0_MoveNext_m1901053968	System.Boolean GameManager/<GameLoop>c__Iterator0::MoveNext()	Assembly-CSharp
U3CGameLoopU3Ec__Iterator0_System_Collections_Generic_IEnumeratorU3CobjectU3E_get_Current_m2948970248	System.Object GameManager/<GameLoop>c__Iterator0::System.Collections.Generic.IEnumerator<object>.get_Current()	Assembly-CSharp
U3CGameLoopU3Ec__Iterator0_System_Collections_IEnumerator_get_Current_m4020942124	System.Object GameManager/<GameLoop>c__Iterator0::System.Collections.IEnumerator.get_Current()	Assembly-CSharp
U3CGameLoopU3Ec__Iterator0_Dispose_m1642854793	System.Void GameManager/<GameLoop>c__Iterator0::Dispose()	Assembly-CSharp
U3CGameLoopU3Ec__Iterator0_Reset_m2628475028	System.Void GameManager/<GameLoop>c__Iterator0::Reset()	Assembly-CSharp
U3CRoundEndingU3Ec__Iterator3__ctor_m3067353273	System.Void GameManager/<RoundEnding>c__Iterator3::.ctor()	Assembly-CSharp
U3CRoundEndingU3Ec__Iterator3_MoveNext_m1835236587	System.Boolean GameManager/<RoundEnding>c__Iterator3::MoveNext()	Assembly-CSharp
U3CRoundEndingU3Ec__Iterator3_System_Collections_Generic_IEnumeratorU3CobjectU3E_get_Current_m902333951	System.Object GameManager/<RoundEnding>c__Iterator3::System.Collections.Generic.IEnumerator<object>.get_Current()	Assembly-CSharp
U3CRoundEndingU3Ec__Iterator3_System_Collections_IEnumerator_get_Current_m2229993824	System.Object GameManager/<RoundEnding>c__Iterator3::System.Collections.IEnumerator.get_Current()	Assembly-CSharp
U3CRoundEndingU3Ec__Iterator3_Dispose_m174630976	System.Void GameManager/<RoundEnding>c__Iterator3::Dispose()	Assembly-CSharp
U3CRoundEndingU3Ec__Iterator3_Reset_m1529252589	System.Void GameManager/<RoundEnding>c__Iterator3::Reset()	Assembly-CSharp
U3CRoundPlayingU3Ec__Iterator2__ctor_m1665772173	System.Void GameManager/<RoundPlaying>c__Iterator2::.ctor()	Assembly-CSharp
U3CRoundPlayingU3Ec__Iterator2_MoveNext_m763914741	System.Boolean GameManager/<RoundPlaying>c__Iterator2::MoveNext()	Assembly-CSharp
U3CRoundPlayingU3Ec__Iterator2_System_Collections_Generic_IEnumeratorU3CobjectU3E_get_Current_m3588231086	System.Object GameManager/<RoundPlaying>c__Iterator2::System.Collections.Generic.IEnumerator<object>.get_Current()	Assembly-CSharp
U3CRoundPlayingU3Ec__Iterator2_System_Collections_IEnumerator_get_Current_m1541307977	System.Object GameManager/<RoundPlaying>c__Iterator2::System.Collections.IEnumerator.get_Current()	Assembly-CSharp
U3CRoundPlayingU3Ec__Iterator2_Dispose_m304407023	System.Void GameManager/<RoundPlaying>c__Iterator2::Dispose()	Assembly-CSharp
U3CRoundPlayingU3Ec__Iterator2_Reset_m3432482930	System.Void GameManager/<RoundPlaying>c__Iterator2::Reset()	Assembly-CSharp
U3CRoundStartingU3Ec__Iterator1__ctor_m399218505	System.Void GameManager/<RoundStarting>c__Iterator1::.ctor()	Assembly-CSharp
U3CRoundStartingU3Ec__Iterator1_MoveNext_m1391369354	System.Boolean GameManager/<RoundStarting>c__Iterator1::MoveNext()	Assembly-CSharp
U3CRoundStartingU3Ec__Iterator1_System_Collections_Generic_IEnumeratorU3CobjectU3E_get_Current_m3405236911	System.Object GameManager/<RoundStarting>c__Iterator1::System.Collections.Generic.IEnumerator<object>.get_Current()	Assembly-CSharp
U3CRoundStartingU3Ec__Iterator1_System_Collections_IEnumerator_get_Current_m2024390366	System.Object GameManager/<RoundStarting>c__Iterator1::System.Collections.IEnumerator.get_Current()	Assembly-CSharp
U3CRoundStartingU3Ec__Iterator1_Dispose_m3971142850	System.Void GameManager/<RoundStarting>c__Iterator1::Dispose()	Assembly-CSharp
U3CRoundStartingU3Ec__Iterator1_Reset_m1327632597	System.Void GameManager/<RoundStarting>c__Iterator1::Reset()	Assembly-CSharp
Readme__ctor_m3508133495	System.Void Readme::.ctor()	Assembly-CSharp
Section__ctor_m4015757037	System.Void Readme/Section::.ctor()	Assembly-CSharp
ShellExplosion__ctor_m4271451730	System.Void ShellExplosion::.ctor()	Assembly-CSharp
ShellExplosion_Start_m1659772946	System.Void ShellExplosion::Start()	Assembly-CSharp
ShellExplosion_OnTriggerEnter_m444612836	System.Void ShellExplosion::OnTriggerEnter(UnityEngine.Collider)	Assembly-CSharp
ShellExplosion_CalculateDamage_m811119334	System.Single ShellExplosion::CalculateDamage(UnityEngine.Vector3)	Assembly-CSharp
TankHealth__ctor_m1494075458	System.Void TankHealth::.ctor()	Assembly-CSharp
TankHealth_Awake_m986639801	System.Void TankHealth::Awake()	Assembly-CSharp
TankHealth_OnEnable_m749146642	System.Void TankHealth::OnEnable()	Assembly-CSharp
TankHealth_TakeDamage_m1541393702	System.Void TankHealth::TakeDamage(System.Single)	Assembly-CSharp
TankHealth_SetHealthUI_m465147302	System.Void TankHealth::SetHealthUI()	Assembly-CSharp
TankHealth_OnDeath_m1438057282	System.Void TankHealth::OnDeath()	Assembly-CSharp
TankHealth_OnTriggerEnter_m4202737802	System.Void TankHealth::OnTriggerEnter(UnityEngine.Collider)	Assembly-CSharp
TankManager__ctor_m1849972559	System.Void TankManager::.ctor()	Assembly-CSharp
TankManager_Setup_m1788700463	System.Void TankManager::Setup()	Assembly-CSharp
TankManager_DisableControl_m343321910	System.Void TankManager::DisableControl()	Assembly-CSharp
TankManager_EnableControl_m3100647522	System.Void TankManager::EnableControl()	Assembly-CSharp
TankManager_Reset_m1052993343	System.Void TankManager::Reset()	Assembly-CSharp
TankMovement__ctor_m2427448862	System.Void TankMovement::.ctor()	Assembly-CSharp
TankMovement_Awake_m2989214543	System.Void TankMovement::Awake()	Assembly-CSharp
TankMovement_OnEnable_m2142788529	System.Void TankMovement::OnEnable()	Assembly-CSharp
TankMovement_OnDisable_m942939254	System.Void TankMovement::OnDisable()	Assembly-CSharp
TankMovement_Start_m218745952	System.Void TankMovement::Start()	Assembly-CSharp
TankMovement_Update_m1710133002	System.Void TankMovement::Update()	Assembly-CSharp
TankMovement_EngineAudio_m3615177219	System.Void TankMovement::EngineAudio()	Assembly-CSharp
TankMovement_FixedUpdate_m3199588911	System.Void TankMovement::FixedUpdate()	Assembly-CSharp
TankMovement_Move_m1013236348	System.Void TankMovement::Move()	Assembly-CSharp
TankMovement_Turn_m2925604315	System.Void TankMovement::Turn()	Assembly-CSharp
TankMovement_OnTriggerEnter_m4159133293	System.Void TankMovement::OnTriggerEnter(UnityEngine.Collider)	Assembly-CSharp
TankShooting__ctor_m2501061584	System.Void TankShooting::.ctor()	Assembly-CSharp
TankShooting_OnEnable_m3232851165	System.Void TankShooting::OnEnable()	Assembly-CSharp
TankShooting_Start_m280164098	System.Void TankShooting::Start()	Assembly-CSharp
TankShooting_Update_m875946426	System.Void TankShooting::Update()	Assembly-CSharp
TankShooting_Fire_m2625659062	System.Void TankShooting::Fire()	Assembly-CSharp
UIDirectionControl__ctor_m1299569097	System.Void UIDirectionControl::.ctor()	Assembly-CSharp
UIDirectionControl_Start_m3924958639	System.Void UIDirectionControl::Start()	Assembly-CSharp
UIDirectionControl_Update_m925411605	System.Void UIDirectionControl::Update()	Assembly-CSharp
AmbientOcclusionComponent__ctor_m2762306729	System.Void UnityEngine.PostProcessing.AmbientOcclusionComponent::.ctor()	Assembly-CSharp
AmbientOcclusionComponent_get_occlusionSource_m1472233290	UnityEngine.PostProcessing.AmbientOcclusionComponent/OcclusionSource UnityEngine.PostProcessing.AmbientOcclusionComponent::get_occlusionSource()	Assembly-CSharp
AmbientOcclusionComponent_get_ambientOnlySupported_m1960066013	System.Boolean UnityEngine.PostProcessing.AmbientOcclusionComponent::get_ambientOnlySupported()	Assembly-CSharp
AmbientOcclusionComponent_get_active_m965927307	System.Boolean UnityEngine.PostProcessing.AmbientOcclusionComponent::get_active()	Assembly-CSharp
AmbientOcclusionComponent_GetCameraFlags_m3424426093	UnityEngine.DepthTextureMode UnityEngine.PostProcessing.AmbientOcclusionComponent::GetCameraFlags()	Assembly-CSharp
AmbientOcclusionComponent_GetName_m400648457	System.String UnityEngine.PostProcessing.AmbientOcclusionComponent::GetName()	Assembly-CSharp
AmbientOcclusionComponent_GetCameraEvent_m1528778706	UnityEngine.Rendering.CameraEvent UnityEngine.PostProcessing.AmbientOcclusionComponent::GetCameraEvent()	Assembly-CSharp
AmbientOcclusionComponent_PopulateCommandBuffer_m3569246783	System.Void UnityEngine.PostProcessing.AmbientOcclusionComponent::PopulateCommandBuffer(UnityEngine.Rendering.CommandBuffer)	Assembly-CSharp
Uniforms__cctor_m3859143594	System.Void UnityEngine.PostProcessing.AmbientOcclusionComponent/Uniforms::.cctor()	Assembly-CSharp
AmbientOcclusionModel__ctor_m1631144053	System.Void UnityEngine.PostProcessing.AmbientOcclusionModel::.ctor()	Assembly-CSharp
AmbientOcclusionModel_get_settings_m3697718027	UnityEngine.PostProcessing.AmbientOcclusionModel/Settings UnityEngine.PostProcessing.AmbientOcclusionModel::get_settings()	Assembly-CSharp
AmbientOcclusionModel_set_settings_m3055502727	System.Void UnityEngine.PostProcessing.AmbientOcclusionModel::set_settings(UnityEngine.PostProcessing.AmbientOcclusionModel/Settings)	Assembly-CSharp
AmbientOcclusionModel_Reset_m729806138	System.Void UnityEngine.PostProcessing.AmbientOcclusionModel::Reset()	Assembly-CSharp
Settings_get_defaultSettings_m166373135	UnityEngine.PostProcessing.AmbientOcclusionModel/Settings UnityEngine.PostProcessing.AmbientOcclusionModel/Settings::get_defaultSettings()	Assembly-CSharp
AntialiasingModel__ctor_m407834341	System.Void UnityEngine.PostProcessing.AntialiasingModel::.ctor()	Assembly-CSharp
AntialiasingModel_get_settings_m675444796	UnityEngine.PostProcessing.AntialiasingModel/Settings UnityEngine.PostProcessing.AntialiasingModel::get_settings()	Assembly-CSharp
AntialiasingModel_set_settings_m2854003495	System.Void UnityEngine.PostProcessing.AntialiasingModel::set_settings(UnityEngine.PostProcessing.AntialiasingModel/Settings)	Assembly-CSharp
AntialiasingModel_Reset_m2546835778	System.Void UnityEngine.PostProcessing.AntialiasingModel::Reset()	Assembly-CSharp
FxaaConsoleSettings__cctor_m3003092416	System.Void UnityEngine.PostProcessing.AntialiasingModel/FxaaConsoleSettings::.cctor()	Assembly-CSharp
FxaaQualitySettings__cctor_m1481644948	System.Void UnityEngine.PostProcessing.AntialiasingModel/FxaaQualitySettings::.cctor()	Assembly-CSharp
FxaaSettings_get_defaultSettings_m2238549220	UnityEngine.PostProcessing.AntialiasingModel/FxaaSettings UnityEngine.PostProcessing.AntialiasingModel/FxaaSettings::get_defaultSettings()	Assembly-CSharp
Settings_get_defaultSettings_m3571035224	UnityEngine.PostProcessing.AntialiasingModel/Settings UnityEngine.PostProcessing.AntialiasingModel/Settings::get_defaultSettings()	Assembly-CSharp
TaaSettings_get_defaultSettings_m493143298	UnityEngine.PostProcessing.AntialiasingModel/TaaSettings UnityEngine.PostProcessing.AntialiasingModel/TaaSettings::get_defaultSettings()	Assembly-CSharp
BloomComponent__ctor_m3106370286	System.Void UnityEngine.PostProcessing.BloomComponent::.ctor()	Assembly-CSharp
BloomComponent_get_active_m4202201227	System.Boolean UnityEngine.PostProcessing.BloomComponent::get_active()	Assembly-CSharp
BloomComponent_Prepare_m571914554	System.Void UnityEngine.PostProcessing.BloomComponent::Prepare(UnityEngine.RenderTexture,UnityEngine.Material,UnityEngine.Texture)	Assembly-CSharp
Uniforms__cctor_m177648847	System.Void UnityEngine.PostProcessing.BloomComponent/Uniforms::.cctor()	Assembly-CSharp
BloomModel__ctor_m2312170588	System.Void UnityEngine.PostProcessing.BloomModel::.ctor()	Assembly-CSharp
BloomModel_get_settings_m2574110901	UnityEngine.PostProcessing.BloomModel/Settings UnityEngine.PostProcessing.BloomModel::get_settings()	Assembly-CSharp
BloomModel_set_settings_m270994097	System.Void UnityEngine.PostProcessing.BloomModel::set_settings(UnityEngine.PostProcessing.BloomModel/Settings)	Assembly-CSharp
BloomModel_Reset_m936934192	System.Void UnityEngine.PostProcessing.BloomModel::Reset()	Assembly-CSharp
BloomSettings_set_thresholdLinear_m3641735931_AdjustorThunk	System.Void UnityEngine.PostProcessing.BloomModel/BloomSettings::set_thresholdLinear(System.Single)	Assembly-CSharp
BloomSettings_get_thresholdLinear_m1141120426_AdjustorThunk	System.Single UnityEngine.PostProcessing.BloomModel/BloomSettings::get_thresholdLinear()	Assembly-CSharp
BloomSettings_get_defaultSettings_m3617441585	UnityEngine.PostProcessing.BloomModel/BloomSettings UnityEngine.PostProcessing.BloomModel/BloomSettings::get_defaultSettings()	Assembly-CSharp
LensDirtSettings_get_defaultSettings_m1422679059	UnityEngine.PostProcessing.BloomModel/LensDirtSettings UnityEngine.PostProcessing.BloomModel/LensDirtSettings::get_defaultSettings()	Assembly-CSharp
Settings_get_defaultSettings_m1134272764	UnityEngine.PostProcessing.BloomModel/Settings UnityEngine.PostProcessing.BloomModel/Settings::get_defaultSettings()	Assembly-CSharp
BuiltinDebugViewsComponent__ctor_m2740954434	System.Void UnityEngine.PostProcessing.BuiltinDebugViewsComponent::.ctor()	Assembly-CSharp
BuiltinDebugViewsComponent_get_active_m1284020494	System.Boolean UnityEngine.PostProcessing.BuiltinDebugViewsComponent::get_active()	Assembly-CSharp
BuiltinDebugViewsComponent_GetCameraFlags_m2662286879	UnityEngine.DepthTextureMode UnityEngine.PostProcessing.BuiltinDebugViewsComponent::GetCameraFlags()	Assembly-CSharp
BuiltinDebugViewsComponent_GetCameraEvent_m890559838	UnityEngine.Rendering.CameraEvent UnityEngine.PostProcessing.BuiltinDebugViewsComponent::GetCameraEvent()	Assembly-CSharp
BuiltinDebugViewsComponent_GetName_m1655760625	System.String UnityEngine.PostProcessing.BuiltinDebugViewsComponent::GetName()	Assembly-CSharp
BuiltinDebugViewsComponent_PopulateCommandBuffer_m559699104	System.Void UnityEngine.PostProcessing.BuiltinDebugViewsComponent::PopulateCommandBuffer(UnityEngine.Rendering.CommandBuffer)	Assembly-CSharp
BuiltinDebugViewsComponent_DepthPass_m2839006164	System.Void UnityEngine.PostProcessing.BuiltinDebugViewsComponent::DepthPass(UnityEngine.Rendering.CommandBuffer)	Assembly-CSharp
BuiltinDebugViewsComponent_DepthNormalsPass_m1457907755	System.Void UnityEngine.PostProcessing.BuiltinDebugViewsComponent::DepthNormalsPass(UnityEngine.Rendering.CommandBuffer)	Assembly-CSharp
BuiltinDebugViewsComponent_MotionVectorsPass_m2095096077	System.Void UnityEngine.PostProcessing.BuiltinDebugViewsComponent::MotionVectorsPass(UnityEngine.Rendering.CommandBuffer)	Assembly-CSharp
BuiltinDebugViewsComponent_PrepareArrows_m1477072611	System.Void UnityEngine.PostProcessing.BuiltinDebugViewsComponent::PrepareArrows()	Assembly-CSharp
BuiltinDebugViewsComponent_OnDisable_m3322335918	System.Void UnityEngine.PostProcessing.BuiltinDebugViewsComponent::OnDisable()	Assembly-CSharp
ArrowArray__ctor_m325892801	System.Void UnityEngine.PostProcessing.BuiltinDebugViewsComponent/ArrowArray::.ctor()	Assembly-CSharp
ArrowArray_get_mesh_m2952050827	UnityEngine.Mesh UnityEngine.PostProcessing.BuiltinDebugViewsComponent/ArrowArray::get_mesh()	Assembly-CSharp
ArrowArray_set_mesh_m2668856009	System.Void UnityEngine.PostProcessing.BuiltinDebugViewsComponent/ArrowArray::set_mesh(UnityEngine.Mesh)	Assembly-CSharp
ArrowArray_get_columnCount_m3074447032	System.Int32 UnityEngine.PostProcessing.BuiltinDebugViewsComponent/ArrowArray::get_columnCount()	Assembly-CSharp
ArrowArray_set_columnCount_m2639184569	System.Void UnityEngine.PostProcessing.BuiltinDebugViewsComponent/ArrowArray::set_columnCount(System.Int32)	Assembly-CSharp
ArrowArray_get_rowCount_m1883355159	System.Int32 UnityEngine.PostProcessing.BuiltinDebugViewsComponent/ArrowArray::get_rowCount()	Assembly-CSharp
ArrowArray_set_rowCount_m1797646445	System.Void UnityEngine.PostProcessing.BuiltinDebugViewsComponent/ArrowArray::set_rowCount(System.Int32)	Assembly-CSharp
ArrowArray_BuildMesh_m2058152345	System.Void UnityEngine.PostProcessing.BuiltinDebugViewsComponent/ArrowArray::BuildMesh(System.Int32,System.Int32)	Assembly-CSharp
ArrowArray_Release_m380522316	System.Void UnityEngine.PostProcessing.BuiltinDebugViewsComponent/ArrowArray::Release()	Assembly-CSharp
Uniforms__cctor_m2235356133	System.Void UnityEngine.PostProcessing.BuiltinDebugViewsComponent/Uniforms::.cctor()	Assembly-CSharp
BuiltinDebugViewsModel__ctor_m2849271374	System.Void UnityEngine.PostProcessing.BuiltinDebugViewsModel::.ctor()	Assembly-CSharp
BuiltinDebugViewsModel_get_settings_m3474336885	UnityEngine.PostProcessing.BuiltinDebugViewsModel/Settings UnityEngine.PostProcessing.BuiltinDebugViewsModel::get_settings()	Assembly-CSharp
BuiltinDebugViewsModel_set_settings_m2265456747	System.Void UnityEngine.PostProcessing.BuiltinDebugViewsModel::set_settings(UnityEngine.PostProcessing.BuiltinDebugViewsModel/Settings)	Assembly-CSharp
BuiltinDebugViewsModel_get_willInterrupt_m2596798096	System.Boolean UnityEngine.PostProcessing.BuiltinDebugViewsModel::get_willInterrupt()	Assembly-CSharp
BuiltinDebugViewsModel_Reset_m1864248006	System.Void UnityEngine.PostProcessing.BuiltinDebugViewsModel::Reset()	Assembly-CSharp
BuiltinDebugViewsModel_IsModeActive_m1972979357	System.Boolean UnityEngine.PostProcessing.BuiltinDebugViewsModel::IsModeActive(UnityEngine.PostProcessing.BuiltinDebugViewsModel/Mode)	Assembly-CSharp
DepthSettings_get_defaultSettings_m3891685111	UnityEngine.PostProcessing.BuiltinDebugViewsModel/DepthSettings UnityEngine.PostProcessing.BuiltinDebugViewsModel/DepthSettings::get_defaultSettings()	Assembly-CSharp
MotionVectorsSettings_get_defaultSettings_m897674019	UnityEngine.PostProcessing.BuiltinDebugViewsModel/MotionVectorsSettings UnityEngine.PostProcessing.BuiltinDebugViewsModel/MotionVectorsSettings::get_defaultSettings()	Assembly-CSharp
Settings_get_defaultSettings_m525893158	UnityEngine.PostProcessing.BuiltinDebugViewsModel/Settings UnityEngine.PostProcessing.BuiltinDebugViewsModel/Settings::get_defaultSettings()	Assembly-CSharp
ChromaticAberrationComponent__ctor_m3851952747	System.Void UnityEngine.PostProcessing.ChromaticAberrationComponent::.ctor()	Assembly-CSharp
ChromaticAberrationComponent_get_active_m3356709158	System.Boolean UnityEngine.PostProcessing.ChromaticAberrationComponent::get_active()	Assembly-CSharp
ChromaticAberrationComponent_OnDisable_m3540963072	System.Void UnityEngine.PostProcessing.ChromaticAberrationComponent::OnDisable()	Assembly-CSharp
ChromaticAberrationComponent_Prepare_m2602557995	System.Void UnityEngine.PostProcessing.ChromaticAberrationComponent::Prepare(UnityEngine.Material)	Assembly-CSharp
Uniforms__cctor_m2814142593	System.Void UnityEngine.PostProcessing.ChromaticAberrationComponent/Uniforms::.cctor()	Assembly-CSharp
ChromaticAberrationModel__ctor_m2337246990	System.Void UnityEngine.PostProcessing.ChromaticAberrationModel::.ctor()	Assembly-CSharp
ChromaticAberrationModel_get_settings_m961945758	UnityEngine.PostProcessing.ChromaticAberrationModel/Settings UnityEngine.PostProcessing.ChromaticAberrationModel::get_settings()	Assembly-CSharp
ChromaticAberrationModel_set_settings_m2555061676	System.Void UnityEngine.PostProcessing.ChromaticAberrationModel::set_settings(UnityEngine.PostProcessing.ChromaticAberrationModel/Settings)	Assembly-CSharp
ChromaticAberrationModel_Reset_m1694015230	System.Void UnityEngine.PostProcessing.ChromaticAberrationModel::Reset()	Assembly-CSharp
Settings_get_defaultSettings_m2861463608	UnityEngine.PostProcessing.ChromaticAberrationModel/Settings UnityEngine.PostProcessing.ChromaticAberrationModel/Settings::get_defaultSettings()	Assembly-CSharp
ColorGradingComponent__ctor_m1390733314	System.Void UnityEngine.PostProcessing.ColorGradingComponent::.ctor()	Assembly-CSharp
ColorGradingComponent_get_active_m4208199477	System.Boolean UnityEngine.PostProcessing.ColorGradingComponent::get_active()	Assembly-CSharp
ColorGradingComponent_StandardIlluminantY_m1209782367	System.Single UnityEngine.PostProcessing.ColorGradingComponent::StandardIlluminantY(System.Single)	Assembly-CSharp
ColorGradingComponent_CIExyToLMS_m2043284638	UnityEngine.Vector3 UnityEngine.PostProcessing.ColorGradingComponent::CIExyToLMS(System.Single,System.Single)	Assembly-CSharp
ColorGradingComponent_CalculateColorBalance_m3091797443	UnityEngine.Vector3 UnityEngine.PostProcessing.ColorGradingComponent::CalculateColorBalance(System.Single,System.Single)	Assembly-CSharp
ColorGradingComponent_NormalizeColor_m3352036873	UnityEngine.Color UnityEngine.PostProcessing.ColorGradingComponent::NormalizeColor(UnityEngine.Color)	Assembly-CSharp
ColorGradingComponent_ClampVector_m845771882	UnityEngine.Vector3 UnityEngine.PostProcessing.ColorGradingComponent::ClampVector(UnityEngine.Vector3,System.Single,System.Single)	Assembly-CSharp
ColorGradingComponent_GetLiftValue_m261082040	UnityEngine.Vector3 UnityEngine.PostProcessing.ColorGradingComponent::GetLiftValue(UnityEngine.Color)	Assembly-CSharp
ColorGradingComponent_GetGammaValue_m3094211491	UnityEngine.Vector3 UnityEngine.PostProcessing.ColorGradingComponent::GetGammaValue(UnityEngine.Color)	Assembly-CSharp
ColorGradingComponent_GetGainValue_m415992661	UnityEngine.Vector3 UnityEngine.PostProcessing.ColorGradingComponent::GetGainValue(UnityEngine.Color)	Assembly-CSharp
ColorGradingComponent_CalculateLiftGammaGain_m3720576449	System.Void UnityEngine.PostProcessing.ColorGradingComponent::CalculateLiftGammaGain(UnityEngine.Color,UnityEngine.Color,UnityEngine.Color,UnityEngine.Vector3&,UnityEngine.Vector3&,UnityEngine.Vector3&)	Assembly-CSharp
ColorGradingComponent_GetSlopeValue_m633784120	UnityEngine.Vector3 UnityEngine.PostProcessing.ColorGradingComponent::GetSlopeValue(UnityEngine.Color)	Assembly-CSharp
ColorGradingComponent_GetPowerValue_m3090839372	UnityEngine.Vector3 UnityEngine.PostProcessing.ColorGradingComponent::GetPowerValue(UnityEngine.Color)	Assembly-CSharp
ColorGradingComponent_GetOffsetValue_m2033477814	UnityEngine.Vector3 UnityEngine.PostProcessing.ColorGradingComponent::GetOffsetValue(UnityEngine.Color)	Assembly-CSharp
ColorGradingComponent_CalculateSlopePowerOffset_m4135647108	System.Void UnityEngine.PostProcessing.ColorGradingComponent::CalculateSlopePowerOffset(UnityEngine.Color,UnityEngine.Color,UnityEngine.Color,UnityEngine.Vector3&,UnityEngine.Vector3&,UnityEngine.Vector3&)	Assembly-CSharp
ColorGradingComponent_GetCurveTexture_m464921356	UnityEngine.Texture2D UnityEngine.PostProcessing.ColorGradingComponent::GetCurveTexture()	Assembly-CSharp
ColorGradingComponent_IsLogLutValid_m2093975926	System.Boolean UnityEngine.PostProcessing.ColorGradingComponent::IsLogLutValid(UnityEngine.RenderTexture)	Assembly-CSharp
ColorGradingComponent_GenerateLut_m3061047528	System.Void UnityEngine.PostProcessing.ColorGradingComponent::GenerateLut()	Assembly-CSharp
ColorGradingComponent_Prepare_m99658875	System.Void UnityEngine.PostProcessing.ColorGradingComponent::Prepare(UnityEngine.Material)	Assembly-CSharp
ColorGradingComponent_OnGUI_m4238095531	System.Void UnityEngine.PostProcessing.ColorGradingComponent::OnGUI()	Assembly-CSharp
ColorGradingComponent_OnDisable_m3170780677	System.Void UnityEngine.PostProcessing.ColorGradingComponent::OnDisable()	Assembly-CSharp
Uniforms__cctor_m3978652316	System.Void UnityEngine.PostProcessing.ColorGradingComponent/Uniforms::.cctor()	Assembly-CSharp
ColorGradingCurve__ctor_m1417712344	System.Void UnityEngine.PostProcessing.ColorGradingCurve::.ctor(UnityEngine.AnimationCurve,System.Single,System.Boolean,UnityEngine.Vector2)	Assembly-CSharp
ColorGradingCurve_Cache_m3857465418	System.Void UnityEngine.PostProcessing.ColorGradingCurve::Cache()	Assembly-CSharp
ColorGradingCurve_Evaluate_m943867505	System.Single UnityEngine.PostProcessing.ColorGradingCurve::Evaluate(System.Single)	Assembly-CSharp
ColorGradingModel__ctor_m845539817	System.Void UnityEngine.PostProcessing.ColorGradingModel::.ctor()	Assembly-CSharp
ColorGradingModel_get_settings_m2600736913	UnityEngine.PostProcessing.ColorGradingModel/Settings UnityEngine.PostProcessing.ColorGradingModel::get_settings()	Assembly-CSharp
ColorGradingModel_set_settings_m3772095931	System.Void UnityEngine.PostProcessing.ColorGradingModel::set_settings(UnityEngine.PostProcessing.ColorGradingModel/Settings)	Assembly-CSharp
ColorGradingModel_get_isDirty_m4131710959	System.Boolean UnityEngine.PostProcessing.ColorGradingModel::get_isDirty()	Assembly-CSharp
ColorGradingModel_set_isDirty_m2859426143	System.Void UnityEngine.PostProcessing.ColorGradingModel::set_isDirty(System.Boolean)	Assembly-CSharp
ColorGradingModel_get_bakedLut_m1642940084	UnityEngine.RenderTexture UnityEngine.PostProcessing.ColorGradingModel::get_bakedLut()	Assembly-CSharp
ColorGradingModel_set_bakedLut_m1345615633	System.Void UnityEngine.PostProcessing.ColorGradingModel::set_bakedLut(UnityEngine.RenderTexture)	Assembly-CSharp
ColorGradingModel_Reset_m2439179024	System.Void UnityEngine.PostProcessing.ColorGradingModel::Reset()	Assembly-CSharp
ColorGradingModel_OnValidate_m839657404	System.Void UnityEngine.PostProcessing.ColorGradingModel::OnValidate()	Assembly-CSharp
BasicSettings_get_defaultSettings_m2878235213	UnityEngine.PostProcessing.ColorGradingModel/BasicSettings UnityEngine.PostProcessing.ColorGradingModel/BasicSettings::get_defaultSettings()	Assembly-CSharp
ChannelMixerSettings_get_defaultSettings_m2996699497	UnityEngine.PostProcessing.ColorGradingModel/ChannelMixerSettings UnityEngine.PostProcessing.ColorGradingModel/ChannelMixerSettings::get_defaultSettings()	Assembly-CSharp
ColorWheelsSettings_get_defaultSettings_m437644639	UnityEngine.PostProcessing.ColorGradingModel/ColorWheelsSettings UnityEngine.PostProcessing.ColorGradingModel/ColorWheelsSettings::get_defaultSettings()	Assembly-CSharp
CurvesSettings_get_defaultSettings_m144090148	UnityEngine.PostProcessing.ColorGradingModel/CurvesSettings UnityEngine.PostProcessing.ColorGradingModel/CurvesSettings::get_defaultSettings()	Assembly-CSharp
LinearWheelsSettings_get_defaultSettings_m757099249	UnityEngine.PostProcessing.ColorGradingModel/LinearWheelsSettings UnityEngine.PostProcessing.ColorGradingModel/LinearWheelsSettings::get_defaultSettings()	Assembly-CSharp
LogWheelsSettings_get_defaultSettings_m442722115	UnityEngine.PostProcessing.ColorGradingModel/LogWheelsSettings UnityEngine.PostProcessing.ColorGradingModel/LogWheelsSettings::get_defaultSettings()	Assembly-CSharp
Settings_get_defaultSettings_m3285503856	UnityEngine.PostProcessing.ColorGradingModel/Settings UnityEngine.PostProcessing.ColorGradingModel/Settings::get_defaultSettings()	Assembly-CSharp
TonemappingSettings_get_defaultSettings_m4153750350	UnityEngine.PostProcessing.ColorGradingModel/TonemappingSettings UnityEngine.PostProcessing.ColorGradingModel/TonemappingSettings::get_defaultSettings()	Assembly-CSharp
DepthOfFieldComponent__ctor_m954390370	System.Void UnityEngine.PostProcessing.DepthOfFieldComponent::.ctor()	Assembly-CSharp
DepthOfFieldComponent_get_active_m235799554	System.Boolean UnityEngine.PostProcessing.DepthOfFieldComponent::get_active()	Assembly-CSharp
DepthOfFieldComponent_GetCameraFlags_m3288356941	UnityEngine.DepthTextureMode UnityEngine.PostProcessing.DepthOfFieldComponent::GetCameraFlags()	Assembly-CSharp
DepthOfFieldComponent_CalculateFocalLength_m337634920	System.Single UnityEngine.PostProcessing.DepthOfFieldComponent::CalculateFocalLength()	Assembly-CSharp
DepthOfFieldComponent_CalculateMaxCoCRadius_m3104138071	System.Single UnityEngine.PostProcessing.DepthOfFieldComponent::CalculateMaxCoCRadius(System.Int32)	Assembly-CSharp
DepthOfFieldComponent_Prepare_m1717418444	System.Void UnityEngine.PostProcessing.DepthOfFieldComponent::Prepare(UnityEngine.RenderTexture,UnityEngine.Material,System.Boolean)	Assembly-CSharp
DepthOfFieldComponent_OnDisable_m639355296	System.Void UnityEngine.PostProcessing.DepthOfFieldComponent::OnDisable()	Assembly-CSharp
Uniforms__cctor_m3340730244	System.Void UnityEngine.PostProcessing.DepthOfFieldComponent/Uniforms::.cctor()	Assembly-CSharp
DepthOfFieldModel__ctor_m2227976965	System.Void UnityEngine.PostProcessing.DepthOfFieldModel::.ctor()	Assembly-CSharp
DepthOfFieldModel_get_settings_m515458127	UnityEngine.PostProcessing.DepthOfFieldModel/Settings UnityEngine.PostProcessing.DepthOfFieldModel::get_settings()	Assembly-CSharp
DepthOfFieldModel_set_settings_m563816544	System.Void UnityEngine.PostProcessing.DepthOfFieldModel::set_settings(UnityEngine.PostProcessing.DepthOfFieldModel/Settings)	Assembly-CSharp
DepthOfFieldModel_Reset_m428580080	System.Void UnityEngine.PostProcessing.DepthOfFieldModel::Reset()	Assembly-CSharp
Settings_get_defaultSettings_m645082735	UnityEngine.PostProcessing.DepthOfFieldModel/Settings UnityEngine.PostProcessing.DepthOfFieldModel/Settings::get_defaultSettings()	Assembly-CSharp
DitheringComponent__ctor_m11042692	System.Void UnityEngine.PostProcessing.DitheringComponent::.ctor()	Assembly-CSharp
DitheringComponent_get_active_m441775422	System.Boolean UnityEngine.PostProcessing.DitheringComponent::get_active()	Assembly-CSharp
DitheringComponent_OnDisable_m3525381369	System.Void UnityEngine.PostProcessing.DitheringComponent::OnDisable()	Assembly-CSharp
DitheringComponent_LoadNoiseTextures_m2301923475	System.Void UnityEngine.PostProcessing.DitheringComponent::LoadNoiseTextures()	Assembly-CSharp
DitheringComponent_Prepare_m3849235789	System.Void UnityEngine.PostProcessing.DitheringComponent::Prepare(UnityEngine.Material)	Assembly-CSharp
Uniforms__cctor_m2146175886	System.Void UnityEngine.PostProcessing.DitheringComponent/Uniforms::.cctor()	Assembly-CSharp
DitheringModel__ctor_m4012316787	System.Void UnityEngine.PostProcessing.DitheringModel::.ctor()	Assembly-CSharp
DitheringModel_get_settings_m3622173224	UnityEngine.PostProcessing.DitheringModel/Settings UnityEngine.PostProcessing.DitheringModel::get_settings()	Assembly-CSharp
DitheringModel_set_settings_m2275136342	System.Void UnityEngine.PostProcessing.DitheringModel::set_settings(UnityEngine.PostProcessing.DitheringModel/Settings)	Assembly-CSharp
DitheringModel_Reset_m596825043	System.Void UnityEngine.PostProcessing.DitheringModel::Reset()	Assembly-CSharp
Settings_get_defaultSettings_m1253290789	UnityEngine.PostProcessing.DitheringModel/Settings UnityEngine.PostProcessing.DitheringModel/Settings::get_defaultSettings()	Assembly-CSharp
EyeAdaptationComponent__ctor_m137598109	System.Void UnityEngine.PostProcessing.EyeAdaptationComponent::.ctor()	Assembly-CSharp
EyeAdaptationComponent_get_active_m2175960550	System.Boolean UnityEngine.PostProcessing.EyeAdaptationComponent::get_active()	Assembly-CSharp
EyeAdaptationComponent_ResetHistory_m3423621609	System.Void UnityEngine.PostProcessing.EyeAdaptationComponent::ResetHistory()	Assembly-CSharp
EyeAdaptationComponent_OnEnable_m3794758988	System.Void UnityEngine.PostProcessing.EyeAdaptationComponent::OnEnable()	Assembly-CSharp
EyeAdaptationComponent_OnDisable_m1513054406	System.Void UnityEngine.PostProcessing.EyeAdaptationComponent::OnDisable()	Assembly-CSharp
EyeAdaptationComponent_GetHistogramScaleOffsetRes_m4207611496	UnityEngine.Vector4 UnityEngine.PostProcessing.EyeAdaptationComponent::GetHistogramScaleOffsetRes()	Assembly-CSharp
EyeAdaptationComponent_Prepare_m3960566531	UnityEngine.Texture UnityEngine.PostProcessing.EyeAdaptationComponent::Prepare(UnityEngine.RenderTexture,UnityEngine.Material)	Assembly-CSharp
EyeAdaptationComponent_OnGUI_m1617202736	System.Void UnityEngine.PostProcessing.EyeAdaptationComponent::OnGUI()	Assembly-CSharp
Uniforms__cctor_m2902084753	System.Void UnityEngine.PostProcessing.EyeAdaptationComponent/Uniforms::.cctor()	Assembly-CSharp
EyeAdaptationModel__ctor_m1238644491	System.Void UnityEngine.PostProcessing.EyeAdaptationModel::.ctor()	Assembly-CSharp
EyeAdaptationModel_get_settings_m1000277509	UnityEngine.PostProcessing.EyeAdaptationModel/Settings UnityEngine.PostProcessing.EyeAdaptationModel::get_settings()	Assembly-CSharp
EyeAdaptationModel_set_settings_m1446239149	System.Void UnityEngine.PostProcessing.EyeAdaptationModel::set_settings(UnityEngine.PostProcessing.EyeAdaptationModel/Settings)	Assembly-CSharp
EyeAdaptationModel_Reset_m403436139	System.Void UnityEngine.PostProcessing.EyeAdaptationModel::Reset()	Assembly-CSharp
Settings_get_defaultSettings_m959751142	UnityEngine.PostProcessing.EyeAdaptationModel/Settings UnityEngine.PostProcessing.EyeAdaptationModel/Settings::get_defaultSettings()	Assembly-CSharp
FogComponent__ctor_m4028577741	System.Void UnityEngine.PostProcessing.FogComponent::.ctor()	Assembly-CSharp
FogComponent_get_active_m890899913	System.Boolean UnityEngine.PostProcessing.FogComponent::get_active()	Assembly-CSharp
FogComponent_GetName_m4158056275	System.String UnityEngine.PostProcessing.FogComponent::GetName()	Assembly-CSharp
FogComponent_GetCameraFlags_m4055852966	UnityEngine.DepthTextureMode UnityEngine.PostProcessing.FogComponent::GetCameraFlags()	Assembly-CSharp
FogComponent_GetCameraEvent_m3730052858	UnityEngine.Rendering.CameraEvent UnityEngine.PostProcessing.FogComponent::GetCameraEvent()	Assembly-CSharp
FogComponent_PopulateCommandBuffer_m1401746517	System.Void UnityEngine.PostProcessing.FogComponent::PopulateCommandBuffer(UnityEngine.Rendering.CommandBuffer)	Assembly-CSharp
Uniforms__cctor_m124115928	System.Void UnityEngine.PostProcessing.FogComponent/Uniforms::.cctor()	Assembly-CSharp
FogModel__ctor_m849674861	System.Void UnityEngine.PostProcessing.FogModel::.ctor()	Assembly-CSharp
FogModel_get_settings_m146778273	UnityEngine.PostProcessing.FogModel/Settings UnityEngine.PostProcessing.FogModel::get_settings()	Assembly-CSharp
FogModel_set_settings_m2900160165	System.Void UnityEngine.PostProcessing.FogModel::set_settings(UnityEngine.PostProcessing.FogModel/Settings)	Assembly-CSharp
FogModel_Reset_m512889449	System.Void UnityEngine.PostProcessing.FogModel::Reset()	Assembly-CSharp
Settings_get_defaultSettings_m1500921639	UnityEngine.PostProcessing.FogModel/Settings UnityEngine.PostProcessing.FogModel/Settings::get_defaultSettings()	Assembly-CSharp
FxaaComponent__ctor_m3929535888	System.Void UnityEngine.PostProcessing.FxaaComponent::.ctor()	Assembly-CSharp
FxaaComponent_get_active_m4192826895	System.Boolean UnityEngine.PostProcessing.FxaaComponent::get_active()	Assembly-CSharp
FxaaComponent_Render_m1006683150	System.Void UnityEngine.PostProcessing.FxaaComponent::Render(UnityEngine.RenderTexture,UnityEngine.RenderTexture)	Assembly-CSharp
Uniforms__cctor_m229249981	System.Void UnityEngine.PostProcessing.FxaaComponent/Uniforms::.cctor()	Assembly-CSharp
GetSetAttribute__ctor_m1382054534	System.Void UnityEngine.PostProcessing.GetSetAttribute::.ctor(System.String)	Assembly-CSharp
GrainComponent__ctor_m497184467	System.Void UnityEngine.PostProcessing.GrainComponent::.ctor()	Assembly-CSharp
GrainComponent_get_active_m333996298	System.Boolean UnityEngine.PostProcessing.GrainComponent::get_active()	Assembly-CSharp
GrainComponent_OnDisable_m1630784333	System.Void UnityEngine.PostProcessing.GrainComponent::OnDisable()	Assembly-CSharp
GrainComponent_Prepare_m299316462	System.Void UnityEngine.PostProcessing.GrainComponent::Prepare(UnityEngine.Material)	Assembly-CSharp
Uniforms__cctor_m3714179396	System.Void UnityEngine.PostProcessing.GrainComponent/Uniforms::.cctor()	Assembly-CSharp
GrainModel__ctor_m542869878	System.Void UnityEngine.PostProcessing.GrainModel::.ctor()	Assembly-CSharp
GrainModel_get_settings_m99306845	UnityEngine.PostProcessing.GrainModel/Settings UnityEngine.PostProcessing.GrainModel::get_settings()	Assembly-CSharp
GrainModel_set_settings_m3780720363	System.Void UnityEngine.PostProcessing.GrainModel::set_settings(UnityEngine.PostProcessing.GrainModel/Settings)	Assembly-CSharp
GrainModel_Reset_m402343126	System.Void UnityEngine.PostProcessing.GrainModel::Reset()	Assembly-CSharp
Settings_get_defaultSettings_m1664192108	UnityEngine.PostProcessing.GrainModel/Settings UnityEngine.PostProcessing.GrainModel/Settings::get_defaultSettings()	Assembly-CSharp
GraphicsUtils_get_isLinearColorSpace_m2783177889	System.Boolean UnityEngine.PostProcessing.GraphicsUtils::get_isLinearColorSpace()	Assembly-CSharp
GraphicsUtils_get_supportsDX11_m769220058	System.Boolean UnityEngine.PostProcessing.GraphicsUtils::get_supportsDX11()	Assembly-CSharp
GraphicsUtils_get_whiteTexture_m2270091967	UnityEngine.Texture2D UnityEngine.PostProcessing.GraphicsUtils::get_whiteTexture()	Assembly-CSharp
GraphicsUtils_get_quad_m2571095618	UnityEngine.Mesh UnityEngine.PostProcessing.GraphicsUtils::get_quad()	Assembly-CSharp
GraphicsUtils_Blit_m1958513870	System.Void UnityEngine.PostProcessing.GraphicsUtils::Blit(UnityEngine.Material,System.Int32)	Assembly-CSharp
GraphicsUtils_ClearAndBlit_m3978346079	System.Void UnityEngine.PostProcessing.GraphicsUtils::ClearAndBlit(UnityEngine.Texture,UnityEngine.RenderTexture,UnityEngine.Material,System.Int32,System.Boolean,System.Boolean)	Assembly-CSharp
GraphicsUtils_Destroy_m2139058242	System.Void UnityEngine.PostProcessing.GraphicsUtils::Destroy(UnityEngine.Object)	Assembly-CSharp
GraphicsUtils_Dispose_m791740987	System.Void UnityEngine.PostProcessing.GraphicsUtils::Dispose()	Assembly-CSharp
MaterialFactory__ctor_m231704672	System.Void UnityEngine.PostProcessing.MaterialFactory::.ctor()	Assembly-CSharp
MaterialFactory_Get_m4113232693	UnityEngine.Material UnityEngine.PostProcessing.MaterialFactory::Get(System.String)	Assembly-CSharp
MaterialFactory_Dispose_m620032304	System.Void UnityEngine.PostProcessing.MaterialFactory::Dispose()	Assembly-CSharp
MinAttribute__ctor_m2484997716	System.Void UnityEngine.PostProcessing.MinAttribute::.ctor(System.Single)	Assembly-CSharp
MotionBlurComponent__ctor_m2500919077	System.Void UnityEngine.PostProcessing.MotionBlurComponent::.ctor()	Assembly-CSharp
MotionBlurComponent_get_reconstructionFilter_m1106463092	UnityEngine.PostProcessing.MotionBlurComponent/ReconstructionFilter UnityEngine.PostProcessing.MotionBlurComponent::get_reconstructionFilter()	Assembly-CSharp
MotionBlurComponent_get_frameBlendingFilter_m3875273921	UnityEngine.PostProcessing.MotionBlurComponent/FrameBlendingFilter UnityEngine.PostProcessing.MotionBlurComponent::get_frameBlendingFilter()	Assembly-CSharp
MotionBlurComponent_get_active_m3945952472	System.Boolean UnityEngine.PostProcessing.MotionBlurComponent::get_active()	Assembly-CSharp
MotionBlurComponent_GetName_m3341997620	System.String UnityEngine.PostProcessing.MotionBlurComponent::GetName()	Assembly-CSharp
MotionBlurComponent_ResetHistory_m1016490533	System.Void UnityEngine.PostProcessing.MotionBlurComponent::ResetHistory()	Assembly-CSharp
MotionBlurComponent_GetCameraFlags_m2526774842	UnityEngine.DepthTextureMode UnityEngine.PostProcessing.MotionBlurComponent::GetCameraFlags()	Assembly-CSharp
MotionBlurComponent_GetCameraEvent_m548026908	UnityEngine.Rendering.CameraEvent UnityEngine.PostProcessing.MotionBlurComponent::GetCameraEvent()	Assembly-CSharp
MotionBlurComponent_OnEnable_m1795720798	System.Void UnityEngine.PostProcessing.MotionBlurComponent::OnEnable()	Assembly-CSharp
MotionBlurComponent_PopulateCommandBuffer_m382618932	System.Void UnityEngine.PostProcessing.MotionBlurComponent::PopulateCommandBuffer(UnityEngine.Rendering.CommandBuffer)	Assembly-CSharp
MotionBlurComponent_OnDisable_m4152193611	System.Void UnityEngine.PostProcessing.MotionBlurComponent::OnDisable()	Assembly-CSharp
FrameBlendingFilter__ctor_m2213378151	System.Void UnityEngine.PostProcessing.MotionBlurComponent/FrameBlendingFilter::.ctor()	Assembly-CSharp
FrameBlendingFilter_Dispose_m1400070341	System.Void UnityEngine.PostProcessing.MotionBlurComponent/FrameBlendingFilter::Dispose()	Assembly-CSharp
FrameBlendingFilter_PushFrame_m3869974199	System.Void UnityEngine.PostProcessing.MotionBlurComponent/FrameBlendingFilter::PushFrame(UnityEngine.Rendering.CommandBuffer,UnityEngine.Rendering.RenderTargetIdentifier,System.Int32,System.Int32,UnityEngine.Material)	Assembly-CSharp
FrameBlendingFilter_BlendFrames_m2038875949	System.Void UnityEngine.PostProcessing.MotionBlurComponent/FrameBlendingFilter::BlendFrames(UnityEngine.Rendering.CommandBuffer,System.Single,UnityEngine.Rendering.RenderTargetIdentifier,UnityEngine.Rendering.RenderTargetIdentifier,UnityEngine.Material)	Assembly-CSharp
FrameBlendingFilter_CheckSupportCompression_m1246230336	System.Boolean UnityEngine.PostProcessing.MotionBlurComponent/FrameBlendingFilter::CheckSupportCompression()	Assembly-CSharp
FrameBlendingFilter_GetPreferredRenderTextureFormat_m2519826039	UnityEngine.RenderTextureFormat UnityEngine.PostProcessing.MotionBlurComponent/FrameBlendingFilter::GetPreferredRenderTextureFormat()	Assembly-CSharp
FrameBlendingFilter_GetFrameRelative_m1235416389	UnityEngine.PostProcessing.MotionBlurComponent/FrameBlendingFilter/Frame UnityEngine.PostProcessing.MotionBlurComponent/FrameBlendingFilter::GetFrameRelative(System.Int32)	Assembly-CSharp
Frame_CalculateWeight_m2903754348_AdjustorThunk	System.Single UnityEngine.PostProcessing.MotionBlurComponent/FrameBlendingFilter/Frame::CalculateWeight(System.Single,System.Single)	Assembly-CSharp
Frame_Release_m3630376464_AdjustorThunk	System.Void UnityEngine.PostProcessing.MotionBlurComponent/FrameBlendingFilter/Frame::Release()	Assembly-CSharp
Frame_MakeRecord_m110758563_AdjustorThunk	System.Void UnityEngine.PostProcessing.MotionBlurComponent/FrameBlendingFilter/Frame::MakeRecord(UnityEngine.Rendering.CommandBuffer,UnityEngine.Rendering.RenderTargetIdentifier,System.Int32,System.Int32,UnityEngine.Material)	Assembly-CSharp
Frame_MakeRecordRaw_m2505281275_AdjustorThunk	System.Void UnityEngine.PostProcessing.MotionBlurComponent/FrameBlendingFilter/Frame::MakeRecordRaw(UnityEngine.Rendering.CommandBuffer,UnityEngine.Rendering.RenderTargetIdentifier,System.Int32,System.Int32,UnityEngine.RenderTextureFormat)	Assembly-CSharp
ReconstructionFilter__ctor_m889695632	System.Void UnityEngine.PostProcessing.MotionBlurComponent/ReconstructionFilter::.ctor()	Assembly-CSharp
ReconstructionFilter_CheckTextureFormatSupport_m2683855103	System.Void UnityEngine.PostProcessing.MotionBlurComponent/ReconstructionFilter::CheckTextureFormatSupport()	Assembly-CSharp
ReconstructionFilter_IsSupported_m1056448922	System.Boolean UnityEngine.PostProcessing.MotionBlurComponent/ReconstructionFilter::IsSupported()	Assembly-CSharp
ReconstructionFilter_ProcessImage_m2701149541	System.Void UnityEngine.PostProcessing.MotionBlurComponent/ReconstructionFilter::ProcessImage(UnityEngine.PostProcessing.PostProcessingContext,UnityEngine.Rendering.CommandBuffer,UnityEngine.PostProcessing.MotionBlurModel/Settings&,UnityEngine.Rendering.RenderTargetIdentifier,UnityEngine.Rendering.RenderTargetIdentifier,UnityEngine.Material)	Assembly-CSharp
Uniforms__cctor_m4232593754	System.Void UnityEngine.PostProcessing.MotionBlurComponent/Uniforms::.cctor()	Assembly-CSharp
MotionBlurModel__ctor_m428522222	System.Void UnityEngine.PostProcessing.MotionBlurModel::.ctor()	Assembly-CSharp
MotionBlurModel_get_settings_m2229150726	UnityEngine.PostProcessing.MotionBlurModel/Settings UnityEngine.PostProcessing.MotionBlurModel::get_settings()	Assembly-CSharp
MotionBlurModel_set_settings_m4142385848	System.Void UnityEngine.PostProcessing.MotionBlurModel::set_settings(UnityEngine.PostProcessing.MotionBlurModel/Settings)	Assembly-CSharp
MotionBlurModel_Reset_m3507530397	System.Void UnityEngine.PostProcessing.MotionBlurModel::Reset()	Assembly-CSharp
Settings_get_defaultSettings_m3507581962	UnityEngine.PostProcessing.MotionBlurModel/Settings UnityEngine.PostProcessing.MotionBlurModel/Settings::get_defaultSettings()	Assembly-CSharp
PostProcessingBehaviour__ctor_m3910102566	System.Void UnityEngine.PostProcessing.PostProcessingBehaviour::.ctor()	Assembly-CSharp
PostProcessingBehaviour_OnEnable_m1469190174	System.Void UnityEngine.PostProcessing.PostProcessingBehaviour::OnEnable()	Assembly-CSharp
PostProcessingBehaviour_OnPreCull_m382834868	System.Void UnityEngine.PostProcessing.PostProcessingBehaviour::OnPreCull()	Assembly-CSharp
PostProcessingBehaviour_OnPreRender_m1753639883	System.Void UnityEngine.PostProcessing.PostProcessingBehaviour::OnPreRender()	Assembly-CSharp
PostProcessingBehaviour_OnPostRender_m2861720768	System.Void UnityEngine.PostProcessing.PostProcessingBehaviour::OnPostRender()	Assembly-CSharp
PostProcessingBehaviour_OnRenderImage_m561762982	System.Void UnityEngine.PostProcessing.PostProcessingBehaviour::OnRenderImage(UnityEngine.RenderTexture,UnityEngine.RenderTexture)	Assembly-CSharp
PostProcessingBehaviour_OnGUI_m2377759815	System.Void UnityEngine.PostProcessing.PostProcessingBehaviour::OnGUI()	Assembly-CSharp
PostProcessingBehaviour_OnDisable_m3454750292	System.Void UnityEngine.PostProcessing.PostProcessingBehaviour::OnDisable()	Assembly-CSharp
PostProcessingBehaviour_ResetTemporalEffects_m1478453056	System.Void UnityEngine.PostProcessing.PostProcessingBehaviour::ResetTemporalEffects()	Assembly-CSharp
PostProcessingBehaviour_CheckObservers_m3285018848	System.Void UnityEngine.PostProcessing.PostProcessingBehaviour::CheckObservers()	Assembly-CSharp
PostProcessingBehaviour_DisableComponents_m1054770722	System.Void UnityEngine.PostProcessing.PostProcessingBehaviour::DisableComponents()	Assembly-CSharp
PostProcessingComponentBase__ctor_m3239609128	System.Void UnityEngine.PostProcessing.PostProcessingComponentBase::.ctor()	Assembly-CSharp
PostProcessingComponentBase_GetCameraFlags_m3128948865	UnityEngine.DepthTextureMode UnityEngine.PostProcessing.PostProcessingComponentBase::GetCameraFlags()	Assembly-CSharp
PostProcessingComponentBase_OnEnable_m2417868870	System.Void UnityEngine.PostProcessing.PostProcessingComponentBase::OnEnable()	Assembly-CSharp
PostProcessingComponentBase_OnDisable_m3565405166	System.Void UnityEngine.PostProcessing.PostProcessingComponentBase::OnDisable()	Assembly-CSharp
PostProcessingContext__ctor_m1285766435	System.Void UnityEngine.PostProcessing.PostProcessingContext::.ctor()	Assembly-CSharp
PostProcessingContext_get_interrupted_m1809095682	System.Boolean UnityEngine.PostProcessing.PostProcessingContext::get_interrupted()	Assembly-CSharp
PostProcessingContext_set_interrupted_m4192460866	System.Void UnityEngine.PostProcessing.PostProcessingContext::set_interrupted(System.Boolean)	Assembly-CSharp
PostProcessingContext_Interrupt_m4183521937	System.Void UnityEngine.PostProcessing.PostProcessingContext::Interrupt()	Assembly-CSharp
PostProcessingContext_Reset_m4133896387	UnityEngine.PostProcessing.PostProcessingContext UnityEngine.PostProcessing.PostProcessingContext::Reset()	Assembly-CSharp
PostProcessingContext_get_isGBufferAvailable_m949646721	System.Boolean UnityEngine.PostProcessing.PostProcessingContext::get_isGBufferAvailable()	Assembly-CSharp
PostProcessingContext_get_isHdr_m3057655858	System.Boolean UnityEngine.PostProcessing.PostProcessingContext::get_isHdr()	Assembly-CSharp
PostProcessingContext_get_width_m2658937703	System.Int32 UnityEngine.PostProcessing.PostProcessingContext::get_width()	Assembly-CSharp
PostProcessingContext_get_height_m4218042885	System.Int32 UnityEngine.PostProcessing.PostProcessingContext::get_height()	Assembly-CSharp
PostProcessingContext_get_viewport_m2647794360	UnityEngine.Rect UnityEngine.PostProcessing.PostProcessingContext::get_viewport()	Assembly-CSharp
PostProcessingModel__ctor_m4158388095	System.Void UnityEngine.PostProcessing.PostProcessingModel::.ctor()	Assembly-CSharp
PostProcessingModel_get_enabled_m2892084724	System.Boolean UnityEngine.PostProcessing.PostProcessingModel::get_enabled()	Assembly-CSharp
PostProcessingModel_set_enabled_m3195575587	System.Void UnityEngine.PostProcessing.PostProcessingModel::set_enabled(System.Boolean)	Assembly-CSharp
PostProcessingModel_OnValidate_m3345216803	System.Void UnityEngine.PostProcessing.PostProcessingModel::OnValidate()	Assembly-CSharp
PostProcessingProfile__ctor_m2477575403	System.Void UnityEngine.PostProcessing.PostProcessingProfile::.ctor()	Assembly-CSharp
RenderTextureFactory__ctor_m1345809438	System.Void UnityEngine.PostProcessing.RenderTextureFactory::.ctor()	Assembly-CSharp
RenderTextureFactory_Get_m169036867	UnityEngine.RenderTexture UnityEngine.PostProcessing.RenderTextureFactory::Get(UnityEngine.RenderTexture)	Assembly-CSharp
RenderTextureFactory_Get_m1772850884	UnityEngine.RenderTexture UnityEngine.PostProcessing.RenderTextureFactory::Get(System.Int32,System.Int32,System.Int32,UnityEngine.RenderTextureFormat,UnityEngine.RenderTextureReadWrite,UnityEngine.FilterMode,UnityEngine.TextureWrapMode,System.String)	Assembly-CSharp
RenderTextureFactory_Release_m717800481	System.Void UnityEngine.PostProcessing.RenderTextureFactory::Release(UnityEngine.RenderTexture)	Assembly-CSharp
RenderTextureFactory_ReleaseAll_m3329667721	System.Void UnityEngine.PostProcessing.RenderTextureFactory::ReleaseAll()	Assembly-CSharp
RenderTextureFactory_Dispose_m2714960054	System.Void UnityEngine.PostProcessing.RenderTextureFactory::Dispose()	Assembly-CSharp
ScreenSpaceReflectionComponent__ctor_m2879296341	System.Void UnityEngine.PostProcessing.ScreenSpaceReflectionComponent::.ctor()	Assembly-CSharp
ScreenSpaceReflectionComponent_GetCameraFlags_m3820416721	UnityEngine.DepthTextureMode UnityEngine.PostProcessing.ScreenSpaceReflectionComponent::GetCameraFlags()	Assembly-CSharp
ScreenSpaceReflectionComponent_get_active_m243829711	System.Boolean UnityEngine.PostProcessing.ScreenSpaceReflectionComponent::get_active()	Assembly-CSharp
ScreenSpaceReflectionComponent_OnEnable_m346974116	System.Void UnityEngine.PostProcessing.ScreenSpaceReflectionComponent::OnEnable()	Assembly-CSharp
ScreenSpaceReflectionComponent_GetName_m2112635201	System.String UnityEngine.PostProcessing.ScreenSpaceReflectionComponent::GetName()	Assembly-CSharp
ScreenSpaceReflectionComponent_GetCameraEvent_m1332987900	UnityEngine.Rendering.CameraEvent UnityEngine.PostProcessing.ScreenSpaceReflectionComponent::GetCameraEvent()	Assembly-CSharp
ScreenSpaceReflectionComponent_PopulateCommandBuffer_m3120254331	System.Void UnityEngine.PostProcessing.ScreenSpaceReflectionComponent::PopulateCommandBuffer(UnityEngine.Rendering.CommandBuffer)	Assembly-CSharp
Uniforms__cctor_m2613778490	System.Void UnityEngine.PostProcessing.ScreenSpaceReflectionComponent/Uniforms::.cctor()	Assembly-CSharp
ScreenSpaceReflectionModel__ctor_m855607741	System.Void UnityEngine.PostProcessing.ScreenSpaceReflectionModel::.ctor()	Assembly-CSharp
ScreenSpaceReflectionModel_get_settings_m3165114047	UnityEngine.PostProcessing.ScreenSpaceReflectionModel/Settings UnityEngine.PostProcessing.ScreenSpaceReflectionModel::get_settings()	Assembly-CSharp
ScreenSpaceReflectionModel_set_settings_m3883690039	System.Void UnityEngine.PostProcessing.ScreenSpaceReflectionModel::set_settings(UnityEngine.PostProcessing.ScreenSpaceReflectionModel/Settings)	Assembly-CSharp
ScreenSpaceReflectionModel_Reset_m1531575281	System.Void UnityEngine.PostProcessing.ScreenSpaceReflectionModel::Reset()	Assembly-CSharp
Settings_get_defaultSettings_m3330699527	UnityEngine.PostProcessing.ScreenSpaceReflectionModel/Settings UnityEngine.PostProcessing.ScreenSpaceReflectionModel/Settings::get_defaultSettings()	Assembly-CSharp
TaaComponent__ctor_m675959233	System.Void UnityEngine.PostProcessing.TaaComponent::.ctor()	Assembly-CSharp
TaaComponent_get_active_m3051132930	System.Boolean UnityEngine.PostProcessing.TaaComponent::get_active()	Assembly-CSharp
TaaComponent_GetCameraFlags_m2323189770	UnityEngine.DepthTextureMode UnityEngine.PostProcessing.TaaComponent::GetCameraFlags()	Assembly-CSharp
TaaComponent_ResetHistory_m3846253241	System.Void UnityEngine.PostProcessing.TaaComponent::ResetHistory()	Assembly-CSharp
TaaComponent_SetProjectionMatrix_m2316589171	System.Void UnityEngine.PostProcessing.TaaComponent::SetProjectionMatrix(System.Func`2<UnityEngine.Vector2,UnityEngine.Matrix4x4>)	Assembly-CSharp
TaaComponent_Render_m2638556758	System.Void UnityEngine.PostProcessing.TaaComponent::Render(UnityEngine.RenderTexture,UnityEngine.RenderTexture)	Assembly-CSharp
TaaComponent_GetHaltonValue_m3411042843	System.Single UnityEngine.PostProcessing.TaaComponent::GetHaltonValue(System.Int32,System.Int32)	Assembly-CSharp
TaaComponent_GenerateRandomOffset_m1416894136	UnityEngine.Vector2 UnityEngine.PostProcessing.TaaComponent::GenerateRandomOffset()	Assembly-CSharp
TaaComponent_GetPerspectiveProjectionMatrix_m2335334281	UnityEngine.Matrix4x4 UnityEngine.PostProcessing.TaaComponent::GetPerspectiveProjectionMatrix(UnityEngine.Vector2)	Assembly-CSharp
TaaComponent_GetOrthographicProjectionMatrix_m3494165154	UnityEngine.Matrix4x4 UnityEngine.PostProcessing.TaaComponent::GetOrthographicProjectionMatrix(UnityEngine.Vector2)	Assembly-CSharp
TaaComponent_OnDisable_m1137752543	System.Void UnityEngine.PostProcessing.TaaComponent::OnDisable()	Assembly-CSharp
Uniforms__cctor_m1642638623	System.Void UnityEngine.PostProcessing.TaaComponent/Uniforms::.cctor()	Assembly-CSharp
TrackballAttribute__ctor_m774296646	System.Void UnityEngine.PostProcessing.TrackballAttribute::.ctor(System.String)	Assembly-CSharp
TrackballGroupAttribute__ctor_m2574378639	System.Void UnityEngine.PostProcessing.TrackballGroupAttribute::.ctor()	Assembly-CSharp
UserLutComponent__ctor_m3557887131	System.Void UnityEngine.PostProcessing.UserLutComponent::.ctor()	Assembly-CSharp
UserLutComponent_get_active_m1788341588	System.Boolean UnityEngine.PostProcessing.UserLutComponent::get_active()	Assembly-CSharp
UserLutComponent_Prepare_m1158977240	System.Void UnityEngine.PostProcessing.UserLutComponent::Prepare(UnityEngine.Material)	Assembly-CSharp
UserLutComponent_OnGUI_m2614562252	System.Void UnityEngine.PostProcessing.UserLutComponent::OnGUI()	Assembly-CSharp
Uniforms__cctor_m521797190	System.Void UnityEngine.PostProcessing.UserLutComponent/Uniforms::.cctor()	Assembly-CSharp
UserLutModel__ctor_m1936047466	System.Void UnityEngine.PostProcessing.UserLutModel::.ctor()	Assembly-CSharp
UserLutModel_get_settings_m1799133964	UnityEngine.PostProcessing.UserLutModel/Settings UnityEngine.PostProcessing.UserLutModel::get_settings()	Assembly-CSharp
UserLutModel_set_settings_m1299940782	System.Void UnityEngine.PostProcessing.UserLutModel::set_settings(UnityEngine.PostProcessing.UserLutModel/Settings)	Assembly-CSharp
UserLutModel_Reset_m2837745026	System.Void UnityEngine.PostProcessing.UserLutModel::Reset()	Assembly-CSharp
Settings_get_defaultSettings_m1988709150	UnityEngine.PostProcessing.UserLutModel/Settings UnityEngine.PostProcessing.UserLutModel/Settings::get_defaultSettings()	Assembly-CSharp
VignetteComponent__ctor_m3640704423	System.Void UnityEngine.PostProcessing.VignetteComponent::.ctor()	Assembly-CSharp
VignetteComponent_get_active_m4124729355	System.Boolean UnityEngine.PostProcessing.VignetteComponent::get_active()	Assembly-CSharp
VignetteComponent_Prepare_m3452838302	System.Void UnityEngine.PostProcessing.VignetteComponent::Prepare(UnityEngine.Material)	Assembly-CSharp
Uniforms__cctor_m4093978548	System.Void UnityEngine.PostProcessing.VignetteComponent/Uniforms::.cctor()	Assembly-CSharp
VignetteModel__ctor_m512852279	System.Void UnityEngine.PostProcessing.VignetteModel::.ctor()	Assembly-CSharp
VignetteModel_get_settings_m3633002454	UnityEngine.PostProcessing.VignetteModel/Settings UnityEngine.PostProcessing.VignetteModel::get_settings()	Assembly-CSharp
VignetteModel_set_settings_m1724115687	System.Void UnityEngine.PostProcessing.VignetteModel::set_settings(UnityEngine.PostProcessing.VignetteModel/Settings)	Assembly-CSharp
VignetteModel_Reset_m1857303294	System.Void UnityEngine.PostProcessing.VignetteModel::Reset()	Assembly-CSharp
Settings_get_defaultSettings_m3086602550	UnityEngine.PostProcessing.VignetteModel/Settings UnityEngine.PostProcessing.VignetteModel/Settings::get_defaultSettings()	Assembly-CSharp
NULL	System.Int32 System.IComparable`1<System.Object>::CompareTo(T)	mscorlib
NULL	System.Boolean System.IEquatable`1<System.Object>::Equals(T)	mscorlib
NULL	T System.Collections.Generic.IEnumerator`1<System.Object>::get_Current()	mscorlib
NULL	System.Collections.Generic.IEnumerator`1<T> System.Collections.Generic.IEnumerable`1<System.Object>::GetEnumerator()	mscorlib
Array_InternalArray__IEnumerable_GetEnumerator_TisRuntimeObject_m3132609973_gshared	System.Collections.Generic.IEnumerator`1<T> System.Array::InternalArray__IEnumerable_GetEnumerator<System.Object>()	mscorlib
Array_InternalArray__ICollection_Add_TisRuntimeObject_m4216329873_gshared	System.Void System.Array::InternalArray__ICollection_Add<System.Object>(T)	mscorlib
Array_InternalArray__ICollection_Remove_TisRuntimeObject_m2110193223_gshared	System.Boolean System.Array::InternalArray__ICollection_Remove<System.Object>(T)	mscorlib
Array_InternalArray__ICollection_Contains_TisRuntimeObject_m4067783231_gshared	System.Boolean System.Array::InternalArray__ICollection_Contains<System.Object>(T)	mscorlib
Array_InternalArray__ICollection_CopyTo_TisRuntimeObject_m4245759982_gshared	System.Void System.Array::InternalArray__ICollection_CopyTo<System.Object>(T[],System.Int32)	mscorlib
Array_InternalArray__Insert_TisRuntimeObject_m1619219378_gshared	System.Void System.Array::InternalArray__Insert<System.Object>(System.Int32,T)	mscorlib
Array_InternalArray__IndexOf_TisRuntimeObject_m2971736253_gshared	System.Int32 System.Array::InternalArray__IndexOf<System.Object>(T)	mscorlib
Array_InternalArray__get_Item_TisRuntimeObject_m3347010206_gshared	T System.Array::InternalArray__get_Item<System.Object>(System.Int32)	mscorlib
Array_InternalArray__set_Item_TisRuntimeObject_m2895257685_gshared	System.Void System.Array::InternalArray__set_Item<System.Object>(System.Int32,T)	mscorlib
NULL	System.Void System.Array::GetGenericValueImpl<System.Object>(System.Int32,T&)	mscorlib
NULL	System.Void System.Array::SetGenericValueImpl<System.Object>(System.Int32,T&)	mscorlib
Array_get_swapper_TisRuntimeObject_m1378919517_gshared	System.Array/Swapper System.Array::get_swapper<System.Object>(T[])	mscorlib
Array_Sort_TisRuntimeObject_m1972115694_gshared	System.Void System.Array::Sort<System.Object>(T[])	mscorlib
Array_Sort_TisRuntimeObject_TisRuntimeObject_m1685639929_gshared	System.Void System.Array::Sort<System.Object,System.Object>(TKey[],TValue[])	mscorlib
Array_Sort_TisRuntimeObject_m460813780_gshared	System.Void System.Array::Sort<System.Object>(T[],System.Collections.Generic.IComparer`1<T>)	mscorlib
Array_Sort_TisRuntimeObject_TisRuntimeObject_m528220565_gshared	System.Void System.Array::Sort<System.Object,System.Object>(TKey[],TValue[],System.Collections.Generic.IComparer`1<TKey>)	mscorlib
Array_Sort_TisRuntimeObject_m440635289_gshared	System.Void System.Array::Sort<System.Object>(T[],System.Int32,System.Int32)	mscorlib
Array_Sort_TisRuntimeObject_TisRuntimeObject_m900474681_gshared	System.Void System.Array::Sort<System.Object,System.Object>(TKey[],TValue[],System.Int32,System.Int32)	mscorlib
Array_Sort_TisRuntimeObject_m2698056810_gshared	System.Void System.Array::Sort<System.Object>(T[],System.Int32,System.Int32,System.Collections.Generic.IComparer`1<T>)	mscorlib
Array_Sort_TisRuntimeObject_TisRuntimeObject_m879120523_gshared	System.Void System.Array::Sort<System.Object,System.Object>(TKey[],TValue[],System.Int32,System.Int32,System.Collections.Generic.IComparer`1<TKey>)	mscorlib
Array_Sort_TisRuntimeObject_m3735745751_gshared	System.Void System.Array::Sort<System.Object>(T[],System.Comparison`1<T>)	mscorlib
Array_Sort_TisRuntimeObject_m3700318967_gshared	System.Void System.Array::Sort<System.Object>(T[],System.Int32,System.Comparison`1<T>)	mscorlib
Array_qsort_TisRuntimeObject_TisRuntimeObject_m2939659920_gshared	System.Void System.Array::qsort<System.Object,System.Object>(K[],V[],System.Int32,System.Int32,System.Collections.Generic.IComparer`1<K>)	mscorlib
Array_compare_TisRuntimeObject_m1541275189_gshared	System.Int32 System.Array::compare<System.Object>(T,T,System.Collections.Generic.IComparer`1<T>)	mscorlib
Array_qsort_TisRuntimeObject_m3032724227_gshared	System.Void System.Array::qsort<System.Object>(T[],System.Int32,System.Int32,System.Comparison`1<T>)	mscorlib
Array_swap_TisRuntimeObject_TisRuntimeObject_m3366857751_gshared	System.Void System.Array::swap<System.Object,System.Object>(K[],V[],System.Int32,System.Int32)	mscorlib
Array_swap_TisRuntimeObject_m3281757310_gshared	System.Void System.Array::swap<System.Object>(T[],System.Int32,System.Int32)	mscorlib
Array_Resize_TisRuntimeObject_m856296018_gshared	System.Void System.Array::Resize<System.Object>(T[]&,System.Int32)	mscorlib
Array_Resize_TisRuntimeObject_m391961866_gshared	System.Void System.Array::Resize<System.Object>(T[]&,System.Int32,System.Int32)	mscorlib
Array_TrueForAll_TisRuntimeObject_m1084992726_gshared	System.Boolean System.Array::TrueForAll<System.Object>(T[],System.Predicate`1<T>)	mscorlib
Array_ForEach_TisRuntimeObject_m599801986_gshared	System.Void System.Array::ForEach<System.Object>(T[],System.Action`1<T>)	mscorlib
Array_ConvertAll_TisRuntimeObject_TisRuntimeObject_m2417852296_gshared	TOutput[] System.Array::ConvertAll<System.Object,System.Object>(TInput[],System.Converter`2<TInput,TOutput>)	mscorlib
Array_FindLastIndex_TisRuntimeObject_m1404930667_gshared	System.Int32 System.Array::FindLastIndex<System.Object>(T[],System.Predicate`1<T>)	mscorlib
Array_FindLastIndex_TisRuntimeObject_m884132436_gshared	System.Int32 System.Array::FindLastIndex<System.Object>(T[],System.Int32,System.Predicate`1<T>)	mscorlib
Array_FindLastIndex_TisRuntimeObject_m2929523835_gshared	System.Int32 System.Array::FindLastIndex<System.Object>(T[],System.Int32,System.Int32,System.Predicate`1<T>)	mscorlib
Array_FindIndex_TisRuntimeObject_m2504082708_gshared	System.Int32 System.Array::FindIndex<System.Object>(T[],System.Predicate`1<T>)	mscorlib
Array_FindIndex_TisRuntimeObject_m225597877_gshared	System.Int32 System.Array::FindIndex<System.Object>(T[],System.Int32,System.Predicate`1<T>)	mscorlib
Array_FindIndex_TisRuntimeObject_m2474623804_gshared	System.Int32 System.Array::FindIndex<System.Object>(T[],System.Int32,System.Int32,System.Predicate`1<T>)	mscorlib
Array_BinarySearch_TisRuntimeObject_m1711327235_gshared	System.Int32 System.Array::BinarySearch<System.Object>(T[],T)	mscorlib
Array_BinarySearch_TisRuntimeObject_m2948599796_gshared	System.Int32 System.Array::BinarySearch<System.Object>(T[],T,System.Collections.Generic.IComparer`1<T>)	mscorlib
Array_BinarySearch_TisRuntimeObject_m3850515784_gshared	System.Int32 System.Array::BinarySearch<System.Object>(T[],System.Int32,System.Int32,T)	mscorlib
Array_BinarySearch_TisRuntimeObject_m3933462998_gshared	System.Int32 System.Array::BinarySearch<System.Object>(T[],System.Int32,System.Int32,T,System.Collections.Generic.IComparer`1<T>)	mscorlib
Array_IndexOf_TisRuntimeObject_m3944231312_gshared	System.Int32 System.Array::IndexOf<System.Object>(T[],T)	mscorlib
Array_IndexOf_TisRuntimeObject_m865614675_gshared	System.Int32 System.Array::IndexOf<System.Object>(T[],T,System.Int32)	mscorlib
Array_IndexOf_TisRuntimeObject_m828474689_gshared	System.Int32 System.Array::IndexOf<System.Object>(T[],T,System.Int32,System.Int32)	mscorlib
Array_LastIndexOf_TisRuntimeObject_m1719321980_gshared	System.Int32 System.Array::LastIndexOf<System.Object>(T[],T)	mscorlib
Array_LastIndexOf_TisRuntimeObject_m1677937501_gshared	System.Int32 System.Array::LastIndexOf<System.Object>(T[],T,System.Int32)	mscorlib
Array_LastIndexOf_TisRuntimeObject_m2701366436_gshared	System.Int32 System.Array::LastIndexOf<System.Object>(T[],T,System.Int32,System.Int32)	mscorlib
Array_FindAll_TisRuntimeObject_m3566631088_gshared	T[] System.Array::FindAll<System.Object>(T[],System.Predicate`1<T>)	mscorlib
Array_Exists_TisRuntimeObject_m3896745628_gshared	System.Boolean System.Array::Exists<System.Object>(T[],System.Predicate`1<T>)	mscorlib
Array_AsReadOnly_TisRuntimeObject_m3652082723_gshared	System.Collections.ObjectModel.ReadOnlyCollection`1<T> System.Array::AsReadOnly<System.Object>(T[])	mscorlib
Array_Find_TisRuntimeObject_m2705709394_gshared	T System.Array::Find<System.Object>(T[],System.Predicate`1<T>)	mscorlib
Array_FindLast_TisRuntimeObject_m1088586648_gshared	T System.Array::FindLast<System.Object>(T[],System.Predicate`1<T>)	mscorlib
InternalEnumerator_1_System_Collections_IEnumerator_get_Current_m2982675020_AdjustorThunk	System.Object System.Array/InternalEnumerator`1<System.Object>::System.Collections.IEnumerator.get_Current()	mscorlib
InternalEnumerator_1_get_Current_m3839250771_AdjustorThunk	T System.Array/InternalEnumerator`1<System.Object>::get_Current()	mscorlib
InternalEnumerator_1__ctor_m1675719794_AdjustorThunk	System.Void System.Array/InternalEnumerator`1<System.Object>::.ctor(System.Array)	mscorlib
InternalEnumerator_1_System_Collections_IEnumerator_Reset_m2914412419_AdjustorThunk	System.Void System.Array/InternalEnumerator`1<System.Object>::System.Collections.IEnumerator.Reset()	mscorlib
InternalEnumerator_1_Dispose_m2006926799_AdjustorThunk	System.Void System.Array/InternalEnumerator`1<System.Object>::Dispose()	mscorlib
InternalEnumerator_1_MoveNext_m4035695998_AdjustorThunk	System.Boolean System.Array/InternalEnumerator`1<System.Object>::MoveNext()	mscorlib
ArrayReadOnlyList_1_get_Item_m2988101436_gshared	T System.Array/ArrayReadOnlyList`1<System.Object>::get_Item(System.Int32)	mscorlib
ArrayReadOnlyList_1_set_Item_m2916695038_gshared	System.Void System.Array/ArrayReadOnlyList`1<System.Object>::set_Item(System.Int32,T)	mscorlib
ArrayReadOnlyList_1_get_Count_m3450004702_gshared	System.Int32 System.Array/ArrayReadOnlyList`1<System.Object>::get_Count()	mscorlib
ArrayReadOnlyList_1_get_IsReadOnly_m1365711605_gshared	System.Boolean System.Array/ArrayReadOnlyList`1<System.Object>::get_IsReadOnly()	mscorlib
ArrayReadOnlyList_1__ctor_m3411930943_gshared	System.Void System.Array/ArrayReadOnlyList`1<System.Object>::.ctor(T[])	mscorlib
ArrayReadOnlyList_1_System_Collections_IEnumerable_GetEnumerator_m1042758841_gshared	System.Collections.IEnumerator System.Array/ArrayReadOnlyList`1<System.Object>::System.Collections.IEnumerable.GetEnumerator()	mscorlib
ArrayReadOnlyList_1_Add_m899240452_gshared	System.Void System.Array/ArrayReadOnlyList`1<System.Object>::Add(T)	mscorlib
ArrayReadOnlyList_1_Clear_m2564101847_gshared	System.Void System.Array/ArrayReadOnlyList`1<System.Object>::Clear()	mscorlib
ArrayReadOnlyList_1_Contains_m381552673_gshared	System.Boolean System.Array/ArrayReadOnlyList`1<System.Object>::Contains(T)	mscorlib
ArrayReadOnlyList_1_CopyTo_m544662236_gshared	System.Void System.Array/ArrayReadOnlyList`1<System.Object>::CopyTo(T[],System.Int32)	mscorlib
ArrayReadOnlyList_1_GetEnumerator_m1835926958_gshared	System.Collections.Generic.IEnumerator`1<T> System.Array/ArrayReadOnlyList`1<System.Object>::GetEnumerator()	mscorlib
ArrayReadOnlyList_1_IndexOf_m562338247_gshared	System.Int32 System.Array/ArrayReadOnlyList`1<System.Object>::IndexOf(T)	mscorlib
ArrayReadOnlyList_1_Insert_m1827843425_gshared	System.Void System.Array/ArrayReadOnlyList`1<System.Object>::Insert(System.Int32,T)	mscorlib
ArrayReadOnlyList_1_Remove_m1724926862_gshared	System.Boolean System.Array/ArrayReadOnlyList`1<System.Object>::Remove(T)	mscorlib
ArrayReadOnlyList_1_RemoveAt_m2104218585_gshared	System.Void System.Array/ArrayReadOnlyList`1<System.Object>::RemoveAt(System.Int32)	mscorlib
ArrayReadOnlyList_1_ReadOnlyError_m1047641207_gshared	System.Exception System.Array/ArrayReadOnlyList`1<System.Object>::ReadOnlyError()	mscorlib
U3CGetEnumeratorU3Ec__Iterator0_System_Collections_Generic_IEnumeratorU3CTU3E_get_Current_m9057020_gshared	T System.Array/ArrayReadOnlyList`1/<GetEnumerator>c__Iterator0<System.Object>::System.Collections.Generic.IEnumerator<T>.get_Current()	mscorlib
U3CGetEnumeratorU3Ec__Iterator0_System_Collections_IEnumerator_get_Current_m3208659014_gshared	System.Object System.Array/ArrayReadOnlyList`1/<GetEnumerator>c__Iterator0<System.Object>::System.Collections.IEnumerator.get_Current()	mscorlib
U3CGetEnumeratorU3Ec__Iterator0__ctor_m3091529227_gshared	System.Void System.Array/ArrayReadOnlyList`1/<GetEnumerator>c__Iterator0<System.Object>::.ctor()	mscorlib
U3CGetEnumeratorU3Ec__Iterator0_MoveNext_m4047948264_gshared	System.Boolean System.Array/ArrayReadOnlyList`1/<GetEnumerator>c__Iterator0<System.Object>::MoveNext()	mscorlib
U3CGetEnumeratorU3Ec__Iterator0_Dispose_m503464442_gshared	System.Void System.Array/ArrayReadOnlyList`1/<GetEnumerator>c__Iterator0<System.Object>::Dispose()	mscorlib
U3CGetEnumeratorU3Ec__Iterator0_Reset_m3837913694_gshared	System.Void System.Array/ArrayReadOnlyList`1/<GetEnumerator>c__Iterator0<System.Object>::Reset()	mscorlib
NULL	T System.Collections.Generic.IList`1<System.Object>::get_Item(System.Int32)	mscorlib
NULL	System.Void System.Collections.Generic.IList`1<System.Object>::set_Item(System.Int32,T)	mscorlib
NULL	System.Int32 System.Collections.Generic.IList`1<System.Object>::IndexOf(T)	mscorlib
NULL	System.Void System.Collections.Generic.IList`1<System.Object>::Insert(System.Int32,T)	mscorlib
NULL	System.Void System.Collections.Generic.IList`1<System.Object>::RemoveAt(System.Int32)	mscorlib
NULL	System.Int32 System.Collections.Generic.ICollection`1<System.Object>::get_Count()	mscorlib
NULL	System.Boolean System.Collections.Generic.ICollection`1<System.Object>::get_IsReadOnly()	mscorlib
NULL	System.Void System.Collections.Generic.ICollection`1<System.Object>::Add(T)	mscorlib
NULL	System.Void System.Collections.Generic.ICollection`1<System.Object>::Clear()	mscorlib
NULL	System.Boolean System.Collections.Generic.ICollection`1<System.Object>::Contains(T)	mscorlib
NULL	System.Void System.Collections.Generic.ICollection`1<System.Object>::CopyTo(T[],System.Int32)	mscorlib
NULL	System.Boolean System.Collections.Generic.ICollection`1<System.Object>::Remove(T)	mscorlib
Comparer_1_get_Default_m1030668641_gshared	System.Collections.Generic.Comparer`1<T> System.Collections.Generic.Comparer`1<System.Object>::get_Default()	mscorlib
Comparer_1__ctor_m3541673631_gshared	System.Void System.Collections.Generic.Comparer`1<System.Object>::.ctor()	mscorlib
Comparer_1__cctor_m3891417387_gshared	System.Void System.Collections.Generic.Comparer`1<System.Object>::.cctor()	mscorlib
Comparer_1_System_Collections_IComparer_Compare_m3873488533_gshared	System.Int32 System.Collections.Generic.Comparer`1<System.Object>::System.Collections.IComparer.Compare(System.Object,System.Object)	mscorlib
NULL	System.Int32 System.Collections.Generic.Comparer`1<System.Object>::Compare(T,T)	mscorlib
DefaultComparer__ctor_m3948233172_gshared	System.Void System.Collections.Generic.Comparer`1/DefaultComparer<System.Object>::.ctor()	mscorlib
DefaultComparer_Compare_m4042058291_gshared	System.Int32 System.Collections.Generic.Comparer`1/DefaultComparer<System.Object>::Compare(T,T)	mscorlib
GenericComparer_1__ctor_m2864776302_gshared	System.Void System.Collections.Generic.GenericComparer`1<System.Object>::.ctor()	mscorlib
GenericComparer_1_Compare_m2942238599_gshared	System.Int32 System.Collections.Generic.GenericComparer`1<System.Object>::Compare(T,T)	mscorlib
Dictionary_2_System_Collections_IDictionary_get_Item_m1187058301_gshared	System.Object System.Collections.Generic.Dictionary`2<System.Object,System.Object>::System.Collections.IDictionary.get_Item(System.Object)	mscorlib
Dictionary_2_System_Collections_IDictionary_set_Item_m3993461793_gshared	System.Void System.Collections.Generic.Dictionary`2<System.Object,System.Object>::System.Collections.IDictionary.set_Item(System.Object,System.Object)	mscorlib
Dictionary_2_System_Collections_ICollection_get_IsSynchronized_m4209915754_gshared	System.Boolean System.Collections.Generic.Dictionary`2<System.Object,System.Object>::System.Collections.ICollection.get_IsSynchronized()	mscorlib
Dictionary_2_System_Collections_ICollection_get_SyncRoot_m3747820901_gshared	System.Object System.Collections.Generic.Dictionary`2<System.Object,System.Object>::System.Collections.ICollection.get_SyncRoot()	mscorlib
Dictionary_2_System_Collections_Generic_ICollectionU3CSystem_Collections_Generic_KeyValuePairU3CTKeyU2CTValueU3EU3E_get_IsReadOnly_m1465581921_gshared	System.Boolean System.Collections.Generic.Dictionary`2<System.Object,System.Object>::System.Collections.Generic.ICollection<System.Collections.Generic.KeyValuePair<TKey,TValue>>.get_IsReadOnly()	mscorlib
Dictionary_2_get_Count_m3919933788_gshared	System.Int32 System.Collections.Generic.Dictionary`2<System.Object,System.Object>::get_Count()	mscorlib
Dictionary_2_get_Item_m4278578609_gshared	TValue System.Collections.Generic.Dictionary`2<System.Object,System.Object>::get_Item(TKey)	mscorlib
Dictionary_2_set_Item_m258553009_gshared	System.Void System.Collections.Generic.Dictionary`2<System.Object,System.Object>::set_Item(TKey,TValue)	mscorlib
Dictionary_2_get_Values_m4248358246_gshared	System.Collections.Generic.Dictionary`2/ValueCollection<TKey,TValue> System.Collections.Generic.Dictionary`2<System.Object,System.Object>::get_Values()	mscorlib
Dictionary_2__ctor_m518943619_gshared	System.Void System.Collections.Generic.Dictionary`2<System.Object,System.Object>::.ctor()	mscorlib
Dictionary_2__ctor_m3991240721_gshared	System.Void System.Collections.Generic.Dictionary`2<System.Object,System.Object>::.ctor(System.Collections.Generic.IEqualityComparer`1<TKey>)	mscorlib
Dictionary_2__ctor_m2687535023_gshared	System.Void System.Collections.Generic.Dictionary`2<System.Object,System.Object>::.ctor(System.Int32)	mscorlib
Dictionary_2__ctor_m2817523597_gshared	System.Void System.Collections.Generic.Dictionary`2<System.Object,System.Object>::.ctor(System.Runtime.Serialization.SerializationInfo,System.Runtime.Serialization.StreamingContext)	mscorlib
Dictionary_2_System_Collections_IDictionary_Add_m4011968134_gshared	System.Void System.Collections.Generic.Dictionary`2<System.Object,System.Object>::System.Collections.IDictionary.Add(System.Object,System.Object)	mscorlib
Dictionary_2_System_Collections_IDictionary_Remove_m3518952519_gshared	System.Void System.Collections.Generic.Dictionary`2<System.Object,System.Object>::System.Collections.IDictionary.Remove(System.Object)	mscorlib
Dictionary_2_System_Collections_Generic_ICollectionU3CSystem_Collections_Generic_KeyValuePairU3CTKeyU2CTValueU3EU3E_Add_m1109294799_gshared	System.Void System.Collections.Generic.Dictionary`2<System.Object,System.Object>::System.Collections.Generic.ICollection<System.Collections.Generic.KeyValuePair<TKey,TValue>>.Add(System.Collections.Generic.KeyValuePair`2<TKey,TValue>)	mscorlib
Dictionary_2_System_Collections_Generic_ICollectionU3CSystem_Collections_Generic_KeyValuePairU3CTKeyU2CTValueU3EU3E_Contains_m2803718146_gshared	System.Boolean System.Collections.Generic.Dictionary`2<System.Object,System.Object>::System.Collections.Generic.ICollection<System.Collections.Generic.KeyValuePair<TKey,TValue>>.Contains(System.Collections.Generic.KeyValuePair`2<TKey,TValue>)	mscorlib
Dictionary_2_System_Collections_Generic_ICollectionU3CSystem_Collections_Generic_KeyValuePairU3CTKeyU2CTValueU3EU3E_CopyTo_m3122240003_gshared	System.Void System.Collections.Generic.Dictionary`2<System.Object,System.Object>::System.Collections.Generic.ICollection<System.Collections.Generic.KeyValuePair<TKey,TValue>>.CopyTo(System.Collections.Generic.KeyValuePair`2<TKey,TValue>[],System.Int32)	mscorlib
Dictionary_2_System_Collections_Generic_ICollectionU3CSystem_Collections_Generic_KeyValuePairU3CTKeyU2CTValueU3EU3E_Remove_m2052056014_gshared	System.Boolean System.Collections.Generic.Dictionary`2<System.Object,System.Object>::System.Collections.Generic.ICollection<System.Collections.Generic.KeyValuePair<TKey,TValue>>.Remove(System.Collections.Generic.KeyValuePair`2<TKey,TValue>)	mscorlib
Dictionary_2_System_Collections_ICollection_CopyTo_m1460767182_gshared	System.Void System.Collections.Generic.Dictionary`2<System.Object,System.Object>::System.Collections.ICollection.CopyTo(System.Array,System.Int32)	mscorlib
Dictionary_2_System_Collections_IEnumerable_GetEnumerator_m4084496691_gshared	System.Collections.IEnumerator System.Collections.Generic.Dictionary`2<System.Object,System.Object>::System.Collections.IEnumerable.GetEnumerator()	mscorlib
Dictionary_2_System_Collections_Generic_IEnumerableU3CSystem_Collections_Generic_KeyValuePairU3CTKeyU2CTValueU3EU3E_GetEnumerator_m39961443_gshared	System.Collections.Generic.IEnumerator`1<System.Collections.Generic.KeyValuePair`2<TKey,TValue>> System.Collections.Generic.Dictionary`2<System.Object,System.Object>::System.Collections.Generic.IEnumerable<System.Collections.Generic.KeyValuePair<TKey,TValue>>.GetEnumerator()	mscorlib
Dictionary_2_System_Collections_IDictionary_GetEnumerator_m529247385_gshared	System.Collections.IDictionaryEnumerator System.Collections.Generic.Dictionary`2<System.Object,System.Object>::System.Collections.IDictionary.GetEnumerator()	mscorlib
Dictionary_2_Init_m2505938117_gshared	System.Void System.Collections.Generic.Dictionary`2<System.Object,System.Object>::Init(System.Int32,System.Collections.Generic.IEqualityComparer`1<TKey>)	mscorlib
Dictionary_2_InitArrays_m3414820685_gshared	System.Void System.Collections.Generic.Dictionary`2<System.Object,System.Object>::InitArrays(System.Int32)	mscorlib
Dictionary_2_CopyToCheck_m305548979_gshared	System.Void System.Collections.Generic.Dictionary`2<System.Object,System.Object>::CopyToCheck(System.Array,System.Int32)	mscorlib
Dictionary_2_Do_CopyTo_TisRuntimeObject_TisRuntimeObject_m976542334_gshared	System.Void System.Collections.Generic.Dictionary`2<System.Object,System.Object>::Do_CopyTo<System.Object,System.Object>(TElem[],System.Int32,System.Collections.Generic.Dictionary`2/Transform`1<TKey,TValue,TRet>)	mscorlib
Dictionary_2_make_pair_m912614255_gshared	System.Collections.Generic.KeyValuePair`2<TKey,TValue> System.Collections.Generic.Dictionary`2<System.Object,System.Object>::make_pair(TKey,TValue)	mscorlib
Dictionary_2_pick_value_m3376391509_gshared	TValue System.Collections.Generic.Dictionary`2<System.Object,System.Object>::pick_value(TKey,TValue)	mscorlib
Dictionary_2_CopyTo_m338280030_gshared	System.Void System.Collections.Generic.Dictionary`2<System.Object,System.Object>::CopyTo(System.Collections.Generic.KeyValuePair`2<TKey,TValue>[],System.Int32)	mscorlib
Dictionary_2_Do_ICollectionCopyTo_TisRuntimeObject_m3942192587_gshared	System.Void System.Collections.Generic.Dictionary`2<System.Object,System.Object>::Do_ICollectionCopyTo<System.Object>(System.Array,System.Int32,System.Collections.Generic.Dictionary`2/Transform`1<TKey,TValue,TRet>)	mscorlib
Dictionary_2_Resize_m3287623642_gshared	System.Void System.Collections.Generic.Dictionary`2<System.Object,System.Object>::Resize()	mscorlib
Dictionary_2_Add_m2387223709_gshared	System.Void System.Collections.Generic.Dictionary`2<System.Object,System.Object>::Add(TKey,TValue)	mscorlib
Dictionary_2_Clear_m1938428402_gshared	System.Void System.Collections.Generic.Dictionary`2<System.Object,System.Object>::Clear()	mscorlib
Dictionary_2_ContainsKey_m3993293265_gshared	System.Boolean System.Collections.Generic.Dictionary`2<System.Object,System.Object>::ContainsKey(TKey)	mscorlib
Dictionary_2_ContainsValue_m4163124949_gshared	System.Boolean System.Collections.Generic.Dictionary`2<System.Object,System.Object>::ContainsValue(TValue)	mscorlib
Dictionary_2_OnDeserialization_m3666801821_gshared	System.Void System.Collections.Generic.Dictionary`2<System.Object,System.Object>::OnDeserialization(System.Object)	mscorlib
Dictionary_2_Remove_m1786738978_gshared	System.Boolean System.Collections.Generic.Dictionary`2<System.Object,System.Object>::Remove(TKey)	mscorlib
Dictionary_2_TryGetValue_m3280774074_gshared	System.Boolean System.Collections.Generic.Dictionary`2<System.Object,System.Object>::TryGetValue(TKey,TValue&)	mscorlib
Dictionary_2_ToTKey_m1865885486_gshared	TKey System.Collections.Generic.Dictionary`2<System.Object,System.Object>::ToTKey(System.Object)	mscorlib
Dictionary_2_ToTValue_m4148303222_gshared	TValue System.Collections.Generic.Dictionary`2<System.Object,System.Object>::ToTValue(System.Object)	mscorlib
Dictionary_2_ContainsKeyValuePair_m3793079331_gshared	System.Boolean System.Collections.Generic.Dictionary`2<System.Object,System.Object>::ContainsKeyValuePair(System.Collections.Generic.KeyValuePair`2<TKey,TValue>)	mscorlib
Dictionary_2_GetEnumerator_m3278257048_gshared	System.Collections.Generic.Dictionary`2/Enumerator<TKey,TValue> System.Collections.Generic.Dictionary`2<System.Object,System.Object>::GetEnumerator()	mscorlib
Dictionary_2_U3CCopyToU3Em__0_m2023886030_gshared	System.Collections.DictionaryEntry System.Collections.Generic.Dictionary`2<System.Object,System.Object>::<CopyTo>m__0(TKey,TValue)	mscorlib
ShimEnumerator_get_Entry_m979380979_gshared	System.Collections.DictionaryEntry System.Collections.Generic.Dictionary`2/ShimEnumerator<System.Object,System.Object>::get_Entry()	mscorlib
ShimEnumerator_get_Key_m4155849607_gshared	System.Object System.Collections.Generic.Dictionary`2/ShimEnumerator<System.Object,System.Object>::get_Key()	mscorlib
ShimEnumerator_get_Value_m1878724567_gshared	System.Object System.Collections.Generic.Dictionary`2/ShimEnumerator<System.Object,System.Object>::get_Value()	mscorlib
ShimEnumerator_get_Current_m2901126692_gshared	System.Object System.Collections.Generic.Dictionary`2/ShimEnumerator<System.Object,System.Object>::get_Current()	mscorlib
ShimEnumerator__ctor_m2143350687_gshared	System.Void System.Collections.Generic.Dictionary`2/ShimEnumerator<System.Object,System.Object>::.ctor(System.Collections.Generic.Dictionary`2<TKey,TValue>)	mscorlib
ShimEnumerator_MoveNext_m2406150314_gshared	System.Boolean System.Collections.Generic.Dictionary`2/ShimEnumerator<System.Object,System.Object>::MoveNext()	mscorlib
ShimEnumerator_Reset_m2622870284_gshared	System.Void System.Collections.Generic.Dictionary`2/ShimEnumerator<System.Object,System.Object>::Reset()	mscorlib
Enumerator_System_Collections_IEnumerator_get_Current_m921113401_AdjustorThunk	System.Object System.Collections.Generic.Dictionary`2/Enumerator<System.Object,System.Object>::System.Collections.IEnumerator.get_Current()	mscorlib
Enumerator_System_Collections_IDictionaryEnumerator_get_Entry_m3417028588_AdjustorThunk	System.Collections.DictionaryEntry System.Collections.Generic.Dictionary`2/Enumerator<System.Object,System.Object>::System.Collections.IDictionaryEnumerator.get_Entry()	mscorlib
Enumerator_System_Collections_IDictionaryEnumerator_get_Key_m2500634048_AdjustorThunk	System.Object System.Collections.Generic.Dictionary`2/Enumerator<System.Object,System.Object>::System.Collections.IDictionaryEnumerator.get_Key()	mscorlib
Enumerator_System_Collections_IDictionaryEnumerator_get_Value_m3510383352_AdjustorThunk	System.Object System.Collections.Generic.Dictionary`2/Enumerator<System.Object,System.Object>::System.Collections.IDictionaryEnumerator.get_Value()	mscorlib
Enumerator_get_Current_m2655181939_AdjustorThunk	System.Collections.Generic.KeyValuePair`2<TKey,TValue> System.Collections.Generic.Dictionary`2/Enumerator<System.Object,System.Object>::get_Current()	mscorlib
Enumerator_get_CurrentKey_m3735262888_AdjustorThunk	TKey System.Collections.Generic.Dictionary`2/Enumerator<System.Object,System.Object>::get_CurrentKey()	mscorlib
Enumerator_get_CurrentValue_m785745355_AdjustorThunk	TValue System.Collections.Generic.Dictionary`2/Enumerator<System.Object,System.Object>::get_CurrentValue()	mscorlib
Enumerator__ctor_m1946955878_AdjustorThunk	System.Void System.Collections.Generic.Dictionary`2/Enumerator<System.Object,System.Object>::.ctor(System.Collections.Generic.Dictionary`2<TKey,TValue>)	mscorlib
Enumerator_System_Collections_IEnumerator_Reset_m1970353910_AdjustorThunk	System.Void System.Collections.Generic.Dictionary`2/Enumerator<System.Object,System.Object>::System.Collections.IEnumerator.Reset()	mscorlib
Enumerator_MoveNext_m1107569389_AdjustorThunk	System.Boolean System.Collections.Generic.Dictionary`2/Enumerator<System.Object,System.Object>::MoveNext()	mscorlib
Enumerator_Reset_m1473454555_AdjustorThunk	System.Void System.Collections.Generic.Dictionary`2/Enumerator<System.Object,System.Object>::Reset()	mscorlib
Enumerator_VerifyState_m2651392036_AdjustorThunk	System.Void System.Collections.Generic.Dictionary`2/Enumerator<System.Object,System.Object>::VerifyState()	mscorlib
Enumerator_VerifyCurrent_m93918543_AdjustorThunk	System.Void System.Collections.Generic.Dictionary`2/Enumerator<System.Object,System.Object>::VerifyCurrent()	mscorlib
Enumerator_Dispose_m3885012575_AdjustorThunk	System.Void System.Collections.Generic.Dictionary`2/Enumerator<System.Object,System.Object>::Dispose()	mscorlib
ValueCollection_System_Collections_Generic_ICollectionU3CTValueU3E_get_IsReadOnly_m1988828109_gshared	System.Boolean System.Collections.Generic.Dictionary`2/ValueCollection<System.Object,System.Object>::System.Collections.Generic.ICollection<TValue>.get_IsReadOnly()	mscorlib
ValueCollection_System_Collections_ICollection_get_IsSynchronized_m336229891_gshared	System.Boolean System.Collections.Generic.Dictionary`2/ValueCollection<System.Object,System.Object>::System.Collections.ICollection.get_IsSynchronized()	mscorlib
ValueCollection_System_Collections_ICollection_get_SyncRoot_m1849311106_gshared	System.Object System.Collections.Generic.Dictionary`2/ValueCollection<System.Object,System.Object>::System.Collections.ICollection.get_SyncRoot()	mscorlib
ValueCollection_get_Count_m4232000973_gshared	System.Int32 System.Collections.Generic.Dictionary`2/ValueCollection<System.Object,System.Object>::get_Count()	mscorlib
ValueCollection__ctor_m2244993774_gshared	System.Void System.Collections.Generic.Dictionary`2/ValueCollection<System.Object,System.Object>::.ctor(System.Collections.Generic.Dictionary`2<TKey,TValue>)	mscorlib
ValueCollection_System_Collections_Generic_ICollectionU3CTValueU3E_Add_m1396030577_gshared	System.Void System.Collections.Generic.Dictionary`2/ValueCollection<System.Object,System.Object>::System.Collections.Generic.ICollection<TValue>.Add(TValue)	mscorlib
ValueCollection_System_Collections_Generic_ICollectionU3CTValueU3E_Clear_m626686600_gshared	System.Void System.Collections.Generic.Dictionary`2/ValueCollection<System.Object,System.Object>::System.Collections.Generic.ICollection<TValue>.Clear()	mscorlib
ValueCollection_System_Collections_Generic_ICollectionU3CTValueU3E_Contains_m875763171_gshared	System.Boolean System.Collections.Generic.Dictionary`2/ValueCollection<System.Object,System.Object>::System.Collections.Generic.ICollection<TValue>.Contains(TValue)	mscorlib
ValueCollection_System_Collections_Generic_ICollectionU3CTValueU3E_Remove_m659601308_gshared	System.Boolean System.Collections.Generic.Dictionary`2/ValueCollection<System.Object,System.Object>::System.Collections.Generic.ICollection<TValue>.Remove(TValue)	mscorlib
ValueCollection_System_Collections_Generic_IEnumerableU3CTValueU3E_GetEnumerator_m1577573334_gshared	System.Collections.Generic.IEnumerator`1<TValue> System.Collections.Generic.Dictionary`2/ValueCollection<System.Object,System.Object>::System.Collections.Generic.IEnumerable<TValue>.GetEnumerator()	mscorlib
ValueCollection_System_Collections_ICollection_CopyTo_m4118369663_gshared	System.Void System.Collections.Generic.Dictionary`2/ValueCollection<System.Object,System.Object>::System.Collections.ICollection.CopyTo(System.Array,System.Int32)	mscorlib
ValueCollection_System_Collections_IEnumerable_GetEnumerator_m4057714833_gshared	System.Collections.IEnumerator System.Collections.Generic.Dictionary`2/ValueCollection<System.Object,System.Object>::System.Collections.IEnumerable.GetEnumerator()	mscorlib
ValueCollection_CopyTo_m499275609_gshared	System.Void System.Collections.Generic.Dictionary`2/ValueCollection<System.Object,System.Object>::CopyTo(TValue[],System.Int32)	mscorlib
ValueCollection_GetEnumerator_m3046098970_gshared	System.Collections.Generic.Dictionary`2/ValueCollection/Enumerator<TKey,TValue> System.Collections.Generic.Dictionary`2/ValueCollection<System.Object,System.Object>::GetEnumerator()	mscorlib
Enumerator_System_Collections_IEnumerator_get_Current_m935000629_AdjustorThunk	System.Object System.Collections.Generic.Dictionary`2/ValueCollection/Enumerator<System.Object,System.Object>::System.Collections.IEnumerator.get_Current()	mscorlib
Enumerator_get_Current_m3764936176_AdjustorThunk	TValue System.Collections.Generic.Dictionary`2/ValueCollection/Enumerator<System.Object,System.Object>::get_Current()	mscorlib
Enumerator__ctor_m10850803_AdjustorThunk	System.Void System.Collections.Generic.Dictionary`2/ValueCollection/Enumerator<System.Object,System.Object>::.ctor(System.Collections.Generic.Dictionary`2<TKey,TValue>)	mscorlib
Enumerator_System_Collections_IEnumerator_Reset_m85524874_AdjustorThunk	System.Void System.Collections.Generic.Dictionary`2/ValueCollection/Enumerator<System.Object,System.Object>::System.Collections.IEnumerator.Reset()	mscorlib
Enumerator_Dispose_m1051275336_AdjustorThunk	System.Void System.Collections.Generic.Dictionary`2/ValueCollection/Enumerator<System.Object,System.Object>::Dispose()	mscorlib
Enumerator_MoveNext_m181298207_AdjustorThunk	System.Boolean System.Collections.Generic.Dictionary`2/ValueCollection/Enumerator<System.Object,System.Object>::MoveNext()	mscorlib
Transform_1__ctor_m2699925986_gshared	System.Void System.Collections.Generic.Dictionary`2/Transform`1<System.Object,System.Object,System.Object>::.ctor(System.Object,System.IntPtr)	mscorlib
Transform_1_Invoke_m2986796014_gshared	TRet System.Collections.Generic.Dictionary`2/Transform`1<System.Object,System.Object,System.Object>::Invoke(TKey,TValue)	mscorlib
Transform_1_BeginInvoke_m500585065_gshared	System.IAsyncResult System.Collections.Generic.Dictionary`2/Transform`1<System.Object,System.Object,System.Object>::BeginInvoke(TKey,TValue,System.AsyncCallback,System.Object)	mscorlib
Transform_1_EndInvoke_m522847676_gshared	TRet System.Collections.Generic.Dictionary`2/Transform`1<System.Object,System.Object,System.Object>::EndInvoke(System.IAsyncResult)	mscorlib
EqualityComparer_1_get_Default_m180770000_gshared	System.Collections.Generic.EqualityComparer`1<T> System.Collections.Generic.EqualityComparer`1<System.Object>::get_Default()	mscorlib
EqualityComparer_1__ctor_m3263481450_gshared	System.Void System.Collections.Generic.EqualityComparer`1<System.Object>::.ctor()	mscorlib
EqualityComparer_1__cctor_m1844017501_gshared	System.Void System.Collections.Generic.EqualityComparer`1<System.Object>::.cctor()	mscorlib
EqualityComparer_1_System_Collections_IEqualityComparer_GetHashCode_m1228373509_gshared	System.Int32 System.Collections.Generic.EqualityComparer`1<System.Object>::System.Collections.IEqualityComparer.GetHashCode(System.Object)	mscorlib
EqualityComparer_1_System_Collections_IEqualityComparer_Equals_m3876978661_gshared	System.Boolean System.Collections.Generic.EqualityComparer`1<System.Object>::System.Collections.IEqualityComparer.Equals(System.Object,System.Object)	mscorlib
NULL	System.Int32 System.Collections.Generic.EqualityComparer`1<System.Object>::GetHashCode(T)	mscorlib
NULL	System.Boolean System.Collections.Generic.EqualityComparer`1<System.Object>::Equals(T,T)	mscorlib
DefaultComparer__ctor_m41012692_gshared	System.Void System.Collections.Generic.EqualityComparer`1/DefaultComparer<System.Object>::.ctor()	mscorlib
DefaultComparer_GetHashCode_m3004837200_gshared	System.Int32 System.Collections.Generic.EqualityComparer`1/DefaultComparer<System.Object>::GetHashCode(T)	mscorlib
DefaultComparer_Equals_m205607506_gshared	System.Boolean System.Collections.Generic.EqualityComparer`1/DefaultComparer<System.Object>::Equals(T,T)	mscorlib
GenericEqualityComparer_1__ctor_m2378273057_gshared	System.Void System.Collections.Generic.GenericEqualityComparer`1<System.Object>::.ctor()	mscorlib
GenericEqualityComparer_1_GetHashCode_m2153204981_gshared	System.Int32 System.Collections.Generic.GenericEqualityComparer`1<System.Object>::GetHashCode(T)	mscorlib
GenericEqualityComparer_1_Equals_m3457564127_gshared	System.Boolean System.Collections.Generic.GenericEqualityComparer`1<System.Object>::Equals(T,T)	mscorlib
NULL	System.Int32 System.Collections.Generic.IComparer`1<System.Object>::Compare(T,T)	mscorlib
NULL	System.Boolean System.Collections.Generic.IEqualityComparer`1<System.Object>::Equals(T,T)	mscorlib
NULL	System.Int32 System.Collections.Generic.IEqualityComparer`1<System.Object>::GetHashCode(T)	mscorlib
KeyValuePair_2_get_Key_m4184817181_AdjustorThunk	TKey System.Collections.Generic.KeyValuePair`2<System.Object,System.Object>::get_Key()	mscorlib
KeyValuePair_2_set_Key_m3170517671_AdjustorThunk	System.Void System.Collections.Generic.KeyValuePair`2<System.Object,System.Object>::set_Key(TKey)	mscorlib
KeyValuePair_2_get_Value_m3464904234_AdjustorThunk	TValue System.Collections.Generic.KeyValuePair`2<System.Object,System.Object>::get_Value()	mscorlib
KeyValuePair_2_set_Value_m1153752644_AdjustorThunk	System.Void System.Collections.Generic.KeyValuePair`2<System.Object,System.Object>::set_Value(TValue)	mscorlib
KeyValuePair_2__ctor_m1794021352_AdjustorThunk	System.Void System.Collections.Generic.KeyValuePair`2<System.Object,System.Object>::.ctor(TKey,TValue)	mscorlib
KeyValuePair_2_ToString_m510648957_AdjustorThunk	System.String System.Collections.Generic.KeyValuePair`2<System.Object,System.Object>::ToString()	mscorlib
List_1_System_Collections_Generic_ICollectionU3CTU3E_get_IsReadOnly_m1546709394_gshared	System.Boolean System.Collections.Generic.List`1<System.Object>::System.Collections.Generic.ICollection<T>.get_IsReadOnly()	mscorlib
List_1_System_Collections_ICollection_get_IsSynchronized_m3566245003_gshared	System.Boolean System.Collections.Generic.List`1<System.Object>::System.Collections.ICollection.get_IsSynchronized()	mscorlib
List_1_System_Collections_ICollection_get_SyncRoot_m1275929080_gshared	System.Object System.Collections.Generic.List`1<System.Object>::System.Collections.ICollection.get_SyncRoot()	mscorlib
List_1_System_Collections_IList_get_IsFixedSize_m3566150119_gshared	System.Boolean System.Collections.Generic.List`1<System.Object>::System.Collections.IList.get_IsFixedSize()	mscorlib
List_1_System_Collections_IList_get_IsReadOnly_m3531293387_gshared	System.Boolean System.Collections.Generic.List`1<System.Object>::System.Collections.IList.get_IsReadOnly()	mscorlib
List_1_System_Collections_IList_get_Item_m995551621_gshared	System.Object System.Collections.Generic.List`1<System.Object>::System.Collections.IList.get_Item(System.Int32)	mscorlib
List_1_System_Collections_IList_set_Item_m1215403826_gshared	System.Void System.Collections.Generic.List`1<System.Object>::System.Collections.IList.set_Item(System.Int32,System.Object)	mscorlib
List_1_get_Capacity_m318281511_gshared	System.Int32 System.Collections.Generic.List`1<System.Object>::get_Capacity()	mscorlib
List_1_set_Capacity_m2372349928_gshared	System.Void System.Collections.Generic.List`1<System.Object>::set_Capacity(System.Int32)	mscorlib
List_1_get_Count_m2934127733_gshared	System.Int32 System.Collections.Generic.List`1<System.Object>::get_Count()	mscorlib
List_1_get_Item_m2287542950_gshared	T System.Collections.Generic.List`1<System.Object>::get_Item(System.Int32)	mscorlib
List_1_set_Item_m1979164443_gshared	System.Void System.Collections.Generic.List`1<System.Object>::set_Item(System.Int32,T)	mscorlib
List_1__ctor_m2321703786_gshared	System.Void System.Collections.Generic.List`1<System.Object>::.ctor()	mscorlib
List_1__ctor_m3947764094_gshared	System.Void System.Collections.Generic.List`1<System.Object>::.ctor(System.Int32)	mscorlib
List_1__cctor_m2410339891_gshared	System.Void System.Collections.Generic.List`1<System.Object>::.cctor()	mscorlib
List_1_System_Collections_Generic_IEnumerableU3CTU3E_GetEnumerator_m3407405008_gshared	System.Collections.Generic.IEnumerator`1<T> System.Collections.Generic.List`1<System.Object>::System.Collections.Generic.IEnumerable<T>.GetEnumerator()	mscorlib
List_1_System_Collections_ICollection_CopyTo_m3994354188_gshared	System.Void System.Collections.Generic.List`1<System.Object>::System.Collections.ICollection.CopyTo(System.Array,System.Int32)	mscorlib
List_1_System_Collections_IEnumerable_GetEnumerator_m1316001500_gshared	System.Collections.IEnumerator System.Collections.Generic.List`1<System.Object>::System.Collections.IEnumerable.GetEnumerator()	mscorlib
List_1_System_Collections_IList_Add_m1681258361_gshared	System.Int32 System.Collections.Generic.List`1<System.Object>::System.Collections.IList.Add(System.Object)	mscorlib
List_1_System_Collections_IList_Contains_m1940753_gshared	System.Boolean System.Collections.Generic.List`1<System.Object>::System.Collections.IList.Contains(System.Object)	mscorlib
List_1_System_Collections_IList_IndexOf_m581320577_gshared	System.Int32 System.Collections.Generic.List`1<System.Object>::System.Collections.IList.IndexOf(System.Object)	mscorlib
List_1_System_Collections_IList_Insert_m4074493513_gshared	System.Void System.Collections.Generic.List`1<System.Object>::System.Collections.IList.Insert(System.Int32,System.Object)	mscorlib
List_1_System_Collections_IList_Remove_m3140917266_gshared	System.Void System.Collections.Generic.List`1<System.Object>::System.Collections.IList.Remove(System.Object)	mscorlib
List_1_Add_m3338814081_gshared	System.Void System.Collections.Generic.List`1<System.Object>::Add(T)	mscorlib
List_1_GrowIfNeeded_m2809844946_gshared	System.Void System.Collections.Generic.List`1<System.Object>::GrowIfNeeded(System.Int32)	mscorlib
List_1_AddCollection_m2026039026_gshared	System.Void System.Collections.Generic.List`1<System.Object>::AddCollection(System.Collections.Generic.ICollection`1<T>)	mscorlib
List_1_AddEnumerable_m3391653386_gshared	System.Void System.Collections.Generic.List`1<System.Object>::AddEnumerable(System.Collections.Generic.IEnumerable`1<T>)	mscorlib
List_1_AddRange_m3709462088_gshared	System.Void System.Collections.Generic.List`1<System.Object>::AddRange(System.Collections.Generic.IEnumerable`1<T>)	mscorlib
List_1_AsReadOnly_m3019916232_gshared	System.Collections.ObjectModel.ReadOnlyCollection`1<T> System.Collections.Generic.List`1<System.Object>::AsReadOnly()	mscorlib
List_1_Clear_m3697625829_gshared	System.Void System.Collections.Generic.List`1<System.Object>::Clear()	mscorlib
List_1_Contains_m2654125393_gshared	System.Boolean System.Collections.Generic.List`1<System.Object>::Contains(T)	mscorlib
List_1_CopyTo_m1760614370_gshared	System.Void System.Collections.Generic.List`1<System.Object>::CopyTo(T[],System.Int32)	mscorlib
List_1_Find_m2048854920_gshared	T System.Collections.Generic.List`1<System.Object>::Find(System.Predicate`1<T>)	mscorlib
List_1_CheckMatch_m2025108246_gshared	System.Void System.Collections.Generic.List`1<System.Object>::CheckMatch(System.Predicate`1<T>)	mscorlib
List_1_GetIndex_m2832472557_gshared	System.Int32 System.Collections.Generic.List`1<System.Object>::GetIndex(System.Int32,System.Int32,System.Predicate`1<T>)	mscorlib
List_1_GetEnumerator_m2930774921_gshared	System.Collections.Generic.List`1/Enumerator<T> System.Collections.Generic.List`1<System.Object>::GetEnumerator()	mscorlib
List_1_IndexOf_m2662756272_gshared	System.Int32 System.Collections.Generic.List`1<System.Object>::IndexOf(T)	mscorlib
List_1_Shift_m258688363_gshared	System.Void System.Collections.Generic.List`1<System.Object>::Shift(System.Int32,System.Int32)	mscorlib
List_1_CheckIndex_m46333114_gshared	System.Void System.Collections.Generic.List`1<System.Object>::CheckIndex(System.Int32)	mscorlib
List_1_Insert_m3748206754_gshared	System.Void System.Collections.Generic.List`1<System.Object>::Insert(System.Int32,T)	mscorlib
List_1_CheckCollection_m3132853353_gshared	System.Void System.Collections.Generic.List`1<System.Object>::CheckCollection(System.Collections.Generic.IEnumerable`1<T>)	mscorlib
List_1_Remove_m1416767016_gshared	System.Boolean System.Collections.Generic.List`1<System.Object>::Remove(T)	mscorlib
List_1_RemoveAll_m4292035398_gshared	System.Int32 System.Collections.Generic.List`1<System.Object>::RemoveAll(System.Predicate`1<T>)	mscorlib
List_1_RemoveAt_m2730968292_gshared	System.Void System.Collections.Generic.List`1<System.Object>::RemoveAt(System.Int32)	mscorlib
List_1_Reverse_m3108420294_gshared	System.Void System.Collections.Generic.List`1<System.Object>::Reverse()	mscorlib
List_1_Sort_m1127696474_gshared	System.Void System.Collections.Generic.List`1<System.Object>::Sort()	mscorlib
List_1_Sort_m2076177611_gshared	System.Void System.Collections.Generic.List`1<System.Object>::Sort(System.Comparison`1<T>)	mscorlib
List_1_ToArray_m4168020446_gshared	T[] System.Collections.Generic.List`1<System.Object>::ToArray()	mscorlib
List_1_TrimExcess_m3664647340_gshared	System.Void System.Collections.Generic.List`1<System.Object>::TrimExcess()	mscorlib
Enumerator_System_Collections_IEnumerator_get_Current_m3681948262_AdjustorThunk	System.Object System.Collections.Generic.List`1/Enumerator<System.Object>::System.Collections.IEnumerator.get_Current()	mscorlib
Enumerator_get_Current_m470245444_AdjustorThunk	T System.Collections.Generic.List`1/Enumerator<System.Object>::get_Current()	mscorlib
Enumerator__ctor_m3170385166_AdjustorThunk	System.Void System.Collections.Generic.List`1/Enumerator<System.Object>::.ctor(System.Collections.Generic.List`1<T>)	mscorlib
Enumerator_System_Collections_IEnumerator_Reset_m959124362_AdjustorThunk	System.Void System.Collections.Generic.List`1/Enumerator<System.Object>::System.Collections.IEnumerator.Reset()	mscorlib
Enumerator_Dispose_m3007748546_AdjustorThunk	System.Void System.Collections.Generic.List`1/Enumerator<System.Object>::Dispose()	mscorlib
Enumerator_VerifyState_m2933667029_AdjustorThunk	System.Void System.Collections.Generic.List`1/Enumerator<System.Object>::VerifyState()	mscorlib
Enumerator_MoveNext_m2142368520_AdjustorThunk	System.Boolean System.Collections.Generic.List`1/Enumerator<System.Object>::MoveNext()	mscorlib
Collection_1_System_Collections_Generic_ICollectionU3CTU3E_get_IsReadOnly_m3382994786_gshared	System.Boolean System.Collections.ObjectModel.Collection`1<System.Object>::System.Collections.Generic.ICollection<T>.get_IsReadOnly()	mscorlib
Collection_1_System_Collections_ICollection_get_IsSynchronized_m2436146227_gshared	System.Boolean System.Collections.ObjectModel.Collection`1<System.Object>::System.Collections.ICollection.get_IsSynchronized()	mscorlib
Collection_1_System_Collections_ICollection_get_SyncRoot_m4197918277_gshared	System.Object System.Collections.ObjectModel.Collection`1<System.Object>::System.Collections.ICollection.get_SyncRoot()	mscorlib
Collection_1_System_Collections_IList_get_IsFixedSize_m4038894826_gshared	System.Boolean System.Collections.ObjectModel.Collection`1<System.Object>::System.Collections.IList.get_IsFixedSize()	mscorlib
Collection_1_System_Collections_IList_get_IsReadOnly_m744652527_gshared	System.Boolean System.Collections.ObjectModel.Collection`1<System.Object>::System.Collections.IList.get_IsReadOnly()	mscorlib
Collection_1_System_Collections_IList_get_Item_m432419097_gshared	System.Object System.Collections.ObjectModel.Collection`1<System.Object>::System.Collections.IList.get_Item(System.Int32)	mscorlib
Collection_1_System_Collections_IList_set_Item_m510036531_gshared	System.Void System.Collections.ObjectModel.Collection`1<System.Object>::System.Collections.IList.set_Item(System.Int32,System.Object)	mscorlib
Collection_1_get_Count_m2853642267_gshared	System.Int32 System.Collections.ObjectModel.Collection`1<System.Object>::get_Count()	mscorlib
Collection_1_get_Item_m4103760396_gshared	T System.Collections.ObjectModel.Collection`1<System.Object>::get_Item(System.Int32)	mscorlib
Collection_1_set_Item_m2229506155_gshared	System.Void System.Collections.ObjectModel.Collection`1<System.Object>::set_Item(System.Int32,T)	mscorlib
Collection_1__ctor_m627519480_gshared	System.Void System.Collections.ObjectModel.Collection`1<System.Object>::.ctor()	mscorlib
Collection_1_System_Collections_ICollection_CopyTo_m46221116_gshared	System.Void System.Collections.ObjectModel.Collection`1<System.Object>::System.Collections.ICollection.CopyTo(System.Array,System.Int32)	mscorlib
Collection_1_System_Collections_IEnumerable_GetEnumerator_m219616015_gshared	System.Collections.IEnumerator System.Collections.ObjectModel.Collection`1<System.Object>::System.Collections.IEnumerable.GetEnumerator()	mscorlib
Collection_1_System_Collections_IList_Add_m2739652888_gshared	System.Int32 System.Collections.ObjectModel.Collection`1<System.Object>::System.Collections.IList.Add(System.Object)	mscorlib
Collection_1_System_Collections_IList_Contains_m2030779275_gshared	System.Boolean System.Collections.ObjectModel.Collection`1<System.Object>::System.Collections.IList.Contains(System.Object)	mscorlib
Collection_1_System_Collections_IList_IndexOf_m1327058868_gshared	System.Int32 System.Collections.ObjectModel.Collection`1<System.Object>::System.Collections.IList.IndexOf(System.Object)	mscorlib
Collection_1_System_Collections_IList_Insert_m1510039065_gshared	System.Void System.Collections.ObjectModel.Collection`1<System.Object>::System.Collections.IList.Insert(System.Int32,System.Object)	mscorlib
Collection_1_System_Collections_IList_Remove_m3686118478_gshared	System.Void System.Collections.ObjectModel.Collection`1<System.Object>::System.Collections.IList.Remove(System.Object)	mscorlib
Collection_1_Add_m381519377_gshared	System.Void System.Collections.ObjectModel.Collection`1<System.Object>::Add(T)	mscorlib
Collection_1_Clear_m1300437781_gshared	System.Void System.Collections.ObjectModel.Collection`1<System.Object>::Clear()	mscorlib
Collection_1_ClearItems_m1096166028_gshared	System.Void System.Collections.ObjectModel.Collection`1<System.Object>::ClearItems()	mscorlib
Collection_1_Contains_m1573275621_gshared	System.Boolean System.Collections.ObjectModel.Collection`1<System.Object>::Contains(T)	mscorlib
Collection_1_CopyTo_m3805949289_gshared	System.Void System.Collections.ObjectModel.Collection`1<System.Object>::CopyTo(T[],System.Int32)	mscorlib
Collection_1_GetEnumerator_m2781054157_gshared	System.Collections.Generic.IEnumerator`1<T> System.Collections.ObjectModel.Collection`1<System.Object>::GetEnumerator()	mscorlib
Collection_1_IndexOf_m2532283559_gshared	System.Int32 System.Collections.ObjectModel.Collection`1<System.Object>::IndexOf(T)	mscorlib
Collection_1_Insert_m1409455950_gshared	System.Void System.Collections.ObjectModel.Collection`1<System.Object>::Insert(System.Int32,T)	mscorlib
Collection_1_InsertItem_m1638143248_gshared	System.Void System.Collections.ObjectModel.Collection`1<System.Object>::InsertItem(System.Int32,T)	mscorlib
Collection_1_Remove_m2519072506_gshared	System.Boolean System.Collections.ObjectModel.Collection`1<System.Object>::Remove(T)	mscorlib
Collection_1_RemoveAt_m4173013674_gshared	System.Void System.Collections.ObjectModel.Collection`1<System.Object>::RemoveAt(System.Int32)	mscorlib
Collection_1_RemoveItem_m4079307753_gshared	System.Void System.Collections.ObjectModel.Collection`1<System.Object>::RemoveItem(System.Int32)	mscorlib
Collection_1_SetItem_m1093999320_gshared	System.Void System.Collections.ObjectModel.Collection`1<System.Object>::SetItem(System.Int32,T)	mscorlib
Collection_1_IsValidItem_m2967404270_gshared	System.Boolean System.Collections.ObjectModel.Collection`1<System.Object>::IsValidItem(System.Object)	mscorlib
Collection_1_ConvertItem_m1743542180_gshared	T System.Collections.ObjectModel.Collection`1<System.Object>::ConvertItem(System.Object)	mscorlib
Collection_1_CheckWritable_m1688928016_gshared	System.Void System.Collections.ObjectModel.Collection`1<System.Object>::CheckWritable(System.Collections.Generic.IList`1<T>)	mscorlib
Collection_1_IsSynchronized_m4038249104_gshared	System.Boolean System.Collections.ObjectModel.Collection`1<System.Object>::IsSynchronized(System.Collections.Generic.IList`1<T>)	mscorlib
Collection_1_IsFixedSize_m2513451617_gshared	System.Boolean System.Collections.ObjectModel.Collection`1<System.Object>::IsFixedSize(System.Collections.Generic.IList`1<T>)	mscorlib
ReadOnlyCollection_1_System_Collections_Generic_IListU3CTU3E_get_Item_m901419595_gshared	T System.Collections.ObjectModel.ReadOnlyCollection`1<System.Object>::System.Collections.Generic.IList<T>.get_Item(System.Int32)	mscorlib
ReadOnlyCollection_1_System_Collections_Generic_IListU3CTU3E_set_Item_m1300028287_gshared	System.Void System.Collections.ObjectModel.ReadOnlyCollection`1<System.Object>::System.Collections.Generic.IList<T>.set_Item(System.Int32,T)	mscorlib
ReadOnlyCollection_1_System_Collections_Generic_ICollectionU3CTU3E_get_IsReadOnly_m3152485890_gshared	System.Boolean System.Collections.ObjectModel.ReadOnlyCollection`1<System.Object>::System.Collections.Generic.ICollection<T>.get_IsReadOnly()	mscorlib
ReadOnlyCollection_1_System_Collections_ICollection_get_IsSynchronized_m836394874_gshared	System.Boolean System.Collections.ObjectModel.ReadOnlyCollection`1<System.Object>::System.Collections.ICollection.get_IsSynchronized()	mscorlib
ReadOnlyCollection_1_System_Collections_ICollection_get_SyncRoot_m2522539235_gshared	System.Object System.Collections.ObjectModel.ReadOnlyCollection`1<System.Object>::System.Collections.ICollection.get_SyncRoot()	mscorlib
ReadOnlyCollection_1_System_Collections_IList_get_IsFixedSize_m2624636417_gshared	System.Boolean System.Collections.ObjectModel.ReadOnlyCollection`1<System.Object>::System.Collections.IList.get_IsFixedSize()	mscorlib
ReadOnlyCollection_1_System_Collections_IList_get_IsReadOnly_m1248651675_gshared	System.Boolean System.Collections.ObjectModel.ReadOnlyCollection`1<System.Object>::System.Collections.IList.get_IsReadOnly()	mscorlib
ReadOnlyCollection_1_System_Collections_IList_get_Item_m1900827001_gshared	System.Object System.Collections.ObjectModel.ReadOnlyCollection`1<System.Object>::System.Collections.IList.get_Item(System.Int32)	mscorlib
ReadOnlyCollection_1_System_Collections_IList_set_Item_m3468968652_gshared	System.Void System.Collections.ObjectModel.ReadOnlyCollection`1<System.Object>::System.Collections.IList.set_Item(System.Int32,System.Object)	mscorlib
ReadOnlyCollection_1_get_Count_m3533048922_gshared	System.Int32 System.Collections.ObjectModel.ReadOnlyCollection`1<System.Object>::get_Count()	mscorlib
ReadOnlyCollection_1_get_Item_m1938581258_gshared	T System.Collections.ObjectModel.ReadOnlyCollection`1<System.Object>::get_Item(System.Int32)	mscorlib
ReadOnlyCollection_1__ctor_m2122524688_gshared	System.Void System.Collections.ObjectModel.ReadOnlyCollection`1<System.Object>::.ctor(System.Collections.Generic.IList`1<T>)	mscorlib
ReadOnlyCollection_1_System_Collections_Generic_ICollectionU3CTU3E_Add_m3521523143_gshared	System.Void System.Collections.ObjectModel.ReadOnlyCollection`1<System.Object>::System.Collections.Generic.ICollection<T>.Add(T)	mscorlib
ReadOnlyCollection_1_System_Collections_Generic_ICollectionU3CTU3E_Clear_m3057662987_gshared	System.Void System.Collections.ObjectModel.ReadOnlyCollection`1<System.Object>::System.Collections.Generic.ICollection<T>.Clear()	mscorlib
ReadOnlyCollection_1_System_Collections_Generic_IListU3CTU3E_Insert_m1216842453_gshared	System.Void System.Collections.ObjectModel.ReadOnlyCollection`1<System.Object>::System.Collections.Generic.IList<T>.Insert(System.Int32,T)	mscorlib
ReadOnlyCollection_1_System_Collections_Generic_ICollectionU3CTU3E_Remove_m4193727143_gshared	System.Boolean System.Collections.ObjectModel.ReadOnlyCollection`1<System.Object>::System.Collections.Generic.ICollection<T>.Remove(T)	mscorlib
ReadOnlyCollection_1_System_Collections_Generic_IListU3CTU3E_RemoveAt_m2594256520_gshared	System.Void System.Collections.ObjectModel.ReadOnlyCollection`1<System.Object>::System.Collections.Generic.IList<T>.RemoveAt(System.Int32)	mscorlib
ReadOnlyCollection_1_System_Collections_ICollection_CopyTo_m1627200331_gshared	System.Void System.Collections.ObjectModel.ReadOnlyCollection`1<System.Object>::System.Collections.ICollection.CopyTo(System.Array,System.Int32)	mscorlib
ReadOnlyCollection_1_System_Collections_IEnumerable_GetEnumerator_m3243251448_gshared	System.Collections.IEnumerator System.Collections.ObjectModel.ReadOnlyCollection`1<System.Object>::System.Collections.IEnumerable.GetEnumerator()	mscorlib
ReadOnlyCollection_1_System_Collections_IList_Add_m1600429137_gshared	System.Int32 System.Collections.ObjectModel.ReadOnlyCollection`1<System.Object>::System.Collections.IList.Add(System.Object)	mscorlib
ReadOnlyCollection_1_System_Collections_IList_Clear_m2903987613_gshared	System.Void System.Collections.ObjectModel.ReadOnlyCollection`1<System.Object>::System.Collections.IList.Clear()	mscorlib
ReadOnlyCollection_1_System_Collections_IList_Contains_m1327645028_gshared	System.Boolean System.Collections.ObjectModel.ReadOnlyCollection`1<System.Object>::System.Collections.IList.Contains(System.Object)	mscorlib
ReadOnlyCollection_1_System_Collections_IList_IndexOf_m198887188_gshared	System.Int32 System.Collections.ObjectModel.ReadOnlyCollection`1<System.Object>::System.Collections.IList.IndexOf(System.Object)	mscorlib
ReadOnlyCollection_1_System_Collections_IList_Insert_m2454144384_gshared	System.Void System.Collections.ObjectModel.ReadOnlyCollection`1<System.Object>::System.Collections.IList.Insert(System.Int32,System.Object)	mscorlib
ReadOnlyCollection_1_System_Collections_IList_Remove_m1965826685_gshared	System.Void System.Collections.ObjectModel.ReadOnlyCollection`1<System.Object>::System.Collections.IList.Remove(System.Object)	mscorlib
ReadOnlyCollection_1_System_Collections_IList_RemoveAt_m1980090087_gshared	System.Void System.Collections.ObjectModel.ReadOnlyCollection`1<System.Object>::System.Collections.IList.RemoveAt(System.Int32)	mscorlib
ReadOnlyCollection_1_Contains_m2979956790_gshared	System.Boolean System.Collections.ObjectModel.ReadOnlyCollection`1<System.Object>::Contains(T)	mscorlib
ReadOnlyCollection_1_CopyTo_m1885337237_gshared	System.Void System.Collections.ObjectModel.ReadOnlyCollection`1<System.Object>::CopyTo(T[],System.Int32)	mscorlib
ReadOnlyCollection_1_GetEnumerator_m2599182567_gshared	System.Collections.Generic.IEnumerator`1<T> System.Collections.ObjectModel.ReadOnlyCollection`1<System.Object>::GetEnumerator()	mscorlib
ReadOnlyCollection_1_IndexOf_m427809401_gshared	System.Int32 System.Collections.ObjectModel.ReadOnlyCollection`1<System.Object>::IndexOf(T)	mscorlib
CustomAttributeData_UnboxValues_TisRuntimeObject_m160061819_gshared	T[] System.Reflection.CustomAttributeData::UnboxValues<System.Object>(System.Object[])	mscorlib
MonoProperty_GetterAdapterFrame_TisRuntimeObject_TisRuntimeObject_m458718082_gshared	System.Object System.Reflection.MonoProperty::GetterAdapterFrame<System.Object,System.Object>(System.Reflection.MonoProperty/Getter`2<T,R>,System.Object)	mscorlib
MonoProperty_StaticGetterAdapterFrame_TisRuntimeObject_m4131530968_gshared	System.Object System.Reflection.MonoProperty::StaticGetterAdapterFrame<System.Object>(System.Reflection.MonoProperty/StaticGetter`1<R>,System.Object)	mscorlib
Getter_2__ctor_m122643074_gshared	System.Void System.Reflection.MonoProperty/Getter`2<System.Object,System.Object>::.ctor(System.Object,System.IntPtr)	mscorlib
Getter_2_Invoke_m3667195478_gshared	R System.Reflection.MonoProperty/Getter`2<System.Object,System.Object>::Invoke(T)	mscorlib
Getter_2_BeginInvoke_m3421506930_gshared	System.IAsyncResult System.Reflection.MonoProperty/Getter`2<System.Object,System.Object>::BeginInvoke(T,System.AsyncCallback,System.Object)	mscorlib
Getter_2_EndInvoke_m491985352_gshared	R System.Reflection.MonoProperty/Getter`2<System.Object,System.Object>::EndInvoke(System.IAsyncResult)	mscorlib
StaticGetter_1__ctor_m3696559939_gshared	System.Void System.Reflection.MonoProperty/StaticGetter`1<System.Object>::.ctor(System.Object,System.IntPtr)	mscorlib
StaticGetter_1_Invoke_m3640162116_gshared	R System.Reflection.MonoProperty/StaticGetter`1<System.Object>::Invoke()	mscorlib
StaticGetter_1_BeginInvoke_m2666084926_gshared	System.IAsyncResult System.Reflection.MonoProperty/StaticGetter`1<System.Object>::BeginInvoke(System.AsyncCallback,System.Object)	mscorlib
StaticGetter_1_EndInvoke_m3076990878_gshared	R System.Reflection.MonoProperty/StaticGetter`1<System.Object>::EndInvoke(System.IAsyncResult)	mscorlib
NULL	T System.Threading.Interlocked::CompareExchange<System.Object>(T&,T,T)	mscorlib
Activator_CreateInstance_TisRuntimeObject_m729575857_gshared	T System.Activator::CreateInstance<System.Object>()	mscorlib
Action_1__ctor_m118522912_gshared	System.Void System.Action`1<System.Object>::.ctor(System.Object,System.IntPtr)	mscorlib
Action_1_Invoke_m2461023210_gshared	System.Void System.Action`1<System.Object>::Invoke(T)	mscorlib
Action_1_BeginInvoke_m2344209729_gshared	System.IAsyncResult System.Action`1<System.Object>::BeginInvoke(T,System.AsyncCallback,System.Object)	mscorlib
Action_1_EndInvoke_m2989437122_gshared	System.Void System.Action`1<System.Object>::EndInvoke(System.IAsyncResult)	mscorlib
Comparison_1__ctor_m793514796_gshared	System.Void System.Comparison`1<System.Object>::.ctor(System.Object,System.IntPtr)	mscorlib
Comparison_1_Invoke_m3571748132_gshared	System.Int32 System.Comparison`1<System.Object>::Invoke(T,T)	mscorlib
Comparison_1_BeginInvoke_m4001121028_gshared	System.IAsyncResult System.Comparison`1<System.Object>::BeginInvoke(T,T,System.AsyncCallback,System.Object)	mscorlib
Comparison_1_EndInvoke_m4272774412_gshared	System.Int32 System.Comparison`1<System.Object>::EndInvoke(System.IAsyncResult)	mscorlib
Converter_2__ctor_m856212702_gshared	System.Void System.Converter`2<System.Object,System.Object>::.ctor(System.Object,System.IntPtr)	mscorlib
Converter_2_Invoke_m2710846192_gshared	TOutput System.Converter`2<System.Object,System.Object>::Invoke(TInput)	mscorlib
Converter_2_BeginInvoke_m1968129036_gshared	System.IAsyncResult System.Converter`2<System.Object,System.Object>::BeginInvoke(TInput,System.AsyncCallback,System.Object)	mscorlib
Converter_2_EndInvoke_m155242283_gshared	TOutput System.Converter`2<System.Object,System.Object>::EndInvoke(System.IAsyncResult)	mscorlib
Predicate_1__ctor_m327447107_gshared	System.Void System.Predicate`1<System.Object>::.ctor(System.Object,System.IntPtr)	mscorlib
Predicate_1_Invoke_m3369767990_gshared	System.Boolean System.Predicate`1<System.Object>::Invoke(T)	mscorlib
Predicate_1_BeginInvoke_m213497518_gshared	System.IAsyncResult System.Predicate`1<System.Object>::BeginInvoke(T,System.AsyncCallback,System.Object)	mscorlib
Predicate_1_EndInvoke_m1490920825_gshared	System.Boolean System.Predicate`1<System.Object>::EndInvoke(System.IAsyncResult)	mscorlib
Queue_1_System_Collections_ICollection_get_IsSynchronized_m2530969511_gshared	System.Boolean System.Collections.Generic.Queue`1<System.Object>::System.Collections.ICollection.get_IsSynchronized()	System
Queue_1_System_Collections_ICollection_get_SyncRoot_m3056525871_gshared	System.Object System.Collections.Generic.Queue`1<System.Object>::System.Collections.ICollection.get_SyncRoot()	System
Queue_1_get_Count_m2496300460_gshared	System.Int32 System.Collections.Generic.Queue`1<System.Object>::get_Count()	System
Queue_1__ctor_m3749217910_gshared	System.Void System.Collections.Generic.Queue`1<System.Object>::.ctor()	System
Queue_1__ctor_m2068090025_gshared	System.Void System.Collections.Generic.Queue`1<System.Object>::.ctor(System.Int32)	System
Queue_1_System_Collections_ICollection_CopyTo_m917596678_gshared	System.Void System.Collections.Generic.Queue`1<System.Object>::System.Collections.ICollection.CopyTo(System.Array,System.Int32)	System
Queue_1_System_Collections_Generic_IEnumerableU3CTU3E_GetEnumerator_m3648012175_gshared	System.Collections.Generic.IEnumerator`1<T> System.Collections.Generic.Queue`1<System.Object>::System.Collections.Generic.IEnumerable<T>.GetEnumerator()	System
Queue_1_System_Collections_IEnumerable_GetEnumerator_m66170101_gshared	System.Collections.IEnumerator System.Collections.Generic.Queue`1<System.Object>::System.Collections.IEnumerable.GetEnumerator()	System
Queue_1_Dequeue_m2346748943_gshared	T System.Collections.Generic.Queue`1<System.Object>::Dequeue()	System
Queue_1_Peek_m2302800625_gshared	T System.Collections.Generic.Queue`1<System.Object>::Peek()	System
Queue_1_GetEnumerator_m3453105872_gshared	System.Collections.Generic.Queue`1/Enumerator<T> System.Collections.Generic.Queue`1<System.Object>::GetEnumerator()	System
Enumerator_System_Collections_IEnumerator_get_Current_m1399273671_AdjustorThunk	System.Object System.Collections.Generic.Queue`1/Enumerator<System.Object>::System.Collections.IEnumerator.get_Current()	System
Enumerator_get_Current_m3656702832_AdjustorThunk	T System.Collections.Generic.Queue`1/Enumerator<System.Object>::get_Current()	System
Enumerator__ctor_m1880089175_AdjustorThunk	System.Void System.Collections.Generic.Queue`1/Enumerator<System.Object>::.ctor(System.Collections.Generic.Queue`1<T>)	System
Enumerator_System_Collections_IEnumerator_Reset_m1487823313_AdjustorThunk	System.Void System.Collections.Generic.Queue`1/Enumerator<System.Object>::System.Collections.IEnumerator.Reset()	System
Enumerator_Dispose_m2419537076_AdjustorThunk	System.Void System.Collections.Generic.Queue`1/Enumerator<System.Object>::Dispose()	System
Enumerator_MoveNext_m3662315381_AdjustorThunk	System.Boolean System.Collections.Generic.Queue`1/Enumerator<System.Object>::MoveNext()	System
Stack_1_System_Collections_ICollection_get_IsSynchronized_m1774468018_gshared	System.Boolean System.Collections.Generic.Stack`1<System.Object>::System.Collections.ICollection.get_IsSynchronized()	System
Stack_1_System_Collections_ICollection_get_SyncRoot_m1016294875_gshared	System.Object System.Collections.Generic.Stack`1<System.Object>::System.Collections.ICollection.get_SyncRoot()	System
Stack_1_get_Count_m1599740434_gshared	System.Int32 System.Collections.Generic.Stack`1<System.Object>::get_Count()	System
Stack_1__ctor_m3164958980_gshared	System.Void System.Collections.Generic.Stack`1<System.Object>::.ctor()	System
Stack_1_System_Collections_ICollection_CopyTo_m1056090330_gshared	System.Void System.Collections.Generic.Stack`1<System.Object>::System.Collections.ICollection.CopyTo(System.Array,System.Int32)	System
Stack_1_System_Collections_Generic_IEnumerableU3CTU3E_GetEnumerator_m1512721589_gshared	System.Collections.Generic.IEnumerator`1<T> System.Collections.Generic.Stack`1<System.Object>::System.Collections.Generic.IEnumerable<T>.GetEnumerator()	System
Stack_1_System_Collections_IEnumerable_GetEnumerator_m1118546120_gshared	System.Collections.IEnumerator System.Collections.Generic.Stack`1<System.Object>::System.Collections.IEnumerable.GetEnumerator()	System
Stack_1_Peek_m1714688658_gshared	T System.Collections.Generic.Stack`1<System.Object>::Peek()	System
Stack_1_Pop_m756553478_gshared	T System.Collections.Generic.Stack`1<System.Object>::Pop()	System
Stack_1_Push_m1669856732_gshared	System.Void System.Collections.Generic.Stack`1<System.Object>::Push(T)	System
Stack_1_GetEnumerator_m2255833865_gshared	System.Collections.Generic.Stack`1/Enumerator<T> System.Collections.Generic.Stack`1<System.Object>::GetEnumerator()	System
Enumerator_System_Collections_IEnumerator_get_Current_m3895111131_AdjustorThunk	System.Object System.Collections.Generic.Stack`1/Enumerator<System.Object>::System.Collections.IEnumerator.get_Current()	System
Enumerator_get_Current_m42805805_AdjustorThunk	T System.Collections.Generic.Stack`1/Enumerator<System.Object>::get_Current()	System
Enumerator__ctor_m3419056812_AdjustorThunk	System.Void System.Collections.Generic.Stack`1/Enumerator<System.Object>::.ctor(System.Collections.Generic.Stack`1<T>)	System
Enumerator_System_Collections_IEnumerator_Reset_m4269083576_AdjustorThunk	System.Void System.Collections.Generic.Stack`1/Enumerator<System.Object>::System.Collections.IEnumerator.Reset()	System
Enumerator_Dispose_m2862011382_AdjustorThunk	System.Void System.Collections.Generic.Stack`1/Enumerator<System.Object>::Dispose()	System
Enumerator_MoveNext_m3694449643_AdjustorThunk	System.Boolean System.Collections.Generic.Stack`1/Enumerator<System.Object>::MoveNext()	System
HashSet_1_System_Collections_Generic_ICollectionU3CTU3E_get_IsReadOnly_m3997408074_gshared	System.Boolean System.Collections.Generic.HashSet`1<System.Object>::System.Collections.Generic.ICollection<T>.get_IsReadOnly()	System.Core
HashSet_1_get_Count_m542532379_gshared	System.Int32 System.Collections.Generic.HashSet`1<System.Object>::get_Count()	System.Core
HashSet_1__ctor_m4231804131_gshared	System.Void System.Collections.Generic.HashSet`1<System.Object>::.ctor()	System.Core
HashSet_1__ctor_m620629637_gshared	System.Void System.Collections.Generic.HashSet`1<System.Object>::.ctor(System.Runtime.Serialization.SerializationInfo,System.Runtime.Serialization.StreamingContext)	System.Core
HashSet_1_System_Collections_Generic_IEnumerableU3CTU3E_GetEnumerator_m3803048209_gshared	System.Collections.Generic.IEnumerator`1<T> System.Collections.Generic.HashSet`1<System.Object>::System.Collections.Generic.IEnumerable<T>.GetEnumerator()	System.Core
HashSet_1_System_Collections_Generic_ICollectionU3CTU3E_CopyTo_m408073502_gshared	System.Void System.Collections.Generic.HashSet`1<System.Object>::System.Collections.Generic.ICollection<T>.CopyTo(T[],System.Int32)	System.Core
HashSet_1_System_Collections_Generic_ICollectionU3CTU3E_Add_m3295352023_gshared	System.Void System.Collections.Generic.HashSet`1<System.Object>::System.Collections.Generic.ICollection<T>.Add(T)	System.Core
HashSet_1_System_Collections_IEnumerable_GetEnumerator_m3270263630_gshared	System.Collections.IEnumerator System.Collections.Generic.HashSet`1<System.Object>::System.Collections.IEnumerable.GetEnumerator()	System.Core
HashSet_1_Init_m2976925848_gshared	System.Void System.Collections.Generic.HashSet`1<System.Object>::Init(System.Int32,System.Collections.Generic.IEqualityComparer`1<T>)	System.Core
HashSet_1_InitArrays_m2493945259_gshared	System.Void System.Collections.Generic.HashSet`1<System.Object>::InitArrays(System.Int32)	System.Core
HashSet_1_SlotsContainsAt_m1127338994_gshared	System.Boolean System.Collections.Generic.HashSet`1<System.Object>::SlotsContainsAt(System.Int32,System.Int32,T)	System.Core
HashSet_1_CopyTo_m1623862577_gshared	System.Void System.Collections.Generic.HashSet`1<System.Object>::CopyTo(T[],System.Int32)	System.Core
HashSet_1_CopyTo_m2849056227_gshared	System.Void System.Collections.Generic.HashSet`1<System.Object>::CopyTo(T[],System.Int32,System.Int32)	System.Core
HashSet_1_Resize_m2067174885_gshared	System.Void System.Collections.Generic.HashSet`1<System.Object>::Resize()	System.Core
HashSet_1_GetLinkHashCode_m1097900102_gshared	System.Int32 System.Collections.Generic.HashSet`1<System.Object>::GetLinkHashCode(System.Int32)	System.Core
HashSet_1_GetItemHashCode_m973779378_gshared	System.Int32 System.Collections.Generic.HashSet`1<System.Object>::GetItemHashCode(T)	System.Core
HashSet_1_Add_m1971460364_gshared	System.Boolean System.Collections.Generic.HashSet`1<System.Object>::Add(T)	System.Core
HashSet_1_Clear_m507835370_gshared	System.Void System.Collections.Generic.HashSet`1<System.Object>::Clear()	System.Core
HashSet_1_Contains_m3173358704_gshared	System.Boolean System.Collections.Generic.HashSet`1<System.Object>::Contains(T)	System.Core
HashSet_1_Remove_m709044238_gshared	System.Boolean System.Collections.Generic.HashSet`1<System.Object>::Remove(T)	System.Core
HashSet_1_OnDeserialization_m2548143778_gshared	System.Void System.Collections.Generic.HashSet`1<System.Object>::OnDeserialization(System.Object)	System.Core
HashSet_1_GetEnumerator_m3346268098_gshared	System.Collections.Generic.HashSet`1/Enumerator<T> System.Collections.Generic.HashSet`1<System.Object>::GetEnumerator()	System.Core
Enumerator_System_Collections_IEnumerator_get_Current_m282279808_AdjustorThunk	System.Object System.Collections.Generic.HashSet`1/Enumerator<System.Object>::System.Collections.IEnumerator.get_Current()	System.Core
Enumerator_get_Current_m4213278602_AdjustorThunk	T System.Collections.Generic.HashSet`1/Enumerator<System.Object>::get_Current()	System.Core
Enumerator__ctor_m1590062855_AdjustorThunk	System.Void System.Collections.Generic.HashSet`1/Enumerator<System.Object>::.ctor(System.Collections.Generic.HashSet`1<T>)	System.Core
Enumerator_System_Collections_IEnumerator_Reset_m3289381690_AdjustorThunk	System.Void System.Collections.Generic.HashSet`1/Enumerator<System.Object>::System.Collections.IEnumerator.Reset()	System.Core
Enumerator_MoveNext_m3714175425_AdjustorThunk	System.Boolean System.Collections.Generic.HashSet`1/Enumerator<System.Object>::MoveNext()	System.Core
Enumerator_Dispose_m1204547613_AdjustorThunk	System.Void System.Collections.Generic.HashSet`1/Enumerator<System.Object>::Dispose()	System.Core
Enumerator_CheckState_m2729407260_AdjustorThunk	System.Void System.Collections.Generic.HashSet`1/Enumerator<System.Object>::CheckState()	System.Core
PrimeHelper__cctor_m2414811973_gshared	System.Void System.Collections.Generic.HashSet`1/PrimeHelper<System.Object>::.cctor()	System.Core
PrimeHelper_TestPrime_m2318568626_gshared	System.Boolean System.Collections.Generic.HashSet`1/PrimeHelper<System.Object>::TestPrime(System.Int32)	System.Core
PrimeHelper_CalcPrime_m3965958767_gshared	System.Int32 System.Collections.Generic.HashSet`1/PrimeHelper<System.Object>::CalcPrime(System.Int32)	System.Core
PrimeHelper_ToPrime_m3704362632_gshared	System.Int32 System.Collections.Generic.HashSet`1/PrimeHelper<System.Object>::ToPrime(System.Int32)	System.Core
Enumerable_Any_TisRuntimeObject_m3173759778_gshared	System.Boolean System.Linq.Enumerable::Any<System.Object>(System.Collections.Generic.IEnumerable`1<TSource>)	System.Core
Enumerable_Where_TisRuntimeObject_m3454096398_gshared	System.Collections.Generic.IEnumerable`1<TSource> System.Linq.Enumerable::Where<System.Object>(System.Collections.Generic.IEnumerable`1<TSource>,System.Func`2<TSource,System.Boolean>)	System.Core
Enumerable_CreateWhereIterator_TisRuntimeObject_m3410152003_gshared	System.Collections.Generic.IEnumerable`1<TSource> System.Linq.Enumerable::CreateWhereIterator<System.Object>(System.Collections.Generic.IEnumerable`1<TSource>,System.Func`2<TSource,System.Boolean>)	System.Core
U3CCreateWhereIteratorU3Ec__Iterator1D_1_System_Collections_Generic_IEnumeratorU3CTSourceU3E_get_Current_m1909387290_gshared	TSource System.Linq.Enumerable/<CreateWhereIterator>c__Iterator1D`1<System.Object>::System.Collections.Generic.IEnumerator<TSource>.get_Current()	System.Core
U3CCreateWhereIteratorU3Ec__Iterator1D_1_System_Collections_IEnumerator_get_Current_m2550921559_gshared	System.Object System.Linq.Enumerable/<CreateWhereIterator>c__Iterator1D`1<System.Object>::System.Collections.IEnumerator.get_Current()	System.Core
U3CCreateWhereIteratorU3Ec__Iterator1D_1__ctor_m1723214851_gshared	System.Void System.Linq.Enumerable/<CreateWhereIterator>c__Iterator1D`1<System.Object>::.ctor()	System.Core
U3CCreateWhereIteratorU3Ec__Iterator1D_1_System_Collections_IEnumerable_GetEnumerator_m3813267333_gshared	System.Collections.IEnumerator System.Linq.Enumerable/<CreateWhereIterator>c__Iterator1D`1<System.Object>::System.Collections.IEnumerable.GetEnumerator()	System.Core
U3CCreateWhereIteratorU3Ec__Iterator1D_1_System_Collections_Generic_IEnumerableU3CTSourceU3E_GetEnumerator_m183487175_gshared	System.Collections.Generic.IEnumerator`1<TSource> System.Linq.Enumerable/<CreateWhereIterator>c__Iterator1D`1<System.Object>::System.Collections.Generic.IEnumerable<TSource>.GetEnumerator()	System.Core
U3CCreateWhereIteratorU3Ec__Iterator1D_1_MoveNext_m612748497_gshared	System.Boolean System.Linq.Enumerable/<CreateWhereIterator>c__Iterator1D`1<System.Object>::MoveNext()	System.Core
U3CCreateWhereIteratorU3Ec__Iterator1D_1_Dispose_m838916350_gshared	System.Void System.Linq.Enumerable/<CreateWhereIterator>c__Iterator1D`1<System.Object>::Dispose()	System.Core
U3CCreateWhereIteratorU3Ec__Iterator1D_1_Reset_m2453824118_gshared	System.Void System.Linq.Enumerable/<CreateWhereIterator>c__Iterator1D`1<System.Object>::Reset()	System.Core
Func_2__ctor_m348566106_gshared	System.Void System.Func`2<System.Object,System.Object>::.ctor(System.Object,System.IntPtr)	System.Core
Func_2_Invoke_m3943476943_gshared	TResult System.Func`2<System.Object,System.Object>::Invoke(T)	System.Core
Func_2_BeginInvoke_m2941925968_gshared	System.IAsyncResult System.Func`2<System.Object,System.Object>::BeginInvoke(T,System.AsyncCallback,System.Object)	System.Core
Func_2_EndInvoke_m805099398_gshared	TResult System.Func`2<System.Object,System.Object>::EndInvoke(System.IAsyncResult)	System.Core
Func_3__ctor_m1375075958_gshared	System.Void System.Func`3<System.Object,System.Object,System.Object>::.ctor(System.Object,System.IntPtr)	System.Core
Func_3_Invoke_m1194147890_gshared	TResult System.Func`3<System.Object,System.Object,System.Object>::Invoke(T1,T2)	System.Core
Func_3_BeginInvoke_m2985061395_gshared	System.IAsyncResult System.Func`3<System.Object,System.Object,System.Object>::BeginInvoke(T1,T2,System.AsyncCallback,System.Object)	System.Core
Func_3_EndInvoke_m57200468_gshared	TResult System.Func`3<System.Object,System.Object,System.Object>::EndInvoke(System.IAsyncResult)	System.Core
ScriptableObject_CreateInstance_TisRuntimeObject_m1552711675_gshared	T UnityEngine.ScriptableObject::CreateInstance<System.Object>()	UnityEngine.CoreModule
Component_GetComponent_TisRuntimeObject_m2906321015_gshared	T UnityEngine.Component::GetComponent<System.Object>()	UnityEngine.CoreModule
Component_GetComponentInChildren_TisRuntimeObject_m1033527003_gshared	T UnityEngine.Component::GetComponentInChildren<System.Object>()	UnityEngine.CoreModule
Component_GetComponentInChildren_TisRuntimeObject_m3151737292_gshared	T UnityEngine.Component::GetComponentInChildren<System.Object>(System.Boolean)	UnityEngine.CoreModule
Component_GetComponentsInChildren_TisRuntimeObject_m3825404836_gshared	T[] UnityEngine.Component::GetComponentsInChildren<System.Object>(System.Boolean)	UnityEngine.CoreModule
Component_GetComponentsInChildren_TisRuntimeObject_m674916799_gshared	System.Void UnityEngine.Component::GetComponentsInChildren<System.Object>(System.Boolean,System.Collections.Generic.List`1<T>)	UnityEngine.CoreModule
Component_GetComponentsInChildren_TisRuntimeObject_m1308288322_gshared	T[] UnityEngine.Component::GetComponentsInChildren<System.Object>()	UnityEngine.CoreModule
Component_GetComponentsInChildren_TisRuntimeObject_m35549932_gshared	System.Void UnityEngine.Component::GetComponentsInChildren<System.Object>(System.Collections.Generic.List`1<T>)	UnityEngine.CoreModule
Component_GetComponentInParent_TisRuntimeObject_m3491943679_gshared	T UnityEngine.Component::GetComponentInParent<System.Object>()	UnityEngine.CoreModule
Component_GetComponentsInParent_TisRuntimeObject_m3603136339_gshared	System.Void UnityEngine.Component::GetComponentsInParent<System.Object>(System.Boolean,System.Collections.Generic.List`1<T>)	UnityEngine.CoreModule
Component_GetComponents_TisRuntimeObject_m2416546752_gshared	System.Void UnityEngine.Component::GetComponents<System.Object>(System.Collections.Generic.List`1<T>)	UnityEngine.CoreModule
Component_GetComponents_TisRuntimeObject_m539078962_gshared	T[] UnityEngine.Component::GetComponents<System.Object>()	UnityEngine.CoreModule
GameObject_GetComponent_TisRuntimeObject_m2049753423_gshared	T UnityEngine.GameObject::GetComponent<System.Object>()	UnityEngine.CoreModule
GameObject_GetComponentInChildren_TisRuntimeObject_m1513755678_gshared	T UnityEngine.GameObject::GetComponentInChildren<System.Object>()	UnityEngine.CoreModule
GameObject_GetComponentInChildren_TisRuntimeObject_m1310240902_gshared	T UnityEngine.GameObject::GetComponentInChildren<System.Object>(System.Boolean)	UnityEngine.CoreModule
GameObject_GetComponents_TisRuntimeObject_m1550324888_gshared	T[] UnityEngine.GameObject::GetComponents<System.Object>()	UnityEngine.CoreModule
GameObject_GetComponents_TisRuntimeObject_m1246177135_gshared	System.Void UnityEngine.GameObject::GetComponents<System.Object>(System.Collections.Generic.List`1<T>)	UnityEngine.CoreModule
GameObject_GetComponentsInChildren_TisRuntimeObject_m2621777305_gshared	T[] UnityEngine.GameObject::GetComponentsInChildren<System.Object>(System.Boolean)	UnityEngine.CoreModule
GameObject_GetComponentsInChildren_TisRuntimeObject_m467804091_gshared	System.Void UnityEngine.GameObject::GetComponentsInChildren<System.Object>(System.Boolean,System.Collections.Generic.List`1<T>)	UnityEngine.CoreModule
GameObject_GetComponentsInChildren_TisRuntimeObject_m1982918030_gshared	T[] UnityEngine.GameObject::GetComponentsInChildren<System.Object>()	UnityEngine.CoreModule
GameObject_GetComponentsInParent_TisRuntimeObject_m947018401_gshared	System.Void UnityEngine.GameObject::GetComponentsInParent<System.Object>(System.Boolean,System.Collections.Generic.List`1<T>)	UnityEngine.CoreModule
GameObject_AddComponent_TisRuntimeObject_m3469369570_gshared	T UnityEngine.GameObject::AddComponent<System.Object>()	UnityEngine.CoreModule
NoAllocHelpers_SafeLength_TisRuntimeObject_m1926395370_gshared	System.Int32 UnityEngine.NoAllocHelpers::SafeLength<System.Object>(System.Collections.Generic.List`1<T>)	UnityEngine.CoreModule
Resources_Load_TisRuntimeObject_m597869152_gshared	T UnityEngine.Resources::Load<System.Object>(System.String)	UnityEngine.CoreModule
Resources_GetBuiltinResource_TisRuntimeObject_m3352626831_gshared	T UnityEngine.Resources::GetBuiltinResource<System.Object>(System.String)	UnityEngine.CoreModule
Object_Instantiate_TisRuntimeObject_m2446893047_gshared	T UnityEngine.Object::Instantiate<System.Object>(T)	UnityEngine.CoreModule
Object_Instantiate_TisRuntimeObject_m1135049463_gshared	T UnityEngine.Object::Instantiate<System.Object>(T,UnityEngine.Vector3,UnityEngine.Quaternion)	UnityEngine.CoreModule
AttributeHelperEngine_GetCustomAttributeOfType_TisRuntimeObject_m429013101_gshared	T UnityEngine.AttributeHelperEngine::GetCustomAttributeOfType<System.Object>(System.Type)	UnityEngine.CoreModule
Mesh_GetAllocArrayFromChannel_TisRuntimeObject_m1538119140_gshared	T[] UnityEngine.Mesh::GetAllocArrayFromChannel<System.Object>(UnityEngine.Mesh/InternalShaderChannel,UnityEngine.Mesh/InternalVertexChannelType,System.Int32)	UnityEngine.CoreModule
Mesh_GetAllocArrayFromChannel_TisRuntimeObject_m3566760165_gshared	T[] UnityEngine.Mesh::GetAllocArrayFromChannel<System.Object>(UnityEngine.Mesh/InternalShaderChannel)	UnityEngine.CoreModule
Mesh_SetArrayForChannel_TisRuntimeObject_m3610167605_gshared	System.Void UnityEngine.Mesh::SetArrayForChannel<System.Object>(UnityEngine.Mesh/InternalShaderChannel,T[])	UnityEngine.CoreModule
Mesh_SetListForChannel_TisRuntimeObject_m3859265206_gshared	System.Void UnityEngine.Mesh::SetListForChannel<System.Object>(UnityEngine.Mesh/InternalShaderChannel,UnityEngine.Mesh/InternalVertexChannelType,System.Int32,System.Collections.Generic.List`1<T>)	UnityEngine.CoreModule
Mesh_SetListForChannel_TisRuntimeObject_m1409743534_gshared	System.Void UnityEngine.Mesh::SetListForChannel<System.Object>(UnityEngine.Mesh/InternalShaderChannel,System.Collections.Generic.List`1<T>)	UnityEngine.CoreModule
Mesh_SetUvsImpl_TisRuntimeObject_m2275316106_gshared	System.Void UnityEngine.Mesh::SetUvsImpl<System.Object>(System.Int32,System.Int32,System.Collections.Generic.List`1<T>)	UnityEngine.CoreModule
BaseInvokableCall_ThrowOnInvalidArg_TisRuntimeObject_m2266633109_gshared	System.Void UnityEngine.Events.BaseInvokableCall::ThrowOnInvalidArg<System.Object>(System.Object)	UnityEngine.CoreModule
InvokableCall_1__ctor_m974734014_gshared	System.Void UnityEngine.Events.InvokableCall`1<System.Object>::.ctor(System.Object,System.Reflection.MethodInfo)	UnityEngine.CoreModule
InvokableCall_1__ctor_m2204476693_gshared	System.Void UnityEngine.Events.InvokableCall`1<System.Object>::.ctor(UnityEngine.Events.UnityAction`1<T1>)	UnityEngine.CoreModule
InvokableCall_1_add_Delegate_m1149657958_gshared	System.Void UnityEngine.Events.InvokableCall`1<System.Object>::add_Delegate(UnityEngine.Events.UnityAction`1<T1>)	UnityEngine.CoreModule
InvokableCall_1_remove_Delegate_m1459577645_gshared	System.Void UnityEngine.Events.InvokableCall`1<System.Object>::remove_Delegate(UnityEngine.Events.UnityAction`1<T1>)	UnityEngine.CoreModule
InvokableCall_1_Invoke_m4071643321_gshared	System.Void UnityEngine.Events.InvokableCall`1<System.Object>::Invoke(System.Object[])	UnityEngine.CoreModule
InvokableCall_1_Invoke_m1111745191_gshared	System.Void UnityEngine.Events.InvokableCall`1<System.Object>::Invoke(T1)	UnityEngine.CoreModule
InvokableCall_1_Find_m667253485_gshared	System.Boolean UnityEngine.Events.InvokableCall`1<System.Object>::Find(System.Object,System.Reflection.MethodInfo)	UnityEngine.CoreModule
InvokableCall_2__ctor_m3619012188_gshared	System.Void UnityEngine.Events.InvokableCall`2<System.Object,System.Object>::.ctor(System.Object,System.Reflection.MethodInfo)	UnityEngine.CoreModule
InvokableCall_2_Invoke_m1520082677_gshared	System.Void UnityEngine.Events.InvokableCall`2<System.Object,System.Object>::Invoke(System.Object[])	UnityEngine.CoreModule
InvokableCall_2_Find_m265590023_gshared	System.Boolean UnityEngine.Events.InvokableCall`2<System.Object,System.Object>::Find(System.Object,System.Reflection.MethodInfo)	UnityEngine.CoreModule
InvokableCall_3__ctor_m4245235439_gshared	System.Void UnityEngine.Events.InvokableCall`3<System.Object,System.Object,System.Object>::.ctor(System.Object,System.Reflection.MethodInfo)	UnityEngine.CoreModule
InvokableCall_3_Invoke_m3141788616_gshared	System.Void UnityEngine.Events.InvokableCall`3<System.Object,System.Object,System.Object>::Invoke(System.Object[])	UnityEngine.CoreModule
InvokableCall_3_Find_m26605783_gshared	System.Boolean UnityEngine.Events.InvokableCall`3<System.Object,System.Object,System.Object>::Find(System.Object,System.Reflection.MethodInfo)	UnityEngine.CoreModule
InvokableCall_4__ctor_m3136187504_gshared	System.Void UnityEngine.Events.InvokableCall`4<System.Object,System.Object,System.Object,System.Object>::.ctor(System.Object,System.Reflection.MethodInfo)	UnityEngine.CoreModule
InvokableCall_4_Invoke_m3371718871_gshared	System.Void UnityEngine.Events.InvokableCall`4<System.Object,System.Object,System.Object,System.Object>::Invoke(System.Object[])	UnityEngine.CoreModule
InvokableCall_4_Find_m2717860129_gshared	System.Boolean UnityEngine.Events.InvokableCall`4<System.Object,System.Object,System.Object,System.Object>::Find(System.Object,System.Reflection.MethodInfo)	UnityEngine.CoreModule
CachedInvokableCall_1__ctor_m3714231058_gshared	System.Void UnityEngine.Events.CachedInvokableCall`1<System.Object>::.ctor(UnityEngine.Object,System.Reflection.MethodInfo,T)	UnityEngine.CoreModule
CachedInvokableCall_1_Invoke_m931536002_gshared	System.Void UnityEngine.Events.CachedInvokableCall`1<System.Object>::Invoke(System.Object[])	UnityEngine.CoreModule
CachedInvokableCall_1_Invoke_m853073645_gshared	System.Void UnityEngine.Events.CachedInvokableCall`1<System.Object>::Invoke(T)	UnityEngine.CoreModule
UnityAction_1__ctor_m2434317150_gshared	System.Void UnityEngine.Events.UnityAction`1<System.Object>::.ctor(System.Object,System.IntPtr)	UnityEngine.CoreModule
UnityAction_1_Invoke_m2929687399_gshared	System.Void UnityEngine.Events.UnityAction`1<System.Object>::Invoke(T0)	UnityEngine.CoreModule
UnityAction_1_BeginInvoke_m992932529_gshared	System.IAsyncResult UnityEngine.Events.UnityAction`1<System.Object>::BeginInvoke(T0,System.AsyncCallback,System.Object)	UnityEngine.CoreModule
UnityAction_1_EndInvoke_m4173210162_gshared	System.Void UnityEngine.Events.UnityAction`1<System.Object>::EndInvoke(System.IAsyncResult)	UnityEngine.CoreModule
UnityEvent_1__ctor_m1789019280_gshared	System.Void UnityEngine.Events.UnityEvent`1<System.Object>::.ctor()	UnityEngine.CoreModule
UnityEvent_1_AddListener_m3703050950_gshared	System.Void UnityEngine.Events.UnityEvent`1<System.Object>::AddListener(UnityEngine.Events.UnityAction`1<T0>)	UnityEngine.CoreModule
UnityEvent_1_RemoveListener_m4140584754_gshared	System.Void UnityEngine.Events.UnityEvent`1<System.Object>::RemoveListener(UnityEngine.Events.UnityAction`1<T0>)	UnityEngine.CoreModule
UnityEvent_1_FindMethod_Impl_m322741469_gshared	System.Reflection.MethodInfo UnityEngine.Events.UnityEvent`1<System.Object>::FindMethod_Impl(System.String,System.Object)	UnityEngine.CoreModule
UnityEvent_1_GetDelegate_m1223269239_gshared	UnityEngine.Events.BaseInvokableCall UnityEngine.Events.UnityEvent`1<System.Object>::GetDelegate(System.Object,System.Reflection.MethodInfo)	UnityEngine.CoreModule
UnityEvent_1_GetDelegate_m1604725783_gshared	UnityEngine.Events.BaseInvokableCall UnityEngine.Events.UnityEvent`1<System.Object>::GetDelegate(UnityEngine.Events.UnityAction`1<T0>)	UnityEngine.CoreModule
UnityEvent_1_Invoke_m2734859485_gshared	System.Void UnityEngine.Events.UnityEvent`1<System.Object>::Invoke(T0)	UnityEngine.CoreModule
UnityAction_2__ctor_m4260941619_gshared	System.Void UnityEngine.Events.UnityAction`2<System.Object,System.Object>::.ctor(System.Object,System.IntPtr)	UnityEngine.CoreModule
UnityAction_2_Invoke_m2304474703_gshared	System.Void UnityEngine.Events.UnityAction`2<System.Object,System.Object>::Invoke(T0,T1)	UnityEngine.CoreModule
UnityAction_2_BeginInvoke_m1322091188_gshared	System.IAsyncResult UnityEngine.Events.UnityAction`2<System.Object,System.Object>::BeginInvoke(T0,T1,System.AsyncCallback,System.Object)	UnityEngine.CoreModule
UnityAction_2_EndInvoke_m1292612021_gshared	System.Void UnityEngine.Events.UnityAction`2<System.Object,System.Object>::EndInvoke(System.IAsyncResult)	UnityEngine.CoreModule
UnityEvent_2__ctor_m155249342_gshared	System.Void UnityEngine.Events.UnityEvent`2<System.Object,System.Object>::.ctor()	UnityEngine.CoreModule
UnityEvent_2_FindMethod_Impl_m2569180594_gshared	System.Reflection.MethodInfo UnityEngine.Events.UnityEvent`2<System.Object,System.Object>::FindMethod_Impl(System.String,System.Object)	UnityEngine.CoreModule
UnityEvent_2_GetDelegate_m3909669659_gshared	UnityEngine.Events.BaseInvokableCall UnityEngine.Events.UnityEvent`2<System.Object,System.Object>::GetDelegate(System.Object,System.Reflection.MethodInfo)	UnityEngine.CoreModule
UnityAction_3__ctor_m2228523061_gshared	System.Void UnityEngine.Events.UnityAction`3<System.Object,System.Object,System.Object>::.ctor(System.Object,System.IntPtr)	UnityEngine.CoreModule
UnityAction_3_Invoke_m1904347475_gshared	System.Void UnityEngine.Events.UnityAction`3<System.Object,System.Object,System.Object>::Invoke(T0,T1,T2)	UnityEngine.CoreModule
UnityAction_3_BeginInvoke_m1515014307_gshared	System.IAsyncResult UnityEngine.Events.UnityAction`3<System.Object,System.Object,System.Object>::BeginInvoke(T0,T1,T2,System.AsyncCallback,System.Object)	UnityEngine.CoreModule
UnityAction_3_EndInvoke_m1256921407_gshared	System.Void UnityEngine.Events.UnityAction`3<System.Object,System.Object,System.Object>::EndInvoke(System.IAsyncResult)	UnityEngine.CoreModule
UnityEvent_3__ctor_m3891569313_gshared	System.Void UnityEngine.Events.UnityEvent`3<System.Object,System.Object,System.Object>::.ctor()	UnityEngine.CoreModule
UnityEvent_3_FindMethod_Impl_m1640458315_gshared	System.Reflection.MethodInfo UnityEngine.Events.UnityEvent`3<System.Object,System.Object,System.Object>::FindMethod_Impl(System.String,System.Object)	UnityEngine.CoreModule
UnityEvent_3_GetDelegate_m1156357290_gshared	UnityEngine.Events.BaseInvokableCall UnityEngine.Events.UnityEvent`3<System.Object,System.Object,System.Object>::GetDelegate(System.Object,System.Reflection.MethodInfo)	UnityEngine.CoreModule
UnityAction_4__ctor_m4196105227_gshared	System.Void UnityEngine.Events.UnityAction`4<System.Object,System.Object,System.Object,System.Object>::.ctor(System.Object,System.IntPtr)	UnityEngine.CoreModule
UnityAction_4_Invoke_m218720656_gshared	System.Void UnityEngine.Events.UnityAction`4<System.Object,System.Object,System.Object,System.Object>::Invoke(T0,T1,T2,T3)	UnityEngine.CoreModule
UnityAction_4_BeginInvoke_m2207320832_gshared	System.IAsyncResult UnityEngine.Events.UnityAction`4<System.Object,System.Object,System.Object,System.Object>::BeginInvoke(T0,T1,T2,T3,System.AsyncCallback,System.Object)	UnityEngine.CoreModule
UnityAction_4_EndInvoke_m1236619780_gshared	System.Void UnityEngine.Events.UnityAction`4<System.Object,System.Object,System.Object,System.Object>::EndInvoke(System.IAsyncResult)	UnityEngine.CoreModule
UnityEvent_4__ctor_m831487108_gshared	System.Void UnityEngine.Events.UnityEvent`4<System.Object,System.Object,System.Object,System.Object>::.ctor()	UnityEngine.CoreModule
UnityEvent_4_FindMethod_Impl_m3410547086_gshared	System.Reflection.MethodInfo UnityEngine.Events.UnityEvent`4<System.Object,System.Object,System.Object,System.Object>::FindMethod_Impl(System.String,System.Object)	UnityEngine.CoreModule
UnityEvent_4_GetDelegate_m3111342790_gshared	UnityEngine.Events.BaseInvokableCall UnityEngine.Events.UnityEvent`4<System.Object,System.Object,System.Object,System.Object>::GetDelegate(System.Object,System.Reflection.MethodInfo)	UnityEngine.CoreModule
PlayableHandle_IsPlayableOfType_TisRuntimeObject_m503495943_AdjustorThunk	System.Boolean UnityEngine.Playables.PlayableHandle::IsPlayableOfType<System.Object>()	UnityEngine.CoreModule
ExecuteEvents_ValidateEventData_TisRuntimeObject_m1594546529_gshared	T UnityEngine.EventSystems.ExecuteEvents::ValidateEventData<System.Object>(UnityEngine.EventSystems.BaseEventData)	UnityEngine.UI
ExecuteEvents_Execute_TisRuntimeObject_m1952955951_gshared	System.Boolean UnityEngine.EventSystems.ExecuteEvents::Execute<System.Object>(UnityEngine.GameObject,UnityEngine.EventSystems.BaseEventData,UnityEngine.EventSystems.ExecuteEvents/EventFunction`1<T>)	UnityEngine.UI
ExecuteEvents_ExecuteHierarchy_TisRuntimeObject_m3266560969_gshared	UnityEngine.GameObject UnityEngine.EventSystems.ExecuteEvents::ExecuteHierarchy<System.Object>(UnityEngine.GameObject,UnityEngine.EventSystems.BaseEventData,UnityEngine.EventSystems.ExecuteEvents/EventFunction`1<T>)	UnityEngine.UI
ExecuteEvents_ShouldSendToComponent_TisRuntimeObject_m2008221122_gshared	System.Boolean UnityEngine.EventSystems.ExecuteEvents::ShouldSendToComponent<System.Object>(UnityEngine.Component)	UnityEngine.UI
ExecuteEvents_GetEventList_TisRuntimeObject_m3803188029_gshared	System.Void UnityEngine.EventSystems.ExecuteEvents::GetEventList<System.Object>(UnityEngine.GameObject,System.Collections.Generic.IList`1<UnityEngine.EventSystems.IEventSystemHandler>)	UnityEngine.UI
ExecuteEvents_CanHandleEvent_TisRuntimeObject_m1442722301_gshared	System.Boolean UnityEngine.EventSystems.ExecuteEvents::CanHandleEvent<System.Object>(UnityEngine.GameObject)	UnityEngine.UI
ExecuteEvents_GetEventHandler_TisRuntimeObject_m3687647312_gshared	UnityEngine.GameObject UnityEngine.EventSystems.ExecuteEvents::GetEventHandler<System.Object>(UnityEngine.GameObject)	UnityEngine.UI
EventFunction_1__ctor_m4292798223_gshared	System.Void UnityEngine.EventSystems.ExecuteEvents/EventFunction`1<System.Object>::.ctor(System.Object,System.IntPtr)	UnityEngine.UI
EventFunction_1_Invoke_m2429482587_gshared	System.Void UnityEngine.EventSystems.ExecuteEvents/EventFunction`1<System.Object>::Invoke(T1,UnityEngine.EventSystems.BaseEventData)	UnityEngine.UI
EventFunction_1_BeginInvoke_m117707366_gshared	System.IAsyncResult UnityEngine.EventSystems.ExecuteEvents/EventFunction`1<System.Object>::BeginInvoke(T1,UnityEngine.EventSystems.BaseEventData,System.AsyncCallback,System.Object)	UnityEngine.UI
EventFunction_1_EndInvoke_m1395098989_gshared	System.Void UnityEngine.EventSystems.ExecuteEvents/EventFunction`1<System.Object>::EndInvoke(System.IAsyncResult)	UnityEngine.UI
Dropdown_GetOrAddComponent_TisRuntimeObject_m769901662_gshared	T UnityEngine.UI.Dropdown::GetOrAddComponent<System.Object>(UnityEngine.GameObject)	UnityEngine.UI
SetPropertyUtility_SetClass_TisRuntimeObject_m1505455193_gshared	System.Boolean UnityEngine.UI.SetPropertyUtility::SetClass<System.Object>(T&,T)	UnityEngine.UI
LayoutGroup_SetProperty_TisRuntimeObject_m3460819731_gshared	System.Void UnityEngine.UI.LayoutGroup::SetProperty<System.Object>(T&,T)	UnityEngine.UI
IndexedSet_1_get_Count_m2591381675_gshared	System.Int32 UnityEngine.UI.Collections.IndexedSet`1<System.Object>::get_Count()	UnityEngine.UI
IndexedSet_1_get_IsReadOnly_m1939064765_gshared	System.Boolean UnityEngine.UI.Collections.IndexedSet`1<System.Object>::get_IsReadOnly()	UnityEngine.UI
IndexedSet_1_get_Item_m3913508799_gshared	T UnityEngine.UI.Collections.IndexedSet`1<System.Object>::get_Item(System.Int32)	UnityEngine.UI
IndexedSet_1_set_Item_m4214546195_gshared	System.Void UnityEngine.UI.Collections.IndexedSet`1<System.Object>::set_Item(System.Int32,T)	UnityEngine.UI
IndexedSet_1__ctor_m2250384602_gshared	System.Void UnityEngine.UI.Collections.IndexedSet`1<System.Object>::.ctor()	UnityEngine.UI
IndexedSet_1_Add_m459949375_gshared	System.Void UnityEngine.UI.Collections.IndexedSet`1<System.Object>::Add(T)	UnityEngine.UI
IndexedSet_1_AddUnique_m861843892_gshared	System.Boolean UnityEngine.UI.Collections.IndexedSet`1<System.Object>::AddUnique(T)	UnityEngine.UI
IndexedSet_1_Remove_m4118314453_gshared	System.Boolean UnityEngine.UI.Collections.IndexedSet`1<System.Object>::Remove(T)	UnityEngine.UI
IndexedSet_1_GetEnumerator_m3750514392_gshared	System.Collections.Generic.IEnumerator`1<T> UnityEngine.UI.Collections.IndexedSet`1<System.Object>::GetEnumerator()	UnityEngine.UI
IndexedSet_1_System_Collections_IEnumerable_GetEnumerator_m190983904_gshared	System.Collections.IEnumerator UnityEngine.UI.Collections.IndexedSet`1<System.Object>::System.Collections.IEnumerable.GetEnumerator()	UnityEngine.UI
IndexedSet_1_Clear_m4036265083_gshared	System.Void UnityEngine.UI.Collections.IndexedSet`1<System.Object>::Clear()	UnityEngine.UI
IndexedSet_1_Contains_m1525966688_gshared	System.Boolean UnityEngine.UI.Collections.IndexedSet`1<System.Object>::Contains(T)	UnityEngine.UI
IndexedSet_1_CopyTo_m4232548259_gshared	System.Void UnityEngine.UI.Collections.IndexedSet`1<System.Object>::CopyTo(T[],System.Int32)	UnityEngine.UI
IndexedSet_1_IndexOf_m241693686_gshared	System.Int32 UnityEngine.UI.Collections.IndexedSet`1<System.Object>::IndexOf(T)	UnityEngine.UI
IndexedSet_1_Insert_m1432638049_gshared	System.Void UnityEngine.UI.Collections.IndexedSet`1<System.Object>::Insert(System.Int32,T)	UnityEngine.UI
IndexedSet_1_RemoveAt_m3002732320_gshared	System.Void UnityEngine.UI.Collections.IndexedSet`1<System.Object>::RemoveAt(System.Int32)	UnityEngine.UI
IndexedSet_1_RemoveAll_m3453409986_gshared	System.Void UnityEngine.UI.Collections.IndexedSet`1<System.Object>::RemoveAll(System.Predicate`1<T>)	UnityEngine.UI
IndexedSet_1_Sort_m2612539420_gshared	System.Void UnityEngine.UI.Collections.IndexedSet`1<System.Object>::Sort(System.Comparison`1<T>)	UnityEngine.UI
ListPool_1_Get_m1670010485_gshared	System.Collections.Generic.List`1<T> UnityEngine.UI.ListPool`1<System.Object>::Get()	UnityEngine.UI
ListPool_1_Release_m957266927_gshared	System.Void UnityEngine.UI.ListPool`1<System.Object>::Release(System.Collections.Generic.List`1<T>)	UnityEngine.UI
ListPool_1__cctor_m1477269088_gshared	System.Void UnityEngine.UI.ListPool`1<System.Object>::.cctor()	UnityEngine.UI
ListPool_1_U3Cs_ListPoolU3Em__0_m2790550420_gshared	System.Void UnityEngine.UI.ListPool`1<System.Object>::<s_ListPool>m__0(System.Collections.Generic.List`1<T>)	UnityEngine.UI
ObjectPool_1_get_countAll_m819305395_gshared	System.Int32 UnityEngine.UI.ObjectPool`1<System.Object>::get_countAll()	UnityEngine.UI
ObjectPool_1_set_countAll_m3507126863_gshared	System.Void UnityEngine.UI.ObjectPool`1<System.Object>::set_countAll(System.Int32)	UnityEngine.UI
ObjectPool_1_get_countActive_m807006650_gshared	System.Int32 UnityEngine.UI.ObjectPool`1<System.Object>::get_countActive()	UnityEngine.UI
ObjectPool_1_get_countInactive_m526975942_gshared	System.Int32 UnityEngine.UI.ObjectPool`1<System.Object>::get_countInactive()	UnityEngine.UI
ObjectPool_1__ctor_m2535233435_gshared	System.Void UnityEngine.UI.ObjectPool`1<System.Object>::.ctor(UnityEngine.Events.UnityAction`1<T>,UnityEngine.Events.UnityAction`1<T>)	UnityEngine.UI
ObjectPool_1_Get_m3351668383_gshared	T UnityEngine.UI.ObjectPool`1<System.Object>::Get()	UnityEngine.UI
ObjectPool_1_Release_m3263354170_gshared	System.Void UnityEngine.UI.ObjectPool`1<System.Object>::Release(T)	UnityEngine.UI
PostProcessingBehaviour_AddCommandBuffer_TisRuntimeObject_m2015353702_gshared	UnityEngine.Rendering.CommandBuffer UnityEngine.PostProcessing.PostProcessingBehaviour::AddCommandBuffer<System.Object>(UnityEngine.Rendering.CameraEvent,System.String)	Assembly-CSharp
PostProcessingBehaviour_RemoveCommandBuffer_TisRuntimeObject_m4008454459_gshared	System.Void UnityEngine.PostProcessing.PostProcessingBehaviour::RemoveCommandBuffer<System.Object>()	Assembly-CSharp
PostProcessingBehaviour_GetCommandBuffer_TisRuntimeObject_m2507505718_gshared	UnityEngine.Rendering.CommandBuffer UnityEngine.PostProcessing.PostProcessingBehaviour::GetCommandBuffer<System.Object>(UnityEngine.Rendering.CameraEvent,System.String)	Assembly-CSharp
PostProcessingBehaviour_TryExecuteCommandBuffer_TisRuntimeObject_m4209704038_gshared	System.Void UnityEngine.PostProcessing.PostProcessingBehaviour::TryExecuteCommandBuffer<System.Object>(UnityEngine.PostProcessing.PostProcessingComponentCommandBuffer`1<T>)	Assembly-CSharp
PostProcessingBehaviour_TryPrepareUberImageEffect_TisRuntimeObject_m969063268_gshared	System.Boolean UnityEngine.PostProcessing.PostProcessingBehaviour::TryPrepareUberImageEffect<System.Object>(UnityEngine.PostProcessing.PostProcessingComponentRenderTexture`1<T>,UnityEngine.Material)	Assembly-CSharp
PostProcessingBehaviour_AddComponent_TisRuntimeObject_m4220113493_gshared	T UnityEngine.PostProcessing.PostProcessingBehaviour::AddComponent<System.Object>(T)	Assembly-CSharp
PostProcessingComponent_1_get_model_m1119990137_gshared	T UnityEngine.PostProcessing.PostProcessingComponent`1<System.Object>::get_model()	Assembly-CSharp
PostProcessingComponent_1_set_model_m890758158_gshared	System.Void UnityEngine.PostProcessing.PostProcessingComponent`1<System.Object>::set_model(T)	Assembly-CSharp
PostProcessingComponent_1__ctor_m3056517686_gshared	System.Void UnityEngine.PostProcessing.PostProcessingComponent`1<System.Object>::.ctor()	Assembly-CSharp
PostProcessingComponent_1_Init_m1213350177_gshared	System.Void UnityEngine.PostProcessing.PostProcessingComponent`1<System.Object>::Init(UnityEngine.PostProcessing.PostProcessingContext,T)	Assembly-CSharp
PostProcessingComponent_1_GetModel_m2658164631_gshared	UnityEngine.PostProcessing.PostProcessingModel UnityEngine.PostProcessing.PostProcessingComponent`1<System.Object>::GetModel()	Assembly-CSharp
PostProcessingComponentCommandBuffer_1__ctor_m120899638_gshared	System.Void UnityEngine.PostProcessing.PostProcessingComponentCommandBuffer`1<System.Object>::.ctor()	Assembly-CSharp
NULL	UnityEngine.Rendering.CameraEvent UnityEngine.PostProcessing.PostProcessingComponentCommandBuffer`1<System.Object>::GetCameraEvent()	Assembly-CSharp
NULL	System.String UnityEngine.PostProcessing.PostProcessingComponentCommandBuffer`1<System.Object>::GetName()	Assembly-CSharp
NULL	System.Void UnityEngine.PostProcessing.PostProcessingComponentCommandBuffer`1<System.Object>::PopulateCommandBuffer(UnityEngine.Rendering.CommandBuffer)	Assembly-CSharp
PostProcessingComponentRenderTexture_1__ctor_m2869702566_gshared	System.Void UnityEngine.PostProcessing.PostProcessingComponentRenderTexture`1<System.Object>::.ctor()	Assembly-CSharp
PostProcessingComponentRenderTexture_1_Prepare_m313453436_gshared	System.Void UnityEngine.PostProcessing.PostProcessingComponentRenderTexture`1<System.Object>::Prepare(UnityEngine.Material)	Assembly-CSharp
Dictionary_2__ctor_m182537451_gshared	System.Void System.Collections.Generic.Dictionary`2<System.String,System.Int32>::.ctor(System.Int32)	mscorlib
Dictionary_2_Add_m1279427033_gshared	System.Void System.Collections.Generic.Dictionary`2<System.String,System.Int32>::Add(TKey,TValue)	mscorlib
Dictionary_2_TryGetValue_m3959998165_gshared	System.Boolean System.Collections.Generic.Dictionary`2<System.String,System.Int32>::TryGetValue(TKey,TValue&)	mscorlib
GenericComparer_1__ctor_m3189773417_gshared	System.Void System.Collections.Generic.GenericComparer`1<System.DateTime>::.ctor()	mscorlib
GenericEqualityComparer_1__ctor_m143873952_gshared	System.Void System.Collections.Generic.GenericEqualityComparer`1<System.DateTime>::.ctor()	mscorlib
GenericComparer_1__ctor_m3995532743_gshared	System.Void System.Collections.Generic.GenericComparer`1<System.DateTimeOffset>::.ctor()	mscorlib
GenericEqualityComparer_1__ctor_m2043450621_gshared	System.Void System.Collections.Generic.GenericEqualityComparer`1<System.DateTimeOffset>::.ctor()	mscorlib
Nullable_1__ctor_m3314784284_AdjustorThunk	System.Void System.Nullable`1<System.TimeSpan>::.ctor(T)	mscorlib
Nullable_1_get_HasValue_m1210311128_AdjustorThunk	System.Boolean System.Nullable`1<System.TimeSpan>::get_HasValue()	mscorlib
Nullable_1_get_Value_m1801617894_AdjustorThunk	T System.Nullable`1<System.TimeSpan>::get_Value()	mscorlib
GenericComparer_1__ctor_m1900257738_gshared	System.Void System.Collections.Generic.GenericComparer`1<System.Guid>::.ctor()	mscorlib
GenericEqualityComparer_1__ctor_m3296940713_gshared	System.Void System.Collections.Generic.GenericEqualityComparer`1<System.Guid>::.ctor()	mscorlib
Array_AsReadOnly_TisRuntimeObject_m3652082723_gshared	System.Collections.ObjectModel.ReadOnlyCollection`1<!!0> System.Array::AsReadOnly<System.Reflection.CustomAttributeData>(!!0[])	mscorlib
Array_IndexOf_TisRuntimeObject_m3944231312_gshared	System.Int32 System.Array::IndexOf<System.Type>(!!0[],!!0)	mscorlib
CustomAttributeData_UnboxValues_TisCustomAttributeTypedArgument_t2723150157_m679789813_gshared	!!0[] System.Reflection.CustomAttributeData::UnboxValues<System.Reflection.CustomAttributeTypedArgument>(System.Object[])	mscorlib
Array_AsReadOnly_TisCustomAttributeTypedArgument_t2723150157_m2714472677_gshared	System.Collections.ObjectModel.ReadOnlyCollection`1<!!0> System.Array::AsReadOnly<System.Reflection.CustomAttributeTypedArgument>(!!0[])	mscorlib
CustomAttributeData_UnboxValues_TisCustomAttributeNamedArgument_t287865710_m2244692512_gshared	!!0[] System.Reflection.CustomAttributeData::UnboxValues<System.Reflection.CustomAttributeNamedArgument>(System.Object[])	mscorlib
Array_AsReadOnly_TisCustomAttributeNamedArgument_t287865710_m2126958740_gshared	System.Collections.ObjectModel.ReadOnlyCollection`1<!!0> System.Array::AsReadOnly<System.Reflection.CustomAttributeNamedArgument>(!!0[])	mscorlib
List_1__ctor_m3947764094_gshared	System.Void System.Collections.Generic.List`1<System.Security.Policy.StrongName>::.ctor(System.Int32)	mscorlib
List_1__ctor_m2321703786_gshared	System.Void System.Collections.Generic.List`1<System.String>::.ctor()	mscorlib
List_1_get_Count_m2934127733_gshared	System.Int32 System.Collections.Generic.List`1<System.String>::get_Count()	mscorlib
List_1_Add_m3338814081_gshared	System.Void System.Collections.Generic.List`1<System.String>::Add(T)	mscorlib
List_1_ToArray_m4168020446_gshared	T[] System.Collections.Generic.List`1<System.String>::ToArray()	mscorlib
GenericComparer_1__ctor_m3652072706_gshared	System.Void System.Collections.Generic.GenericComparer`1<System.TimeSpan>::.ctor()	mscorlib
GenericEqualityComparer_1__ctor_m1840402219_gshared	System.Void System.Collections.Generic.GenericEqualityComparer`1<System.TimeSpan>::.ctor()	mscorlib
Dictionary_2__ctor_m1324730059_gshared	System.Void System.Collections.Generic.Dictionary`2<System.String,System.Boolean>::.ctor(System.Collections.Generic.IEqualityComparer`1<!0>)	System
Dictionary_2_Add_m4262304220_gshared	System.Void System.Collections.Generic.Dictionary`2<System.String,System.Boolean>::Add(!0,!1)	System
Array_BinarySearch_TisInt32_t2950945753_m3042812452_gshared	System.Int32 System.Array::BinarySearch<System.Int32>(!!0[],System.Int32,System.Int32,!!0)	System
Action_1_Invoke_m2461023210_gshared	System.Void System.Action`1<UnityEngine.AsyncOperation>::Invoke(!0)	UnityEngine.CoreModule
Stack_1__ctor_m3164958980_gshared	System.Void System.Collections.Generic.Stack`1<System.Type>::.ctor()	UnityEngine.CoreModule
Stack_1_Push_m1669856732_gshared	System.Void System.Collections.Generic.Stack`1<System.Type>::Push(!0)	UnityEngine.CoreModule
Stack_1_Pop_m756553478_gshared	!0 System.Collections.Generic.Stack`1<System.Type>::Pop()	UnityEngine.CoreModule
Stack_1_get_Count_m1599740434_gshared	System.Int32 System.Collections.Generic.Stack`1<System.Type>::get_Count()	UnityEngine.CoreModule
List_1__ctor_m2321703786_gshared	System.Void System.Collections.Generic.List`1<System.Type>::.ctor()	UnityEngine.CoreModule
List_1_Add_m3338814081_gshared	System.Void System.Collections.Generic.List`1<System.Type>::Add(!0)	UnityEngine.CoreModule
List_1_ToArray_m4168020446_gshared	!0[] System.Collections.Generic.List`1<System.Type>::ToArray()	UnityEngine.CoreModule
AttributeHelperEngine_GetCustomAttributeOfType_TisRuntimeObject_m429013101_gshared	T UnityEngine.AttributeHelperEngine::GetCustomAttributeOfType<UnityEngine.DefaultExecutionOrder>(System.Type)	UnityEngine.CoreModule
List_1_get_Item_m1878021807_gshared	!0 System.Collections.Generic.List`1<UnityEngine.BeforeRenderHelper/OrderBlock>::get_Item(System.Int32)	UnityEngine.CoreModule
List_1_get_Count_m1337941140_gshared	System.Int32 System.Collections.Generic.List`1<UnityEngine.BeforeRenderHelper/OrderBlock>::get_Count()	UnityEngine.CoreModule
List_1__ctor_m1345008423_gshared	System.Void System.Collections.Generic.List`1<UnityEngine.BeforeRenderHelper/OrderBlock>::.ctor()	UnityEngine.CoreModule
Dictionary_2_TryGetValue_m3495031886_gshared	System.Boolean System.Collections.Generic.Dictionary`2<System.IntPtr,System.WeakReference>::TryGetValue(!0,!1&)	UnityEngine.CoreModule
Dictionary_2__ctor_m517598155_gshared	System.Void System.Collections.Generic.Dictionary`2<System.IntPtr,System.WeakReference>::.ctor()	UnityEngine.CoreModule
List_1__ctor_m2321703786_gshared	System.Void System.Collections.Generic.List`1<UnityEngine.Events.BaseInvokableCall>::.ctor()	UnityEngine.CoreModule
List_1_Add_m3338814081_gshared	System.Void System.Collections.Generic.List`1<UnityEngine.Events.BaseInvokableCall>::Add(!0)	UnityEngine.CoreModule
List_1_get_Item_m2287542950_gshared	!0 System.Collections.Generic.List`1<UnityEngine.Events.BaseInvokableCall>::get_Item(System.Int32)	UnityEngine.CoreModule
List_1_get_Count_m2934127733_gshared	System.Int32 System.Collections.Generic.List`1<UnityEngine.Events.BaseInvokableCall>::get_Count()	UnityEngine.CoreModule
List_1_Contains_m2654125393_gshared	System.Boolean System.Collections.Generic.List`1<UnityEngine.Events.BaseInvokableCall>::Contains(!0)	UnityEngine.CoreModule
Predicate_1__ctor_m327447107_gshared	System.Void System.Predicate`1<UnityEngine.Events.BaseInvokableCall>::.ctor(System.Object,System.IntPtr)	UnityEngine.CoreModule
List_1_RemoveAll_m4292035398_gshared	System.Int32 System.Collections.Generic.List`1<UnityEngine.Events.BaseInvokableCall>::RemoveAll(System.Predicate`1<!0>)	UnityEngine.CoreModule
List_1_Clear_m3697625829_gshared	System.Void System.Collections.Generic.List`1<UnityEngine.Events.BaseInvokableCall>::Clear()	UnityEngine.CoreModule
List_1_AddRange_m3709462088_gshared	System.Void System.Collections.Generic.List`1<UnityEngine.Events.BaseInvokableCall>::AddRange(System.Collections.Generic.IEnumerable`1<!0>)	UnityEngine.CoreModule
CachedInvokableCall_1__ctor_m1997047287_gshared	System.Void UnityEngine.Events.CachedInvokableCall`1<System.Single>::.ctor(UnityEngine.Object,System.Reflection.MethodInfo,T)	UnityEngine.CoreModule
CachedInvokableCall_1__ctor_m2046334630_gshared	System.Void UnityEngine.Events.CachedInvokableCall`1<System.Int32>::.ctor(UnityEngine.Object,System.Reflection.MethodInfo,T)	UnityEngine.CoreModule
CachedInvokableCall_1__ctor_m3714231058_gshared	System.Void UnityEngine.Events.CachedInvokableCall`1<System.String>::.ctor(UnityEngine.Object,System.Reflection.MethodInfo,T)	UnityEngine.CoreModule
CachedInvokableCall_1__ctor_m3078689395_gshared	System.Void UnityEngine.Events.CachedInvokableCall`1<System.Boolean>::.ctor(UnityEngine.Object,System.Reflection.MethodInfo,T)	UnityEngine.CoreModule
List_1__ctor_m2321703786_gshared	System.Void System.Collections.Generic.List`1<UnityEngine.Events.PersistentCall>::.ctor()	UnityEngine.CoreModule
List_1_GetEnumerator_m2930774921_gshared	System.Collections.Generic.List`1/Enumerator<!0> System.Collections.Generic.List`1<UnityEngine.Events.PersistentCall>::GetEnumerator()	UnityEngine.CoreModule
Enumerator_get_Current_m470245444_AdjustorThunk	!0 System.Collections.Generic.List`1/Enumerator<UnityEngine.Events.PersistentCall>::get_Current()	UnityEngine.CoreModule
Enumerator_MoveNext_m2142368520_AdjustorThunk	System.Boolean System.Collections.Generic.List`1/Enumerator<UnityEngine.Events.PersistentCall>::MoveNext()	UnityEngine.CoreModule
Enumerator_Dispose_m3007748546_AdjustorThunk	System.Void System.Collections.Generic.List`1/Enumerator<UnityEngine.Events.PersistentCall>::Dispose()	mscorlib
Mesh_GetAllocArrayFromChannel_TisVector3_t3722313464_m4289135201_gshared	T[] UnityEngine.Mesh::GetAllocArrayFromChannel<UnityEngine.Vector3>(UnityEngine.Mesh/InternalShaderChannel)	UnityEngine.CoreModule
Mesh_SetArrayForChannel_TisVector3_t3722313464_m3687142240_gshared	System.Void UnityEngine.Mesh::SetArrayForChannel<UnityEngine.Vector3>(UnityEngine.Mesh/InternalShaderChannel,T[])	UnityEngine.CoreModule
Mesh_GetAllocArrayFromChannel_TisVector4_t3319028937_m3479135907_gshared	T[] UnityEngine.Mesh::GetAllocArrayFromChannel<UnityEngine.Vector4>(UnityEngine.Mesh/InternalShaderChannel)	UnityEngine.CoreModule
Mesh_GetAllocArrayFromChannel_TisVector2_t2156229523_m1057679375_gshared	T[] UnityEngine.Mesh::GetAllocArrayFromChannel<UnityEngine.Vector2>(UnityEngine.Mesh/InternalShaderChannel)	UnityEngine.CoreModule
Mesh_SetArrayForChannel_TisVector2_t2156229523_m1073439182_gshared	System.Void UnityEngine.Mesh::SetArrayForChannel<UnityEngine.Vector2>(UnityEngine.Mesh/InternalShaderChannel,T[])	UnityEngine.CoreModule
Mesh_GetAllocArrayFromChannel_TisColor32_t2600501292_m3180365313_gshared	T[] UnityEngine.Mesh::GetAllocArrayFromChannel<UnityEngine.Color32>(UnityEngine.Mesh/InternalShaderChannel,UnityEngine.Mesh/InternalVertexChannelType,System.Int32)	UnityEngine.CoreModule
Mesh_SetListForChannel_TisVector3_t3722313464_m2465014356_gshared	System.Void UnityEngine.Mesh::SetListForChannel<UnityEngine.Vector3>(UnityEngine.Mesh/InternalShaderChannel,System.Collections.Generic.List`1<T>)	UnityEngine.CoreModule
Mesh_SetListForChannel_TisVector4_t3319028937_m1475644498_gshared	System.Void UnityEngine.Mesh::SetListForChannel<UnityEngine.Vector4>(UnityEngine.Mesh/InternalShaderChannel,System.Collections.Generic.List`1<T>)	UnityEngine.CoreModule
Mesh_SetListForChannel_TisColor32_t2600501292_m1879759408_gshared	System.Void UnityEngine.Mesh::SetListForChannel<UnityEngine.Color32>(UnityEngine.Mesh/InternalShaderChannel,UnityEngine.Mesh/InternalVertexChannelType,System.Int32,System.Collections.Generic.List`1<T>)	UnityEngine.CoreModule
Mesh_SetUvsImpl_TisVector2_t2156229523_m3009194955_gshared	System.Void UnityEngine.Mesh::SetUvsImpl<UnityEngine.Vector2>(System.Int32,System.Int32,System.Collections.Generic.List`1<T>)	UnityEngine.CoreModule
NoAllocHelpers_SafeLength_TisInt32_t2950945753_m1263070609_gshared	System.Int32 UnityEngine.NoAllocHelpers::SafeLength<System.Int32>(System.Collections.Generic.List`1<T>)	UnityEngine.CoreModule
List_1__ctor_m1628857705_gshared	System.Void System.Collections.Generic.List`1<System.Int32>::.ctor()	UnityEngine.CoreModule
ScriptableObject_CreateInstance_TisRuntimeObject_m1552711675_gshared	T UnityEngine.ScriptableObject::CreateInstance<UnityEngine.Networking.PlayerConnection.PlayerConnection>()	UnityEngine.CoreModule
List_1_Add_m697420525_gshared	System.Void System.Collections.Generic.List`1<System.Int32>::Add(!0)	UnityEngine.CoreModule
UnityEvent_1_Invoke_m3604335408_gshared	System.Void UnityEngine.Events.UnityEvent`1<System.Int32>::Invoke(T0)	UnityEngine.CoreModule
List_1_Remove_m3037048099_gshared	System.Boolean System.Collections.Generic.List`1<System.Int32>::Remove(!0)	UnityEngine.CoreModule
List_1__ctor_m2321703786_gshared	System.Void System.Collections.Generic.List`1<UnityEngine.Networking.PlayerConnection.PlayerEditorConnectionEvents/MessageTypeSubscribers>::.ctor()	UnityEngine.CoreModule
Func_2__ctor_m3104565095_gshared	System.Void System.Func`2<UnityEngine.Networking.PlayerConnection.PlayerEditorConnectionEvents/MessageTypeSubscribers,System.Boolean>::.ctor(System.Object,System.IntPtr)	UnityEngine.CoreModule
Enumerable_Where_TisRuntimeObject_m3454096398_gshared	System.Collections.Generic.IEnumerable`1<!!0> System.Linq.Enumerable::Where<UnityEngine.Networking.PlayerConnection.PlayerEditorConnectionEvents/MessageTypeSubscribers>(System.Collections.Generic.IEnumerable`1<!!0>,System.Func`2<!!0,System.Boolean>)	UnityEngine.CoreModule
Enumerable_Any_TisRuntimeObject_m3173759778_gshared	System.Boolean System.Linq.Enumerable::Any<UnityEngine.Networking.PlayerConnection.PlayerEditorConnectionEvents/MessageTypeSubscribers>(System.Collections.Generic.IEnumerable`1<!!0>)	UnityEngine.CoreModule
UnityEvent_1_Invoke_m2734859485_gshared	System.Void UnityEngine.Events.UnityEvent`1<UnityEngine.Networking.PlayerConnection.MessageEventArgs>::Invoke(T0)	UnityEngine.CoreModule
UnityEvent_1__ctor_m3816765192_gshared	System.Void UnityEngine.Events.UnityEvent`1<System.Int32>::.ctor()	UnityEngine.CoreModule
UnityEvent_1__ctor_m1789019280_gshared	System.Void UnityEngine.Events.UnityEvent`1<UnityEngine.Networking.PlayerConnection.MessageEventArgs>::.ctor()	UnityEngine.CoreModule
UnityAction_2_Invoke_m1541286357_gshared	System.Void UnityEngine.Events.UnityAction`2<UnityEngine.SceneManagement.Scene,UnityEngine.SceneManagement.LoadSceneMode>::Invoke(T0,T1)	UnityEngine.CoreModule
UnityAction_1_Invoke_m3649732398_gshared	System.Void UnityEngine.Events.UnityAction`1<UnityEngine.SceneManagement.Scene>::Invoke(T0)	UnityEngine.CoreModule
UnityAction_2_Invoke_m944492567_gshared	System.Void UnityEngine.Events.UnityAction`2<UnityEngine.SceneManagement.Scene,UnityEngine.SceneManagement.Scene>::Invoke(T0,T1)	UnityEngine.CoreModule
Component_GetComponent_TisRuntimeObject_m2906321015_gshared	T UnityEngine.Component::GetComponent<UnityEngine.GUILayer>()	UnityEngine.CoreModule
Action_1__ctor_m118522912_gshared	System.Void System.Action`1<UnityEngine.U2D.SpriteAtlas>::.ctor(System.Object,System.IntPtr)	UnityEngine.CoreModule
Queue_1__ctor_m1971992302_gshared	System.Void System.Collections.Generic.Queue`1<UnityEngine.UnitySynchronizationContext/WorkRequest>::.ctor(System.Int32)	UnityEngine.CoreModule
Queue_1_Dequeue_m979967976_gshared	!0 System.Collections.Generic.Queue`1<UnityEngine.UnitySynchronizationContext/WorkRequest>::Dequeue()	UnityEngine.CoreModule
Queue_1_get_Count_m3368911732_gshared	System.Int32 System.Collections.Generic.Queue`1<UnityEngine.UnitySynchronizationContext/WorkRequest>::get_Count()	UnityEngine.CoreModule
Action_1_Invoke_m2461023210_gshared	System.Void System.Action`1<UnityEngine.Font>::Invoke(!0)	UnityEngine.TextRenderingModule
List_1__ctor_m163821521_gshared	System.Void System.Collections.Generic.List`1<UnityEngine.UIVertex>::.ctor(System.Int32)	UnityEngine.TextRenderingModule
List_1__ctor_m808270210_gshared	System.Void System.Collections.Generic.List`1<UnityEngine.UICharInfo>::.ctor(System.Int32)	UnityEngine.TextRenderingModule
List_1__ctor_m4212503576_gshared	System.Void System.Collections.Generic.List`1<UnityEngine.UILineInfo>::.ctor(System.Int32)	UnityEngine.TextRenderingModule
PlayableHandle_IsPlayableOfType_TisAnimationLayerMixerPlayable_t3631223897_m201603007_AdjustorThunk	System.Boolean UnityEngine.Playables.PlayableHandle::IsPlayableOfType<UnityEngine.Animations.AnimationLayerMixerPlayable>()	UnityEngine.AnimationModule
PlayableHandle_IsPlayableOfType_TisAnimationOffsetPlayable_t2887420414_m2033286094_AdjustorThunk	System.Boolean UnityEngine.Playables.PlayableHandle::IsPlayableOfType<UnityEngine.Animations.AnimationOffsetPlayable>()	UnityEngine.AnimationModule
PlayableHandle_IsPlayableOfType_TisAnimatorControllerPlayable_t1015767841_m3416945299_AdjustorThunk	System.Boolean UnityEngine.Playables.PlayableHandle::IsPlayableOfType<UnityEngine.Animations.AnimatorControllerPlayable>()	UnityEngine.AnimationModule
List_1_GetEnumerator_m2930774921_gshared	System.Collections.Generic.List`1/Enumerator<!0> System.Collections.Generic.List`1<UnityEngine.AudioSpatializerExtensionDefinition>::GetEnumerator()	UnityEngine.AudioModule
Enumerator_get_Current_m470245444_AdjustorThunk	!0 System.Collections.Generic.List`1/Enumerator<UnityEngine.AudioSpatializerExtensionDefinition>::get_Current()	UnityEngine.AudioModule
Enumerator_MoveNext_m2142368520_AdjustorThunk	System.Boolean System.Collections.Generic.List`1/Enumerator<UnityEngine.AudioSpatializerExtensionDefinition>::MoveNext()	UnityEngine.AudioModule
Enumerator_Dispose_m3007748546_AdjustorThunk	System.Void System.Collections.Generic.List`1/Enumerator<UnityEngine.AudioSpatializerExtensionDefinition>::Dispose()	mscorlib
List_1_GetEnumerator_m2930774921_gshared	System.Collections.Generic.List`1/Enumerator<!0> System.Collections.Generic.List`1<UnityEngine.AudioAmbisonicExtensionDefinition>::GetEnumerator()	UnityEngine.AudioModule
Enumerator_get_Current_m470245444_AdjustorThunk	!0 System.Collections.Generic.List`1/Enumerator<UnityEngine.AudioAmbisonicExtensionDefinition>::get_Current()	UnityEngine.AudioModule
Enumerator_MoveNext_m2142368520_AdjustorThunk	System.Boolean System.Collections.Generic.List`1/Enumerator<UnityEngine.AudioAmbisonicExtensionDefinition>::MoveNext()	UnityEngine.AudioModule
Enumerator_Dispose_m3007748546_AdjustorThunk	System.Void System.Collections.Generic.List`1/Enumerator<UnityEngine.AudioAmbisonicExtensionDefinition>::Dispose()	mscorlib
List_1_Add_m3338814081_gshared	System.Void System.Collections.Generic.List`1<UnityEngine.AudioSourceExtension>::Add(!0)	UnityEngine.AudioModule
List_1_get_Count_m2934127733_gshared	System.Int32 System.Collections.Generic.List`1<UnityEngine.AudioSourceExtension>::get_Count()	UnityEngine.AudioModule
List_1_get_Item_m2287542950_gshared	!0 System.Collections.Generic.List`1<UnityEngine.AudioSourceExtension>::get_Item(System.Int32)	UnityEngine.AudioModule
List_1_set_Item_m1979164443_gshared	System.Void System.Collections.Generic.List`1<UnityEngine.AudioSourceExtension>::set_Item(System.Int32,!0)	UnityEngine.AudioModule
List_1_RemoveAt_m2730968292_gshared	System.Void System.Collections.Generic.List`1<UnityEngine.AudioSourceExtension>::RemoveAt(System.Int32)	UnityEngine.AudioModule
List_1__ctor_m2321703786_gshared	System.Void System.Collections.Generic.List`1<UnityEngine.AudioSpatializerExtensionDefinition>::.ctor()	UnityEngine.AudioModule
List_1__ctor_m2321703786_gshared	System.Void System.Collections.Generic.List`1<UnityEngine.AudioAmbisonicExtensionDefinition>::.ctor()	UnityEngine.AudioModule
List_1__ctor_m2321703786_gshared	System.Void System.Collections.Generic.List`1<UnityEngine.AudioSourceExtension>::.ctor()	UnityEngine.AudioModule
List_1__ctor_m2321703786_gshared	System.Void System.Collections.Generic.List`1<UnityEngine.GUILayoutEntry>::.ctor()	UnityEngine.IMGUIModule
List_1_get_Count_m2934127733_gshared	System.Int32 System.Collections.Generic.List`1<UnityEngine.GUILayoutEntry>::get_Count()	UnityEngine.IMGUIModule
List_1_GetEnumerator_m2930774921_gshared	System.Collections.Generic.List`1/Enumerator<!0> System.Collections.Generic.List`1<UnityEngine.GUILayoutEntry>::GetEnumerator()	UnityEngine.IMGUIModule
Enumerator_get_Current_m470245444_AdjustorThunk	!0 System.Collections.Generic.List`1/Enumerator<UnityEngine.GUILayoutEntry>::get_Current()	UnityEngine.IMGUIModule
Enumerator_MoveNext_m2142368520_AdjustorThunk	System.Boolean System.Collections.Generic.List`1/Enumerator<UnityEngine.GUILayoutEntry>::MoveNext()	UnityEngine.IMGUIModule
Enumerator_Dispose_m3007748546_AdjustorThunk	System.Void System.Collections.Generic.List`1/Enumerator<UnityEngine.GUILayoutEntry>::Dispose()	mscorlib
List_1_get_Item_m2287542950_gshared	!0 System.Collections.Generic.List`1<UnityEngine.GUILayoutEntry>::get_Item(System.Int32)	UnityEngine.IMGUIModule
Dictionary_2_TryGetValue_m3411363121_gshared	System.Boolean System.Collections.Generic.Dictionary`2<System.Int32,UnityEngine.GUILayoutUtility/LayoutCache>::TryGetValue(!0,!1&)	UnityEngine.IMGUIModule
Dictionary_2_set_Item_m3327106492_gshared	System.Void System.Collections.Generic.Dictionary`2<System.Int32,UnityEngine.GUILayoutUtility/LayoutCache>::set_Item(!0,!1)	UnityEngine.IMGUIModule
Dictionary_2__ctor_m2601736566_gshared	System.Void System.Collections.Generic.Dictionary`2<System.Int32,UnityEngine.GUILayoutUtility/LayoutCache>::.ctor()	UnityEngine.IMGUIModule
Func_3_Invoke_m4134091626_gshared	!2 System.Func`3<System.Int32,System.IntPtr,System.Boolean>::Invoke(!0,!1)	UnityEngine.IMGUIModule
Func_2_Invoke_m1574203759_gshared	!1 System.Func`2<System.Exception,System.Boolean>::Invoke(!0)	UnityEngine.IMGUIModule
List_1__ctor_m2321703786_gshared	System.Void System.Collections.Generic.List`1<UnityEngine.Rigidbody2D>::.ctor()	UnityEngine.Physics2DModule
List_1__ctor_m2049947431_gshared	System.Void System.Collections.Generic.List`1<UnityEngine.EventSystems.RaycastResult>::.ctor()	UnityEngine.UI
Component_GetComponents_TisRuntimeObject_m539078962_gshared	!!0[] UnityEngine.Component::GetComponents<UnityEngine.EventSystems.BaseInput>()	UnityEngine.UI
GameObject_AddComponent_TisRuntimeObject_m3469369570_gshared	!!0 UnityEngine.GameObject::AddComponent<UnityEngine.EventSystems.BaseInput>()	UnityEngine.UI
Component_GetComponent_TisRuntimeObject_m2906321015_gshared	!!0 UnityEngine.Component::GetComponent<UnityEngine.EventSystems.EventSystem>()	UnityEngine.UI
List_1_get_Item_m2113769949_gshared	!0 System.Collections.Generic.List`1<UnityEngine.EventSystems.RaycastResult>::get_Item(System.Int32)	UnityEngine.UI
List_1_get_Count_m4207101203_gshared	System.Int32 System.Collections.Generic.List`1<UnityEngine.EventSystems.RaycastResult>::get_Count()	UnityEngine.UI
List_1_get_Item_m2287542950_gshared	!0 System.Collections.Generic.List`1<UnityEngine.GameObject>::get_Item(System.Int32)	UnityEngine.UI
ExecuteEvents_Execute_TisRuntimeObject_m1952955951_gshared	System.Boolean UnityEngine.EventSystems.ExecuteEvents::Execute<UnityEngine.EventSystems.IPointerExitHandler>(UnityEngine.GameObject,UnityEngine.EventSystems.BaseEventData,UnityEngine.EventSystems.ExecuteEvents/EventFunction`1<T>)	UnityEngine.UI
List_1_get_Count_m2934127733_gshared	System.Int32 System.Collections.Generic.List`1<UnityEngine.GameObject>::get_Count()	UnityEngine.UI
List_1_Clear_m3697625829_gshared	System.Void System.Collections.Generic.List`1<UnityEngine.GameObject>::Clear()	UnityEngine.UI
List_1_Remove_m1416767016_gshared	System.Boolean System.Collections.Generic.List`1<UnityEngine.GameObject>::Remove(!0)	UnityEngine.UI
ExecuteEvents_Execute_TisRuntimeObject_m1952955951_gshared	System.Boolean UnityEngine.EventSystems.ExecuteEvents::Execute<UnityEngine.EventSystems.IPointerEnterHandler>(UnityEngine.GameObject,UnityEngine.EventSystems.BaseEventData,UnityEngine.EventSystems.ExecuteEvents/EventFunction`1<T>)	UnityEngine.UI
List_1_Add_m3338814081_gshared	System.Void System.Collections.Generic.List`1<UnityEngine.GameObject>::Add(!0)	UnityEngine.UI
List_1__ctor_m2321703786_gshared	System.Void System.Collections.Generic.List`1<UnityEngine.EventSystems.BaseInputModule>::.ctor()	UnityEngine.UI
List_1_get_Count_m2934127733_gshared	System.Int32 System.Collections.Generic.List`1<UnityEngine.EventSystems.EventSystem>::get_Count()	UnityEngine.UI
List_1_get_Item_m2287542950_gshared	!0 System.Collections.Generic.List`1<UnityEngine.EventSystems.EventSystem>::get_Item(System.Int32)	UnityEngine.UI
List_1_IndexOf_m2662756272_gshared	System.Int32 System.Collections.Generic.List`1<UnityEngine.EventSystems.EventSystem>::IndexOf(!0)	UnityEngine.UI
List_1_RemoveAt_m2730968292_gshared	System.Void System.Collections.Generic.List`1<UnityEngine.EventSystems.EventSystem>::RemoveAt(System.Int32)	UnityEngine.UI
List_1_Insert_m3748206754_gshared	System.Void System.Collections.Generic.List`1<UnityEngine.EventSystems.EventSystem>::Insert(System.Int32,!0)	UnityEngine.UI
Component_GetComponents_TisRuntimeObject_m2416546752_gshared	System.Void UnityEngine.Component::GetComponents<UnityEngine.EventSystems.BaseInputModule>(System.Collections.Generic.List`1<!!0>)	UnityEngine.UI
List_1_get_Count_m2934127733_gshared	System.Int32 System.Collections.Generic.List`1<UnityEngine.EventSystems.BaseInputModule>::get_Count()	UnityEngine.UI
List_1_get_Item_m2287542950_gshared	!0 System.Collections.Generic.List`1<UnityEngine.EventSystems.BaseInputModule>::get_Item(System.Int32)	UnityEngine.UI
List_1_RemoveAt_m2730968292_gshared	System.Void System.Collections.Generic.List`1<UnityEngine.EventSystems.BaseInputModule>::RemoveAt(System.Int32)	UnityEngine.UI
ExecuteEvents_Execute_TisRuntimeObject_m1952955951_gshared	System.Boolean UnityEngine.EventSystems.ExecuteEvents::Execute<UnityEngine.EventSystems.IDeselectHandler>(UnityEngine.GameObject,UnityEngine.EventSystems.BaseEventData,UnityEngine.EventSystems.ExecuteEvents/EventFunction`1<T>)	UnityEngine.UI
ExecuteEvents_Execute_TisRuntimeObject_m1952955951_gshared	System.Boolean UnityEngine.EventSystems.ExecuteEvents::Execute<UnityEngine.EventSystems.ISelectHandler>(UnityEngine.GameObject,UnityEngine.EventSystems.BaseEventData,UnityEngine.EventSystems.ExecuteEvents/EventFunction`1<T>)	UnityEngine.UI
List_1_Clear_m1143167521_gshared	System.Void System.Collections.Generic.List`1<UnityEngine.EventSystems.RaycastResult>::Clear()	UnityEngine.UI
List_1_get_Item_m2287542950_gshared	!0 System.Collections.Generic.List`1<UnityEngine.EventSystems.BaseRaycaster>::get_Item(System.Int32)	UnityEngine.UI
List_1_get_Count_m2934127733_gshared	System.Int32 System.Collections.Generic.List`1<UnityEngine.EventSystems.BaseRaycaster>::get_Count()	UnityEngine.UI
List_1_Sort_m560065279_gshared	System.Void System.Collections.Generic.List`1<UnityEngine.EventSystems.RaycastResult>::Sort(System.Comparison`1<!0>)	UnityEngine.UI
List_1_Add_m3338814081_gshared	System.Void System.Collections.Generic.List`1<UnityEngine.EventSystems.EventSystem>::Add(!0)	UnityEngine.UI
List_1_Remove_m1416767016_gshared	System.Boolean System.Collections.Generic.List`1<UnityEngine.EventSystems.EventSystem>::Remove(!0)	UnityEngine.UI
List_1__ctor_m2321703786_gshared	System.Void System.Collections.Generic.List`1<UnityEngine.EventSystems.EventSystem>::.ctor()	UnityEngine.UI
Comparison_1__ctor_m214699014_gshared	System.Void System.Comparison`1<UnityEngine.EventSystems.RaycastResult>::.ctor(System.Object,System.IntPtr)	UnityEngine.UI
List_1__ctor_m2321703786_gshared	System.Void System.Collections.Generic.List`1<UnityEngine.EventSystems.EventTrigger/Entry>::.ctor()	UnityEngine.UI
List_1_get_Count_m2934127733_gshared	System.Int32 System.Collections.Generic.List`1<UnityEngine.EventSystems.EventTrigger/Entry>::get_Count()	UnityEngine.UI
List_1_get_Item_m2287542950_gshared	!0 System.Collections.Generic.List`1<UnityEngine.EventSystems.EventTrigger/Entry>::get_Item(System.Int32)	UnityEngine.UI
UnityEvent_1_Invoke_m2734859485_gshared	System.Void UnityEngine.Events.UnityEvent`1<UnityEngine.EventSystems.BaseEventData>::Invoke(!0)	UnityEngine.UI
UnityEvent_1__ctor_m1789019280_gshared	System.Void UnityEngine.Events.UnityEvent`1<UnityEngine.EventSystems.BaseEventData>::.ctor()	UnityEngine.UI
ExecuteEvents_ValidateEventData_TisRuntimeObject_m1594546529_gshared	T UnityEngine.EventSystems.ExecuteEvents::ValidateEventData<UnityEngine.EventSystems.PointerEventData>(UnityEngine.EventSystems.BaseEventData)	UnityEngine.UI
ExecuteEvents_ValidateEventData_TisRuntimeObject_m1594546529_gshared	T UnityEngine.EventSystems.ExecuteEvents::ValidateEventData<UnityEngine.EventSystems.AxisEventData>(UnityEngine.EventSystems.BaseEventData)	UnityEngine.UI
EventFunction_1__ctor_m4292798223_gshared	System.Void UnityEngine.EventSystems.ExecuteEvents/EventFunction`1<UnityEngine.EventSystems.IPointerEnterHandler>::.ctor(System.Object,System.IntPtr)	UnityEngine.UI
EventFunction_1__ctor_m4292798223_gshared	System.Void UnityEngine.EventSystems.ExecuteEvents/EventFunction`1<UnityEngine.EventSystems.IPointerExitHandler>::.ctor(System.Object,System.IntPtr)	UnityEngine.UI
EventFunction_1__ctor_m4292798223_gshared	System.Void UnityEngine.EventSystems.ExecuteEvents/EventFunction`1<UnityEngine.EventSystems.IPointerDownHandler>::.ctor(System.Object,System.IntPtr)	UnityEngine.UI
EventFunction_1__ctor_m4292798223_gshared	System.Void UnityEngine.EventSystems.ExecuteEvents/EventFunction`1<UnityEngine.EventSystems.IPointerUpHandler>::.ctor(System.Object,System.IntPtr)	UnityEngine.UI
EventFunction_1__ctor_m4292798223_gshared	System.Void UnityEngine.EventSystems.ExecuteEvents/EventFunction`1<UnityEngine.EventSystems.IPointerClickHandler>::.ctor(System.Object,System.IntPtr)	UnityEngine.UI
EventFunction_1__ctor_m4292798223_gshared	System.Void UnityEngine.EventSystems.ExecuteEvents/EventFunction`1<UnityEngine.EventSystems.IInitializePotentialDragHandler>::.ctor(System.Object,System.IntPtr)	UnityEngine.UI
EventFunction_1__ctor_m4292798223_gshared	System.Void UnityEngine.EventSystems.ExecuteEvents/EventFunction`1<UnityEngine.EventSystems.IBeginDragHandler>::.ctor(System.Object,System.IntPtr)	UnityEngine.UI
EventFunction_1__ctor_m4292798223_gshared	System.Void UnityEngine.EventSystems.ExecuteEvents/EventFunction`1<UnityEngine.EventSystems.IDragHandler>::.ctor(System.Object,System.IntPtr)	UnityEngine.UI
EventFunction_1__ctor_m4292798223_gshared	System.Void UnityEngine.EventSystems.ExecuteEvents/EventFunction`1<UnityEngine.EventSystems.IEndDragHandler>::.ctor(System.Object,System.IntPtr)	UnityEngine.UI
EventFunction_1__ctor_m4292798223_gshared	System.Void UnityEngine.EventSystems.ExecuteEvents/EventFunction`1<UnityEngine.EventSystems.IDropHandler>::.ctor(System.Object,System.IntPtr)	UnityEngine.UI
EventFunction_1__ctor_m4292798223_gshared	System.Void UnityEngine.EventSystems.ExecuteEvents/EventFunction`1<UnityEngine.EventSystems.IScrollHandler>::.ctor(System.Object,System.IntPtr)	UnityEngine.UI
EventFunction_1__ctor_m4292798223_gshared	System.Void UnityEngine.EventSystems.ExecuteEvents/EventFunction`1<UnityEngine.EventSystems.IUpdateSelectedHandler>::.ctor(System.Object,System.IntPtr)	UnityEngine.UI
EventFunction_1__ctor_m4292798223_gshared	System.Void UnityEngine.EventSystems.ExecuteEvents/EventFunction`1<UnityEngine.EventSystems.ISelectHandler>::.ctor(System.Object,System.IntPtr)	UnityEngine.UI
EventFunction_1__ctor_m4292798223_gshared	System.Void UnityEngine.EventSystems.ExecuteEvents/EventFunction`1<UnityEngine.EventSystems.IDeselectHandler>::.ctor(System.Object,System.IntPtr)	UnityEngine.UI
EventFunction_1__ctor_m4292798223_gshared	System.Void UnityEngine.EventSystems.ExecuteEvents/EventFunction`1<UnityEngine.EventSystems.IMoveHandler>::.ctor(System.Object,System.IntPtr)	UnityEngine.UI
EventFunction_1__ctor_m4292798223_gshared	System.Void UnityEngine.EventSystems.ExecuteEvents/EventFunction`1<UnityEngine.EventSystems.ISubmitHandler>::.ctor(System.Object,System.IntPtr)	UnityEngine.UI
EventFunction_1__ctor_m4292798223_gshared	System.Void UnityEngine.EventSystems.ExecuteEvents/EventFunction`1<UnityEngine.EventSystems.ICancelHandler>::.ctor(System.Object,System.IntPtr)	UnityEngine.UI
UnityAction_1__ctor_m2434317150_gshared	System.Void UnityEngine.Events.UnityAction`1<System.Collections.Generic.List`1<UnityEngine.EventSystems.IEventSystemHandler>>::.ctor(System.Object,System.IntPtr)	UnityEngine.UI
ObjectPool_1__ctor_m2535233435_gshared	System.Void UnityEngine.UI.ObjectPool`1<System.Collections.Generic.List`1<UnityEngine.EventSystems.IEventSystemHandler>>::.ctor(UnityEngine.Events.UnityAction`1<T>,UnityEngine.Events.UnityAction`1<T>)	UnityEngine.UI
List_1__ctor_m3947764094_gshared	System.Void System.Collections.Generic.List`1<UnityEngine.Transform>::.ctor(System.Int32)	UnityEngine.UI
List_1_Clear_m3697625829_gshared	System.Void System.Collections.Generic.List`1<UnityEngine.EventSystems.IEventSystemHandler>::Clear()	UnityEngine.UI
GameObject_GetComponent_TisRuntimeObject_m2049753423_gshared	!!0 UnityEngine.GameObject::GetComponent<UnityEngine.SpriteRenderer>()	UnityEngine.UI
List_1_Add_m3465233825_gshared	System.Void System.Collections.Generic.List`1<UnityEngine.EventSystems.RaycastResult>::Add(!0)	UnityEngine.UI
Component_GetComponent_TisRuntimeObject_m2906321015_gshared	!!0 UnityEngine.Component::GetComponent<UnityEngine.Camera>()	UnityEngine.UI
Comparison_1__ctor_m3138326461_gshared	System.Void System.Comparison`1<UnityEngine.RaycastHit>::.ctor(System.Object,System.IntPtr)	UnityEngine.UI
Array_Sort_TisRaycastHit_t1056001966_m1961542140_gshared	System.Void System.Array::Sort<UnityEngine.RaycastHit>(!!0[],System.Comparison`1<!!0>)	UnityEngine.UI
List_1__ctor_m2321703786_gshared	System.Void System.Collections.Generic.List`1<UnityEngine.GameObject>::.ctor()	UnityEngine.UI
Dictionary_2__ctor_m2601736566_gshared	System.Void System.Collections.Generic.Dictionary`2<System.Int32,UnityEngine.EventSystems.PointerEventData>::.ctor()	UnityEngine.UI
Dictionary_2_TryGetValue_m3411363121_gshared	System.Boolean System.Collections.Generic.Dictionary`2<System.Int32,UnityEngine.EventSystems.PointerEventData>::TryGetValue(!0,!1&)	UnityEngine.UI
Dictionary_2_Add_m2059424751_gshared	System.Void System.Collections.Generic.Dictionary`2<System.Int32,UnityEngine.EventSystems.PointerEventData>::Add(!0,!1)	UnityEngine.UI
Dictionary_2_Remove_m4193450060_gshared	System.Boolean System.Collections.Generic.Dictionary`2<System.Int32,UnityEngine.EventSystems.PointerEventData>::Remove(!0)	UnityEngine.UI
ExecuteEvents_Execute_TisRuntimeObject_m1952955951_gshared	System.Boolean UnityEngine.EventSystems.ExecuteEvents::Execute<UnityEngine.EventSystems.IBeginDragHandler>(UnityEngine.GameObject,UnityEngine.EventSystems.BaseEventData,UnityEngine.EventSystems.ExecuteEvents/EventFunction`1<T>)	UnityEngine.UI
ExecuteEvents_Execute_TisRuntimeObject_m1952955951_gshared	System.Boolean UnityEngine.EventSystems.ExecuteEvents::Execute<UnityEngine.EventSystems.IPointerUpHandler>(UnityEngine.GameObject,UnityEngine.EventSystems.BaseEventData,UnityEngine.EventSystems.ExecuteEvents/EventFunction`1<T>)	UnityEngine.UI
ExecuteEvents_Execute_TisRuntimeObject_m1952955951_gshared	System.Boolean UnityEngine.EventSystems.ExecuteEvents::Execute<UnityEngine.EventSystems.IDragHandler>(UnityEngine.GameObject,UnityEngine.EventSystems.BaseEventData,UnityEngine.EventSystems.ExecuteEvents/EventFunction`1<T>)	UnityEngine.UI
Dictionary_2_get_Values_m683714624_gshared	System.Collections.Generic.Dictionary`2/ValueCollection<!0,!1> System.Collections.Generic.Dictionary`2<System.Int32,UnityEngine.EventSystems.PointerEventData>::get_Values()	UnityEngine.UI
ValueCollection_GetEnumerator_m616748621_gshared	System.Collections.Generic.Dictionary`2/ValueCollection/Enumerator<!0,!1> System.Collections.Generic.Dictionary`2/ValueCollection<System.Int32,UnityEngine.EventSystems.PointerEventData>::GetEnumerator()	UnityEngine.UI
Enumerator_get_Current_m2250080680_AdjustorThunk	!1 System.Collections.Generic.Dictionary`2/ValueCollection/Enumerator<System.Int32,UnityEngine.EventSystems.PointerEventData>::get_Current()	UnityEngine.UI
Enumerator_MoveNext_m2602845255_AdjustorThunk	System.Boolean System.Collections.Generic.Dictionary`2/ValueCollection/Enumerator<System.Int32,UnityEngine.EventSystems.PointerEventData>::MoveNext()	UnityEngine.UI
Enumerator_Dispose_m3503748991_AdjustorThunk	System.Void System.Collections.Generic.Dictionary`2/ValueCollection/Enumerator<System.Int32,UnityEngine.EventSystems.PointerEventData>::Dispose()	mscorlib
Dictionary_2_Clear_m212974362_gshared	System.Void System.Collections.Generic.Dictionary`2<System.Int32,UnityEngine.EventSystems.PointerEventData>::Clear()	UnityEngine.UI
Dictionary_2_GetEnumerator_m1087370259_gshared	System.Collections.Generic.Dictionary`2/Enumerator<!0,!1> System.Collections.Generic.Dictionary`2<System.Int32,UnityEngine.EventSystems.PointerEventData>::GetEnumerator()	UnityEngine.UI
Enumerator_get_Current_m3431285658_AdjustorThunk	System.Collections.Generic.KeyValuePair`2<!0,!1> System.Collections.Generic.Dictionary`2/Enumerator<System.Int32,UnityEngine.EventSystems.PointerEventData>::get_Current()	UnityEngine.UI
KeyValuePair_2_get_Value_m3495598764_AdjustorThunk	!1 System.Collections.Generic.KeyValuePair`2<System.Int32,UnityEngine.EventSystems.PointerEventData>::get_Value()	UnityEngine.UI
KeyValuePair_2_get_Key_m1839753989_AdjustorThunk	!0 System.Collections.Generic.KeyValuePair`2<System.Int32,UnityEngine.EventSystems.PointerEventData>::get_Key()	UnityEngine.UI
Enumerator_MoveNext_m3398155861_AdjustorThunk	System.Boolean System.Collections.Generic.Dictionary`2/Enumerator<System.Int32,UnityEngine.EventSystems.PointerEventData>::MoveNext()	UnityEngine.UI
Enumerator_Dispose_m562365603_AdjustorThunk	System.Void System.Collections.Generic.Dictionary`2/Enumerator<System.Int32,UnityEngine.EventSystems.PointerEventData>::Dispose()	mscorlib
ExecuteEvents_GetEventHandler_TisRuntimeObject_m3687647312_gshared	UnityEngine.GameObject UnityEngine.EventSystems.ExecuteEvents::GetEventHandler<UnityEngine.EventSystems.ISelectHandler>(UnityEngine.GameObject)	UnityEngine.UI
List_1__ctor_m2321703786_gshared	System.Void System.Collections.Generic.List`1<UnityEngine.EventSystems.PointerInputModule/ButtonState>::.ctor()	UnityEngine.UI
List_1_get_Item_m2287542950_gshared	!0 System.Collections.Generic.List`1<UnityEngine.EventSystems.PointerInputModule/ButtonState>::get_Item(System.Int32)	UnityEngine.UI
List_1_get_Count_m2934127733_gshared	System.Int32 System.Collections.Generic.List`1<UnityEngine.EventSystems.PointerInputModule/ButtonState>::get_Count()	UnityEngine.UI
List_1_Add_m3338814081_gshared	System.Void System.Collections.Generic.List`1<UnityEngine.EventSystems.PointerInputModule/ButtonState>::Add(!0)	UnityEngine.UI
List_1_Contains_m2654125393_gshared	System.Boolean System.Collections.Generic.List`1<UnityEngine.EventSystems.BaseRaycaster>::Contains(!0)	UnityEngine.UI
List_1_Add_m3338814081_gshared	System.Void System.Collections.Generic.List`1<UnityEngine.EventSystems.BaseRaycaster>::Add(!0)	UnityEngine.UI
List_1_Remove_m1416767016_gshared	System.Boolean System.Collections.Generic.List`1<UnityEngine.EventSystems.BaseRaycaster>::Remove(!0)	UnityEngine.UI
List_1__ctor_m2321703786_gshared	System.Void System.Collections.Generic.List`1<UnityEngine.EventSystems.BaseRaycaster>::.ctor()	UnityEngine.UI
ExecuteEvents_ExecuteHierarchy_TisRuntimeObject_m3266560969_gshared	UnityEngine.GameObject UnityEngine.EventSystems.ExecuteEvents::ExecuteHierarchy<UnityEngine.EventSystems.IPointerDownHandler>(UnityEngine.GameObject,UnityEngine.EventSystems.BaseEventData,UnityEngine.EventSystems.ExecuteEvents/EventFunction`1<T>)	UnityEngine.UI
ExecuteEvents_GetEventHandler_TisRuntimeObject_m3687647312_gshared	UnityEngine.GameObject UnityEngine.EventSystems.ExecuteEvents::GetEventHandler<UnityEngine.EventSystems.IPointerClickHandler>(UnityEngine.GameObject)	UnityEngine.UI
ExecuteEvents_GetEventHandler_TisRuntimeObject_m3687647312_gshared	UnityEngine.GameObject UnityEngine.EventSystems.ExecuteEvents::GetEventHandler<UnityEngine.EventSystems.IDragHandler>(UnityEngine.GameObject)	UnityEngine.UI
ExecuteEvents_Execute_TisRuntimeObject_m1952955951_gshared	System.Boolean UnityEngine.EventSystems.ExecuteEvents::Execute<UnityEngine.EventSystems.IInitializePotentialDragHandler>(UnityEngine.GameObject,UnityEngine.EventSystems.BaseEventData,UnityEngine.EventSystems.ExecuteEvents/EventFunction`1<T>)	UnityEngine.UI
ExecuteEvents_Execute_TisRuntimeObject_m1952955951_gshared	System.Boolean UnityEngine.EventSystems.ExecuteEvents::Execute<UnityEngine.EventSystems.IPointerClickHandler>(UnityEngine.GameObject,UnityEngine.EventSystems.BaseEventData,UnityEngine.EventSystems.ExecuteEvents/EventFunction`1<T>)	UnityEngine.UI
ExecuteEvents_ExecuteHierarchy_TisRuntimeObject_m3266560969_gshared	UnityEngine.GameObject UnityEngine.EventSystems.ExecuteEvents::ExecuteHierarchy<UnityEngine.EventSystems.IDropHandler>(UnityEngine.GameObject,UnityEngine.EventSystems.BaseEventData,UnityEngine.EventSystems.ExecuteEvents/EventFunction`1<T>)	UnityEngine.UI
ExecuteEvents_Execute_TisRuntimeObject_m1952955951_gshared	System.Boolean UnityEngine.EventSystems.ExecuteEvents::Execute<UnityEngine.EventSystems.IEndDragHandler>(UnityEngine.GameObject,UnityEngine.EventSystems.BaseEventData,UnityEngine.EventSystems.ExecuteEvents/EventFunction`1<T>)	UnityEngine.UI
ExecuteEvents_ExecuteHierarchy_TisRuntimeObject_m3266560969_gshared	UnityEngine.GameObject UnityEngine.EventSystems.ExecuteEvents::ExecuteHierarchy<UnityEngine.EventSystems.IPointerExitHandler>(UnityEngine.GameObject,UnityEngine.EventSystems.BaseEventData,UnityEngine.EventSystems.ExecuteEvents/EventFunction`1<T>)	UnityEngine.UI
ExecuteEvents_Execute_TisRuntimeObject_m1952955951_gshared	System.Boolean UnityEngine.EventSystems.ExecuteEvents::Execute<UnityEngine.EventSystems.ISubmitHandler>(UnityEngine.GameObject,UnityEngine.EventSystems.BaseEventData,UnityEngine.EventSystems.ExecuteEvents/EventFunction`1<T>)	UnityEngine.UI
ExecuteEvents_Execute_TisRuntimeObject_m1952955951_gshared	System.Boolean UnityEngine.EventSystems.ExecuteEvents::Execute<UnityEngine.EventSystems.ICancelHandler>(UnityEngine.GameObject,UnityEngine.EventSystems.BaseEventData,UnityEngine.EventSystems.ExecuteEvents/EventFunction`1<T>)	UnityEngine.UI
ExecuteEvents_Execute_TisRuntimeObject_m1952955951_gshared	System.Boolean UnityEngine.EventSystems.ExecuteEvents::Execute<UnityEngine.EventSystems.IMoveHandler>(UnityEngine.GameObject,UnityEngine.EventSystems.BaseEventData,UnityEngine.EventSystems.ExecuteEvents/EventFunction`1<T>)	UnityEngine.UI
ExecuteEvents_GetEventHandler_TisRuntimeObject_m3687647312_gshared	UnityEngine.GameObject UnityEngine.EventSystems.ExecuteEvents::GetEventHandler<UnityEngine.EventSystems.IScrollHandler>(UnityEngine.GameObject)	UnityEngine.UI
ExecuteEvents_ExecuteHierarchy_TisRuntimeObject_m3266560969_gshared	UnityEngine.GameObject UnityEngine.EventSystems.ExecuteEvents::ExecuteHierarchy<UnityEngine.EventSystems.IScrollHandler>(UnityEngine.GameObject,UnityEngine.EventSystems.BaseEventData,UnityEngine.EventSystems.ExecuteEvents/EventFunction`1<T>)	UnityEngine.UI
ExecuteEvents_Execute_TisRuntimeObject_m1952955951_gshared	System.Boolean UnityEngine.EventSystems.ExecuteEvents::Execute<UnityEngine.EventSystems.IUpdateSelectedHandler>(UnityEngine.GameObject,UnityEngine.EventSystems.BaseEventData,UnityEngine.EventSystems.ExecuteEvents/EventFunction`1<T>)	UnityEngine.UI
KeyValuePair_2_ToString_m1238786018_AdjustorThunk	System.String System.Collections.Generic.KeyValuePair`2<System.Int32,UnityEngine.EventSystems.PointerEventData>::ToString()	mscorlib
SetPropertyUtility_SetStruct_TisAspectMode_t3417192999_m1565063249_gshared	System.Boolean UnityEngine.UI.SetPropertyUtility::SetStruct<UnityEngine.UI.AspectRatioFitter/AspectMode>(T&,T)	UnityEngine.UI
SetPropertyUtility_SetStruct_TisSingle_t1397266774_m2805350785_gshared	System.Boolean UnityEngine.UI.SetPropertyUtility::SetStruct<System.Single>(T&,T)	UnityEngine.UI
Component_GetComponent_TisRuntimeObject_m2906321015_gshared	!!0 UnityEngine.Component::GetComponent<UnityEngine.RectTransform>()	UnityEngine.UI
Component_GetComponent_TisRuntimeObject_m2906321015_gshared	!!0 UnityEngine.Component::GetComponent<UnityEngine.UI.Graphic>()	UnityEngine.UI
Component_GetComponent_TisRuntimeObject_m2906321015_gshared	!!0 UnityEngine.Component::GetComponent<UnityEngine.Canvas>()	UnityEngine.UI
IndexedSet_1__ctor_m2250384602_gshared	System.Void UnityEngine.UI.Collections.IndexedSet`1<UnityEngine.UI.ICanvasElement>::.ctor()	UnityEngine.UI
IndexedSet_1_get_Count_m2591381675_gshared	System.Int32 UnityEngine.UI.Collections.IndexedSet`1<UnityEngine.UI.ICanvasElement>::get_Count()	UnityEngine.UI
IndexedSet_1_get_Item_m3913508799_gshared	T UnityEngine.UI.Collections.IndexedSet`1<UnityEngine.UI.ICanvasElement>::get_Item(System.Int32)	UnityEngine.UI
IndexedSet_1_RemoveAt_m3002732320_gshared	System.Void UnityEngine.UI.Collections.IndexedSet`1<UnityEngine.UI.ICanvasElement>::RemoveAt(System.Int32)	UnityEngine.UI
IndexedSet_1_Sort_m2612539420_gshared	System.Void UnityEngine.UI.Collections.IndexedSet`1<UnityEngine.UI.ICanvasElement>::Sort(System.Comparison`1<T>)	UnityEngine.UI
IndexedSet_1_Clear_m4036265083_gshared	System.Void UnityEngine.UI.Collections.IndexedSet`1<UnityEngine.UI.ICanvasElement>::Clear()	UnityEngine.UI
IndexedSet_1_Contains_m1525966688_gshared	System.Boolean UnityEngine.UI.Collections.IndexedSet`1<UnityEngine.UI.ICanvasElement>::Contains(T)	UnityEngine.UI
IndexedSet_1_AddUnique_m861843892_gshared	System.Boolean UnityEngine.UI.Collections.IndexedSet`1<UnityEngine.UI.ICanvasElement>::AddUnique(T)	UnityEngine.UI
IndexedSet_1_Remove_m4118314453_gshared	System.Boolean UnityEngine.UI.Collections.IndexedSet`1<UnityEngine.UI.ICanvasElement>::Remove(T)	UnityEngine.UI
Comparison_1__ctor_m793514796_gshared	System.Void System.Comparison`1<UnityEngine.UI.ICanvasElement>::.ctor(System.Object,System.IntPtr)	UnityEngine.UI
IndexedSet_1__ctor_m2250384602_gshared	System.Void UnityEngine.UI.Collections.IndexedSet`1<UnityEngine.UI.IClipper>::.ctor()	UnityEngine.UI
IndexedSet_1_get_Item_m3913508799_gshared	T UnityEngine.UI.Collections.IndexedSet`1<UnityEngine.UI.IClipper>::get_Item(System.Int32)	UnityEngine.UI
IndexedSet_1_get_Count_m2591381675_gshared	System.Int32 UnityEngine.UI.Collections.IndexedSet`1<UnityEngine.UI.IClipper>::get_Count()	UnityEngine.UI
IndexedSet_1_AddUnique_m861843892_gshared	System.Boolean UnityEngine.UI.Collections.IndexedSet`1<UnityEngine.UI.IClipper>::AddUnique(T)	UnityEngine.UI
IndexedSet_1_Remove_m4118314453_gshared	System.Boolean UnityEngine.UI.Collections.IndexedSet`1<UnityEngine.UI.IClipper>::Remove(T)	UnityEngine.UI
List_1_get_Count_m2934127733_gshared	System.Int32 System.Collections.Generic.List`1<UnityEngine.UI.RectMask2D>::get_Count()	UnityEngine.UI
List_1_get_Item_m2287542950_gshared	!0 System.Collections.Generic.List`1<UnityEngine.UI.RectMask2D>::get_Item(System.Int32)	UnityEngine.UI
SetPropertyUtility_SetStruct_TisFitMode_t3267881214_m3556730181_gshared	System.Boolean UnityEngine.UI.SetPropertyUtility::SetStruct<UnityEngine.UI.ContentSizeFitter/FitMode>(T&,T)	UnityEngine.UI
UnityEvent_1_Invoke_m3884411426_gshared	System.Void UnityEngine.Events.UnityEvent`1<UnityEngine.Color>::Invoke(!0)	UnityEngine.UI
UnityEvent_1_AddListener_m1590149461_gshared	System.Void UnityEngine.Events.UnityEvent`1<UnityEngine.Color>::AddListener(UnityEngine.Events.UnityAction`1<!0>)	UnityEngine.UI
UnityEvent_1__ctor_m1293792034_gshared	System.Void UnityEngine.Events.UnityEvent`1<UnityEngine.Color>::.ctor()	UnityEngine.UI
UnityEvent_1_Invoke_m3400677460_gshared	System.Void UnityEngine.Events.UnityEvent`1<System.Single>::Invoke(!0)	UnityEngine.UI
UnityEvent_1_AddListener_m3008008915_gshared	System.Void UnityEngine.Events.UnityEvent`1<System.Single>::AddListener(UnityEngine.Events.UnityAction`1<!0>)	UnityEngine.UI
UnityEvent_1__ctor_m2218582587_gshared	System.Void UnityEngine.Events.UnityEvent`1<System.Single>::.ctor()	UnityEngine.UI
GameObject_AddComponent_TisRuntimeObject_m3469369570_gshared	!!0 UnityEngine.GameObject::AddComponent<UnityEngine.RectTransform>()	UnityEngine.UI
GameObject_GetComponent_TisRuntimeObject_m2049753423_gshared	!!0 UnityEngine.GameObject::GetComponent<UnityEngine.RectTransform>()	UnityEngine.UI
GameObject_AddComponent_TisRuntimeObject_m3469369570_gshared	!!0 UnityEngine.GameObject::AddComponent<UnityEngine.UI.Image>()	UnityEngine.UI
GameObject_AddComponent_TisRuntimeObject_m3469369570_gshared	!!0 UnityEngine.GameObject::AddComponent<UnityEngine.UI.Button>()	UnityEngine.UI
GameObject_AddComponent_TisRuntimeObject_m3469369570_gshared	!!0 UnityEngine.GameObject::AddComponent<UnityEngine.UI.Text>()	UnityEngine.UI
GameObject_AddComponent_TisRuntimeObject_m3469369570_gshared	!!0 UnityEngine.GameObject::AddComponent<UnityEngine.UI.RawImage>()	UnityEngine.UI
GameObject_AddComponent_TisRuntimeObject_m3469369570_gshared	!!0 UnityEngine.GameObject::AddComponent<UnityEngine.UI.Slider>()	UnityEngine.UI
GameObject_AddComponent_TisRuntimeObject_m3469369570_gshared	!!0 UnityEngine.GameObject::AddComponent<UnityEngine.UI.Scrollbar>()	UnityEngine.UI
GameObject_AddComponent_TisRuntimeObject_m3469369570_gshared	!!0 UnityEngine.GameObject::AddComponent<UnityEngine.UI.Toggle>()	UnityEngine.UI
GameObject_AddComponent_TisRuntimeObject_m3469369570_gshared	!!0 UnityEngine.GameObject::AddComponent<UnityEngine.UI.InputField>()	UnityEngine.UI
GameObject_GetComponent_TisRuntimeObject_m2049753423_gshared	!!0 UnityEngine.GameObject::GetComponent<UnityEngine.UI.Scrollbar>()	UnityEngine.UI
GameObject_AddComponent_TisRuntimeObject_m3469369570_gshared	!!0 UnityEngine.GameObject::AddComponent<UnityEngine.UI.ScrollRect>()	UnityEngine.UI
GameObject_AddComponent_TisRuntimeObject_m3469369570_gshared	!!0 UnityEngine.GameObject::AddComponent<UnityEngine.UI.Mask>()	UnityEngine.UI
GameObject_AddComponent_TisRuntimeObject_m3469369570_gshared	!!0 UnityEngine.GameObject::AddComponent<UnityEngine.UI.Dropdown>()	UnityEngine.UI
List_1_Add_m3338814081_gshared	System.Void System.Collections.Generic.List`1<UnityEngine.UI.Dropdown/OptionData>::Add(!0)	UnityEngine.UI
List_1__ctor_m2321703786_gshared	System.Void System.Collections.Generic.List`1<UnityEngine.UI.Dropdown/DropdownItem>::.ctor()	UnityEngine.UI
List_1_get_Count_m2934127733_gshared	System.Int32 System.Collections.Generic.List`1<UnityEngine.UI.Dropdown/OptionData>::get_Count()	UnityEngine.UI
TweenRunner_1__ctor_m3053831591_gshared	System.Void UnityEngine.UI.CoroutineTween.TweenRunner`1<UnityEngine.UI.CoroutineTween.FloatTween>::.ctor()	UnityEngine.UI
TweenRunner_1_Init_m1266084429_gshared	System.Void UnityEngine.UI.CoroutineTween.TweenRunner`1<UnityEngine.UI.CoroutineTween.FloatTween>::Init(UnityEngine.MonoBehaviour)	UnityEngine.UI
List_1_get_Item_m2287542950_gshared	!0 System.Collections.Generic.List`1<UnityEngine.UI.Dropdown/OptionData>::get_Item(System.Int32)	UnityEngine.UI
List_1_AddRange_m3709462088_gshared	System.Void System.Collections.Generic.List`1<UnityEngine.UI.Dropdown/OptionData>::AddRange(System.Collections.Generic.IEnumerable`1<!0>)	UnityEngine.UI
List_1_get_Item_m2287542950_gshared	!0 System.Collections.Generic.List`1<System.String>::get_Item(System.Int32)	UnityEngine.UI
List_1_get_Item_m2287542950_gshared	!0 System.Collections.Generic.List`1<UnityEngine.Sprite>::get_Item(System.Int32)	UnityEngine.UI
List_1_get_Count_m2934127733_gshared	System.Int32 System.Collections.Generic.List`1<UnityEngine.Sprite>::get_Count()	UnityEngine.UI
List_1_Clear_m3697625829_gshared	System.Void System.Collections.Generic.List`1<UnityEngine.UI.Dropdown/OptionData>::Clear()	UnityEngine.UI
Component_GetComponentInChildren_TisRuntimeObject_m1033527003_gshared	!!0 UnityEngine.Component::GetComponentInChildren<UnityEngine.UI.Toggle>()	UnityEngine.UI
GameObject_AddComponent_TisRuntimeObject_m3469369570_gshared	!!0 UnityEngine.GameObject::AddComponent<UnityEngine.UI.Dropdown/DropdownItem>()	UnityEngine.UI
Dropdown_GetOrAddComponent_TisRuntimeObject_m769901662_gshared	T UnityEngine.UI.Dropdown::GetOrAddComponent<UnityEngine.Canvas>(UnityEngine.GameObject)	UnityEngine.UI
Dropdown_GetOrAddComponent_TisRuntimeObject_m769901662_gshared	T UnityEngine.UI.Dropdown::GetOrAddComponent<UnityEngine.UI.GraphicRaycaster>(UnityEngine.GameObject)	UnityEngine.UI
Dropdown_GetOrAddComponent_TisRuntimeObject_m769901662_gshared	T UnityEngine.UI.Dropdown::GetOrAddComponent<UnityEngine.CanvasGroup>(UnityEngine.GameObject)	UnityEngine.UI
ListPool_1_Get_m1670010485_gshared	System.Collections.Generic.List`1<T> UnityEngine.UI.ListPool`1<UnityEngine.Canvas>::Get()	UnityEngine.UI
GameObject_GetComponentsInParent_TisRuntimeObject_m947018401_gshared	System.Void UnityEngine.GameObject::GetComponentsInParent<UnityEngine.Canvas>(System.Boolean,System.Collections.Generic.List`1<!!0>)	UnityEngine.UI
List_1_get_Count_m2934127733_gshared	System.Int32 System.Collections.Generic.List`1<UnityEngine.Canvas>::get_Count()	UnityEngine.UI
List_1_get_Item_m2287542950_gshared	!0 System.Collections.Generic.List`1<UnityEngine.Canvas>::get_Item(System.Int32)	UnityEngine.UI
ListPool_1_Release_m957266927_gshared	System.Void UnityEngine.UI.ListPool`1<UnityEngine.Canvas>::Release(System.Collections.Generic.List`1<T>)	UnityEngine.UI
GameObject_GetComponentInChildren_TisRuntimeObject_m1513755678_gshared	!!0 UnityEngine.GameObject::GetComponentInChildren<UnityEngine.UI.Dropdown/DropdownItem>()	UnityEngine.UI
List_1_Clear_m3697625829_gshared	System.Void System.Collections.Generic.List`1<UnityEngine.UI.Dropdown/DropdownItem>::Clear()	UnityEngine.UI
UnityAction_1__ctor_m3007623985_gshared	System.Void UnityEngine.Events.UnityAction`1<System.Boolean>::.ctor(System.Object,System.IntPtr)	UnityEngine.UI
UnityEvent_1_AddListener_m2847988282_gshared	System.Void UnityEngine.Events.UnityEvent`1<System.Boolean>::AddListener(UnityEngine.Events.UnityAction`1<!0>)	UnityEngine.UI
List_1_get_Count_m2934127733_gshared	System.Int32 System.Collections.Generic.List`1<UnityEngine.UI.Dropdown/DropdownItem>::get_Count()	UnityEngine.UI
List_1_get_Item_m2287542950_gshared	!0 System.Collections.Generic.List`1<UnityEngine.UI.Dropdown/DropdownItem>::get_Item(System.Int32)	UnityEngine.UI
GameObject_AddComponent_TisRuntimeObject_m3469369570_gshared	!!0 UnityEngine.GameObject::AddComponent<UnityEngine.Canvas>()	UnityEngine.UI
GameObject_GetComponent_TisRuntimeObject_m2049753423_gshared	!!0 UnityEngine.GameObject::GetComponent<UnityEngine.Canvas>()	UnityEngine.UI
GameObject_AddComponent_TisRuntimeObject_m3469369570_gshared	!!0 UnityEngine.GameObject::AddComponent<UnityEngine.UI.GraphicRaycaster>()	UnityEngine.UI
Object_Instantiate_TisRuntimeObject_m2446893047_gshared	!!0 UnityEngine.Object::Instantiate<UnityEngine.GameObject>(!!0)	UnityEngine.UI
Object_Instantiate_TisRuntimeObject_m2446893047_gshared	!!0 UnityEngine.Object::Instantiate<UnityEngine.UI.Dropdown/DropdownItem>(!!0)	UnityEngine.UI
List_1_Add_m3338814081_gshared	System.Void System.Collections.Generic.List`1<UnityEngine.UI.Dropdown/DropdownItem>::Add(!0)	UnityEngine.UI
GameObject_GetComponent_TisRuntimeObject_m2049753423_gshared	!!0 UnityEngine.GameObject::GetComponent<UnityEngine.CanvasGroup>()	UnityEngine.UI
UnityAction_1__ctor_m336053009_gshared	System.Void UnityEngine.Events.UnityAction`1<System.Single>::.ctor(System.Object,System.IntPtr)	UnityEngine.UI
TweenRunner_1_StartTween_m1055628540_gshared	System.Void UnityEngine.UI.CoroutineTween.TweenRunner`1<UnityEngine.UI.CoroutineTween.FloatTween>::StartTween(T)	UnityEngine.UI
Component_GetComponentInParent_TisRuntimeObject_m3491943679_gshared	!!0 UnityEngine.Component::GetComponentInParent<UnityEngine.UI.Dropdown>()	UnityEngine.UI
List_1__ctor_m2321703786_gshared	System.Void System.Collections.Generic.List`1<UnityEngine.UI.Dropdown/OptionData>::.ctor()	UnityEngine.UI
Dictionary_2_TryGetValue_m3280774074_gshared	System.Boolean System.Collections.Generic.Dictionary`2<UnityEngine.Font,System.Collections.Generic.HashSet`1<UnityEngine.UI.Text>>::TryGetValue(!0,!1&)	UnityEngine.UI
Dictionary_2_get_Count_m3919933788_gshared	System.Int32 System.Collections.Generic.Dictionary`2<UnityEngine.Font,System.Collections.Generic.HashSet`1<UnityEngine.UI.Text>>::get_Count()	UnityEngine.UI
Action_1__ctor_m118522912_gshared	System.Void System.Action`1<UnityEngine.Font>::.ctor(System.Object,System.IntPtr)	UnityEngine.UI
HashSet_1__ctor_m4231804131_gshared	System.Void System.Collections.Generic.HashSet`1<UnityEngine.UI.Text>::.ctor()	UnityEngine.UI
Dictionary_2_Add_m2387223709_gshared	System.Void System.Collections.Generic.Dictionary`2<UnityEngine.Font,System.Collections.Generic.HashSet`1<UnityEngine.UI.Text>>::Add(!0,!1)	UnityEngine.UI
HashSet_1_Contains_m3173358704_gshared	System.Boolean System.Collections.Generic.HashSet`1<UnityEngine.UI.Text>::Contains(!0)	UnityEngine.UI
HashSet_1_Add_m1971460364_gshared	System.Boolean System.Collections.Generic.HashSet`1<UnityEngine.UI.Text>::Add(!0)	UnityEngine.UI
HashSet_1_GetEnumerator_m3346268098_gshared	System.Collections.Generic.HashSet`1/Enumerator<!0> System.Collections.Generic.HashSet`1<UnityEngine.UI.Text>::GetEnumerator()	UnityEngine.UI
Enumerator_get_Current_m4213278602_AdjustorThunk	!0 System.Collections.Generic.HashSet`1/Enumerator<UnityEngine.UI.Text>::get_Current()	UnityEngine.UI
Enumerator_MoveNext_m3714175425_AdjustorThunk	System.Boolean System.Collections.Generic.HashSet`1/Enumerator<UnityEngine.UI.Text>::MoveNext()	UnityEngine.UI
Enumerator_Dispose_m1204547613_AdjustorThunk	System.Void System.Collections.Generic.HashSet`1/Enumerator<UnityEngine.UI.Text>::Dispose()	System.Core
HashSet_1_Remove_m709044238_gshared	System.Boolean System.Collections.Generic.HashSet`1<UnityEngine.UI.Text>::Remove(!0)	UnityEngine.UI
HashSet_1_get_Count_m542532379_gshared	System.Int32 System.Collections.Generic.HashSet`1<UnityEngine.UI.Text>::get_Count()	UnityEngine.UI
Dictionary_2_Remove_m1786738978_gshared	System.Boolean System.Collections.Generic.Dictionary`2<UnityEngine.Font,System.Collections.Generic.HashSet`1<UnityEngine.UI.Text>>::Remove(!0)	UnityEngine.UI
Dictionary_2__ctor_m518943619_gshared	System.Void System.Collections.Generic.Dictionary`2<UnityEngine.Font,System.Collections.Generic.HashSet`1<UnityEngine.UI.Text>>::.ctor()	UnityEngine.UI
TweenRunner_1__ctor_m340723704_gshared	System.Void UnityEngine.UI.CoroutineTween.TweenRunner`1<UnityEngine.UI.CoroutineTween.ColorTween>::.ctor()	UnityEngine.UI
TweenRunner_1_Init_m3026112660_gshared	System.Void UnityEngine.UI.CoroutineTween.TweenRunner`1<UnityEngine.UI.CoroutineTween.ColorTween>::Init(UnityEngine.MonoBehaviour)	UnityEngine.UI
Component_GetComponent_TisRuntimeObject_m2906321015_gshared	!!0 UnityEngine.Component::GetComponent<UnityEngine.CanvasRenderer>()	UnityEngine.UI
ListPool_1_Get_m1670010485_gshared	System.Collections.Generic.List`1<T> UnityEngine.UI.ListPool`1<UnityEngine.Component>::Get()	UnityEngine.UI
List_1_get_Item_m2287542950_gshared	!0 System.Collections.Generic.List`1<UnityEngine.Component>::get_Item(System.Int32)	UnityEngine.UI
List_1_get_Count_m2934127733_gshared	System.Int32 System.Collections.Generic.List`1<UnityEngine.Component>::get_Count()	UnityEngine.UI
ListPool_1_Release_m957266927_gshared	System.Void UnityEngine.UI.ListPool`1<UnityEngine.Component>::Release(System.Collections.Generic.List`1<T>)	UnityEngine.UI
Component_GetComponents_TisRuntimeObject_m2416546752_gshared	System.Void UnityEngine.Component::GetComponents<UnityEngine.Component>(System.Collections.Generic.List`1<!!0>)	UnityEngine.UI
TweenRunner_1_StopTween_m1830357468_gshared	System.Void UnityEngine.UI.CoroutineTween.TweenRunner`1<UnityEngine.UI.CoroutineTween.ColorTween>::StopTween()	UnityEngine.UI
UnityAction_1__ctor_m2796929162_gshared	System.Void UnityEngine.Events.UnityAction`1<UnityEngine.Color>::.ctor(System.Object,System.IntPtr)	UnityEngine.UI
TweenRunner_1_StartTween_m2247690200_gshared	System.Void UnityEngine.UI.CoroutineTween.TweenRunner`1<UnityEngine.UI.CoroutineTween.ColorTween>::StartTween(T)	UnityEngine.UI
List_1__ctor_m2321703786_gshared	System.Void System.Collections.Generic.List`1<UnityEngine.UI.Graphic>::.ctor()	UnityEngine.UI
List_1_Clear_m3697625829_gshared	System.Void System.Collections.Generic.List`1<UnityEngine.UI.Graphic>::Clear()	UnityEngine.UI
List_1_get_Count_m2934127733_gshared	System.Int32 System.Collections.Generic.List`1<UnityEngine.UI.Graphic>::get_Count()	UnityEngine.UI
List_1_get_Item_m2287542950_gshared	!0 System.Collections.Generic.List`1<UnityEngine.UI.Graphic>::get_Item(System.Int32)	UnityEngine.UI
List_1_Add_m3338814081_gshared	System.Void System.Collections.Generic.List`1<UnityEngine.UI.Graphic>::Add(!0)	UnityEngine.UI
Comparison_1__ctor_m793514796_gshared	System.Void System.Comparison`1<UnityEngine.UI.Graphic>::.ctor(System.Object,System.IntPtr)	UnityEngine.UI
List_1_Sort_m2076177611_gshared	System.Void System.Collections.Generic.List`1<UnityEngine.UI.Graphic>::Sort(System.Comparison`1<!0>)	UnityEngine.UI
Dictionary_2__ctor_m518943619_gshared	System.Void System.Collections.Generic.Dictionary`2<UnityEngine.Canvas,UnityEngine.UI.Collections.IndexedSet`1<UnityEngine.UI.Graphic>>::.ctor()	UnityEngine.UI
Dictionary_2_TryGetValue_m3280774074_gshared	System.Boolean System.Collections.Generic.Dictionary`2<UnityEngine.Canvas,UnityEngine.UI.Collections.IndexedSet`1<UnityEngine.UI.Graphic>>::TryGetValue(!0,!1&)	UnityEngine.UI
IndexedSet_1_AddUnique_m861843892_gshared	System.Boolean UnityEngine.UI.Collections.IndexedSet`1<UnityEngine.UI.Graphic>::AddUnique(T)	UnityEngine.UI
IndexedSet_1__ctor_m2250384602_gshared	System.Void UnityEngine.UI.Collections.IndexedSet`1<UnityEngine.UI.Graphic>::.ctor()	UnityEngine.UI
IndexedSet_1_Add_m459949375_gshared	System.Void UnityEngine.UI.Collections.IndexedSet`1<UnityEngine.UI.Graphic>::Add(T)	UnityEngine.UI
Dictionary_2_Add_m2387223709_gshared	System.Void System.Collections.Generic.Dictionary`2<UnityEngine.Canvas,UnityEngine.UI.Collections.IndexedSet`1<UnityEngine.UI.Graphic>>::Add(!0,!1)	UnityEngine.UI
IndexedSet_1_Remove_m4118314453_gshared	System.Boolean UnityEngine.UI.Collections.IndexedSet`1<UnityEngine.UI.Graphic>::Remove(T)	UnityEngine.UI
IndexedSet_1_get_Count_m2591381675_gshared	System.Int32 UnityEngine.UI.Collections.IndexedSet`1<UnityEngine.UI.Graphic>::get_Count()	UnityEngine.UI
Dictionary_2_Remove_m1786738978_gshared	System.Boolean System.Collections.Generic.Dictionary`2<UnityEngine.Canvas,UnityEngine.UI.Collections.IndexedSet`1<UnityEngine.UI.Graphic>>::Remove(!0)	UnityEngine.UI
LayoutGroup_SetProperty_TisCorner_t1493259673_m3558432704_gshared	System.Void UnityEngine.UI.LayoutGroup::SetProperty<UnityEngine.UI.GridLayoutGroup/Corner>(T&,T)	UnityEngine.UI
LayoutGroup_SetProperty_TisAxis_t3613393006_m3591044743_gshared	System.Void UnityEngine.UI.LayoutGroup::SetProperty<UnityEngine.UI.GridLayoutGroup/Axis>(T&,T)	UnityEngine.UI
LayoutGroup_SetProperty_TisVector2_t2156229523_m2721164497_gshared	System.Void UnityEngine.UI.LayoutGroup::SetProperty<UnityEngine.Vector2>(T&,T)	UnityEngine.UI
LayoutGroup_SetProperty_TisConstraint_t814224393_m1820208910_gshared	System.Void UnityEngine.UI.LayoutGroup::SetProperty<UnityEngine.UI.GridLayoutGroup/Constraint>(T&,T)	UnityEngine.UI
LayoutGroup_SetProperty_TisInt32_t2950945753_m3911895589_gshared	System.Void UnityEngine.UI.LayoutGroup::SetProperty<System.Int32>(T&,T)	UnityEngine.UI
List_1_get_Count_m2934127733_gshared	System.Int32 System.Collections.Generic.List`1<UnityEngine.RectTransform>::get_Count()	UnityEngine.UI
List_1_get_Item_m2287542950_gshared	!0 System.Collections.Generic.List`1<UnityEngine.RectTransform>::get_Item(System.Int32)	UnityEngine.UI
LayoutGroup_SetProperty_TisSingle_t1397266774_m793506911_gshared	System.Void UnityEngine.UI.LayoutGroup::SetProperty<System.Single>(T&,T)	UnityEngine.UI
LayoutGroup_SetProperty_TisBoolean_t97287965_m3903959758_gshared	System.Void UnityEngine.UI.LayoutGroup::SetProperty<System.Boolean>(T&,T)	UnityEngine.UI
SetPropertyUtility_SetClass_TisRuntimeObject_m1505455193_gshared	System.Boolean UnityEngine.UI.SetPropertyUtility::SetClass<UnityEngine.Sprite>(T&,T)	UnityEngine.UI
SetPropertyUtility_SetStruct_TisType_t1152881528_m2141033060_gshared	System.Boolean UnityEngine.UI.SetPropertyUtility::SetStruct<UnityEngine.UI.Image/Type>(T&,T)	UnityEngine.UI
SetPropertyUtility_SetStruct_TisBoolean_t97287965_m1354367708_gshared	System.Boolean UnityEngine.UI.SetPropertyUtility::SetStruct<System.Boolean>(T&,T)	UnityEngine.UI
SetPropertyUtility_SetStruct_TisFillMethod_t1167457570_m4164776730_gshared	System.Boolean UnityEngine.UI.SetPropertyUtility::SetStruct<UnityEngine.UI.Image/FillMethod>(T&,T)	UnityEngine.UI
SetPropertyUtility_SetStruct_TisInt32_t2950945753_m1101767463_gshared	System.Boolean UnityEngine.UI.SetPropertyUtility::SetStruct<System.Int32>(T&,T)	UnityEngine.UI
SetPropertyUtility_SetClass_TisRuntimeObject_m1505455193_gshared	System.Boolean UnityEngine.UI.SetPropertyUtility::SetClass<UnityEngine.UI.Text>(T&,T)	UnityEngine.UI
SetPropertyUtility_SetClass_TisRuntimeObject_m1505455193_gshared	System.Boolean UnityEngine.UI.SetPropertyUtility::SetClass<UnityEngine.UI.Graphic>(T&,T)	UnityEngine.UI
SetPropertyUtility_SetClass_TisRuntimeObject_m1505455193_gshared	System.Boolean UnityEngine.UI.SetPropertyUtility::SetClass<UnityEngine.UI.InputField/SubmitEvent>(T&,T)	UnityEngine.UI
SetPropertyUtility_SetClass_TisRuntimeObject_m1505455193_gshared	System.Boolean UnityEngine.UI.SetPropertyUtility::SetClass<UnityEngine.UI.InputField/OnChangeEvent>(T&,T)	UnityEngine.UI
SetPropertyUtility_SetClass_TisRuntimeObject_m1505455193_gshared	System.Boolean UnityEngine.UI.SetPropertyUtility::SetClass<UnityEngine.UI.InputField/OnValidateInput>(T&,T)	UnityEngine.UI
SetPropertyUtility_SetStruct_TisContentType_t1787303396_m2548467436_gshared	System.Boolean UnityEngine.UI.SetPropertyUtility::SetStruct<UnityEngine.UI.InputField/ContentType>(T&,T)	UnityEngine.UI
SetPropertyUtility_SetStruct_TisLineType_t4214648469_m1399434260_gshared	System.Boolean UnityEngine.UI.SetPropertyUtility::SetStruct<UnityEngine.UI.InputField/LineType>(T&,T)	UnityEngine.UI
SetPropertyUtility_SetStruct_TisInputType_t1770400679_m3206488413_gshared	System.Boolean UnityEngine.UI.SetPropertyUtility::SetStruct<UnityEngine.UI.InputField/InputType>(T&,T)	UnityEngine.UI
SetPropertyUtility_SetStruct_TisTouchScreenKeyboardType_t1530597702_m2455393348_gshared	System.Boolean UnityEngine.UI.SetPropertyUtility::SetStruct<UnityEngine.TouchScreenKeyboardType>(T&,T)	UnityEngine.UI
SetPropertyUtility_SetStruct_TisCharacterValidation_t4051914437_m1041518770_gshared	System.Boolean UnityEngine.UI.SetPropertyUtility::SetStruct<UnityEngine.UI.InputField/CharacterValidation>(T&,T)	UnityEngine.UI
SetPropertyUtility_SetStruct_TisChar_t3634460470_m4284602558_gshared	System.Boolean UnityEngine.UI.SetPropertyUtility::SetStruct<System.Char>(T&,T)	UnityEngine.UI
UnityEvent_1_Invoke_m2734859485_gshared	System.Void UnityEngine.Events.UnityEvent`1<System.String>::Invoke(!0)	UnityEngine.UI
GameObject_GetComponent_TisRuntimeObject_m2049753423_gshared	!!0 UnityEngine.GameObject::GetComponent<UnityEngine.CanvasRenderer>()	UnityEngine.UI
GameObject_AddComponent_TisRuntimeObject_m3469369570_gshared	!!0 UnityEngine.GameObject::AddComponent<UnityEngine.UI.LayoutElement>()	UnityEngine.UI
UnityEvent_1__ctor_m1789019280_gshared	System.Void UnityEngine.Events.UnityEvent`1<System.String>::.ctor()	UnityEngine.UI
List_1__ctor_m2321703786_gshared	System.Void System.Collections.Generic.List`1<UnityEngine.RectTransform>::.ctor()	UnityEngine.UI
LayoutGroup_SetProperty_TisRuntimeObject_m3460819731_gshared	System.Void UnityEngine.UI.LayoutGroup::SetProperty<UnityEngine.RectOffset>(T&,T)	UnityEngine.UI
LayoutGroup_SetProperty_TisTextAnchor_t2035777396_m2990589179_gshared	System.Void UnityEngine.UI.LayoutGroup::SetProperty<UnityEngine.TextAnchor>(T&,T)	UnityEngine.UI
List_1_Clear_m3697625829_gshared	System.Void System.Collections.Generic.List`1<UnityEngine.RectTransform>::Clear()	UnityEngine.UI
List_1_Add_m3338814081_gshared	System.Void System.Collections.Generic.List`1<UnityEngine.RectTransform>::Add(!0)	UnityEngine.UI
UnityAction_1__ctor_m2434317150_gshared	System.Void UnityEngine.Events.UnityAction`1<UnityEngine.UI.LayoutRebuilder>::.ctor(System.Object,System.IntPtr)	UnityEngine.UI
ObjectPool_1__ctor_m2535233435_gshared	System.Void UnityEngine.UI.ObjectPool`1<UnityEngine.UI.LayoutRebuilder>::.ctor(UnityEngine.Events.UnityAction`1<T>,UnityEngine.Events.UnityAction`1<T>)	UnityEngine.UI
Predicate_1__ctor_m327447107_gshared	System.Void System.Predicate`1<UnityEngine.Component>::.ctor(System.Object,System.IntPtr)	UnityEngine.UI
List_1_RemoveAll_m4292035398_gshared	System.Int32 System.Collections.Generic.List`1<UnityEngine.Component>::RemoveAll(System.Predicate`1<!0>)	UnityEngine.UI
ObjectPool_1_Get_m3351668383_gshared	T UnityEngine.UI.ObjectPool`1<UnityEngine.UI.LayoutRebuilder>::Get()	UnityEngine.UI
ObjectPool_1_Release_m3263354170_gshared	System.Void UnityEngine.UI.ObjectPool`1<UnityEngine.UI.LayoutRebuilder>::Release(T)	UnityEngine.UI
UnityAction_1__ctor_m2434317150_gshared	System.Void UnityEngine.Events.UnityAction`1<UnityEngine.Component>::.ctor(System.Object,System.IntPtr)	UnityEngine.UI
UnityAction_1_Invoke_m2929687399_gshared	System.Void UnityEngine.Events.UnityAction`1<UnityEngine.Component>::Invoke(!0)	UnityEngine.UI
Func_2__ctor_m1150804732_gshared	System.Void System.Func`2<UnityEngine.UI.ILayoutElement,System.Single>::.ctor(System.Object,System.IntPtr)	UnityEngine.UI
Func_2_Invoke_m3516477887_gshared	!1 System.Func`2<UnityEngine.UI.ILayoutElement,System.Single>::Invoke(!0)	UnityEngine.UI
Component_GetComponent_TisRuntimeObject_m2906321015_gshared	!!0 UnityEngine.Component::GetComponent<UnityEngine.UI.Mask>()	UnityEngine.UI
UnityEvent_1_Invoke_m933614109_gshared	System.Void UnityEngine.Events.UnityEvent`1<System.Boolean>::Invoke(!0)	UnityEngine.UI
UnityEvent_1__ctor_m3777630589_gshared	System.Void UnityEngine.Events.UnityEvent`1<System.Boolean>::.ctor()	UnityEngine.UI
Component_GetComponentsInChildren_TisRuntimeObject_m35549932_gshared	System.Void UnityEngine.Component::GetComponentsInChildren<UnityEngine.Component>(System.Collections.Generic.List`1<!!0>)	UnityEngine.UI
Component_GetComponentsInParent_TisRuntimeObject_m3603136339_gshared	System.Void UnityEngine.Component::GetComponentsInParent<UnityEngine.Canvas>(System.Boolean,System.Collections.Generic.List`1<!!0>)	UnityEngine.UI
ListPool_1_Get_m1670010485_gshared	System.Collections.Generic.List`1<T> UnityEngine.UI.ListPool`1<UnityEngine.UI.Mask>::Get()	UnityEngine.UI
Component_GetComponents_TisRuntimeObject_m2416546752_gshared	System.Void UnityEngine.Component::GetComponents<UnityEngine.UI.Mask>(System.Collections.Generic.List`1<!!0>)	UnityEngine.UI
List_1_get_Item_m2287542950_gshared	!0 System.Collections.Generic.List`1<UnityEngine.UI.Mask>::get_Item(System.Int32)	UnityEngine.UI
List_1_get_Count_m2934127733_gshared	System.Int32 System.Collections.Generic.List`1<UnityEngine.UI.Mask>::get_Count()	UnityEngine.UI
ListPool_1_Release_m957266927_gshared	System.Void UnityEngine.UI.ListPool`1<UnityEngine.UI.Mask>::Release(System.Collections.Generic.List`1<T>)	UnityEngine.UI
ListPool_1_Get_m1670010485_gshared	System.Collections.Generic.List`1<T> UnityEngine.UI.ListPool`1<UnityEngine.UI.RectMask2D>::Get()	UnityEngine.UI
Component_GetComponentsInParent_TisRuntimeObject_m3603136339_gshared	System.Void UnityEngine.Component::GetComponentsInParent<UnityEngine.UI.RectMask2D>(System.Boolean,System.Collections.Generic.List`1<!!0>)	UnityEngine.UI
ListPool_1_Release_m957266927_gshared	System.Void UnityEngine.UI.ListPool`1<UnityEngine.UI.RectMask2D>::Release(System.Collections.Generic.List`1<T>)	UnityEngine.UI
List_1_Clear_m3697625829_gshared	System.Void System.Collections.Generic.List`1<UnityEngine.UI.RectMask2D>::Clear()	UnityEngine.UI
List_1_Add_m3338814081_gshared	System.Void System.Collections.Generic.List`1<UnityEngine.UI.RectMask2D>::Add(!0)	UnityEngine.UI
ListPool_1_Get_m738675669_gshared	System.Collections.Generic.List`1<T> UnityEngine.UI.ListPool`1<UnityEngine.UIVertex>::Get()	UnityEngine.UI
List_1_get_Count_m1547299620_gshared	System.Int32 System.Collections.Generic.List`1<UnityEngine.UIVertex>::get_Count()	UnityEngine.UI
List_1_get_Capacity_m3666274724_gshared	System.Int32 System.Collections.Generic.List`1<UnityEngine.UIVertex>::get_Capacity()	UnityEngine.UI
List_1_set_Capacity_m2777925136_gshared	System.Void System.Collections.Generic.List`1<UnityEngine.UIVertex>::set_Capacity(System.Int32)	UnityEngine.UI
ListPool_1_Release_m1246825787_gshared	System.Void UnityEngine.UI.ListPool`1<UnityEngine.UIVertex>::Release(System.Collections.Generic.List`1<T>)	UnityEngine.UI
Component_GetComponent_TisRuntimeObject_m2906321015_gshared	!!0 UnityEngine.Component::GetComponent<UnityEngine.Transform>()	UnityEngine.UI
HashSet_1__ctor_m4231804131_gshared	System.Void System.Collections.Generic.HashSet`1<UnityEngine.UI.IClippable>::.ctor()	UnityEngine.UI
List_1__ctor_m2321703786_gshared	System.Void System.Collections.Generic.List`1<UnityEngine.UI.RectMask2D>::.ctor()	UnityEngine.UI
HashSet_1_Clear_m507835370_gshared	System.Void System.Collections.Generic.HashSet`1<UnityEngine.UI.IClippable>::Clear()	UnityEngine.UI
HashSet_1_GetEnumerator_m3346268098_gshared	System.Collections.Generic.HashSet`1/Enumerator<!0> System.Collections.Generic.HashSet`1<UnityEngine.UI.IClippable>::GetEnumerator()	UnityEngine.UI
Enumerator_get_Current_m4213278602_AdjustorThunk	!0 System.Collections.Generic.HashSet`1/Enumerator<UnityEngine.UI.IClippable>::get_Current()	UnityEngine.UI
Enumerator_MoveNext_m3714175425_AdjustorThunk	System.Boolean System.Collections.Generic.HashSet`1/Enumerator<UnityEngine.UI.IClippable>::MoveNext()	UnityEngine.UI
Enumerator_Dispose_m1204547613_AdjustorThunk	System.Void System.Collections.Generic.HashSet`1/Enumerator<UnityEngine.UI.IClippable>::Dispose()	System.Core
HashSet_1_Contains_m3173358704_gshared	System.Boolean System.Collections.Generic.HashSet`1<UnityEngine.UI.IClippable>::Contains(!0)	UnityEngine.UI
HashSet_1_Add_m1971460364_gshared	System.Boolean System.Collections.Generic.HashSet`1<UnityEngine.UI.IClippable>::Add(!0)	UnityEngine.UI
HashSet_1_Remove_m709044238_gshared	System.Boolean System.Collections.Generic.HashSet`1<UnityEngine.UI.IClippable>::Remove(!0)	UnityEngine.UI
SetPropertyUtility_SetClass_TisRuntimeObject_m1505455193_gshared	System.Boolean UnityEngine.UI.SetPropertyUtility::SetClass<UnityEngine.RectTransform>(T&,T)	UnityEngine.UI
SetPropertyUtility_SetStruct_TisDirection_t3470714353_m1506329685_gshared	System.Boolean UnityEngine.UI.SetPropertyUtility::SetStruct<UnityEngine.UI.Scrollbar/Direction>(T&,T)	UnityEngine.UI
UnityEvent_1_RemoveListener_m4190968495_gshared	System.Void UnityEngine.Events.UnityEvent`1<System.Single>::RemoveListener(UnityEngine.Events.UnityAction`1<!0>)	UnityEngine.UI
UnityEvent_1_Invoke_m3432495026_gshared	System.Void UnityEngine.Events.UnityEvent`1<UnityEngine.Vector2>::Invoke(!0)	UnityEngine.UI
UnityEvent_1__ctor_m3675246889_gshared	System.Void UnityEngine.Events.UnityEvent`1<UnityEngine.Vector2>::.ctor()	UnityEngine.UI
List_1__ctor_m2321703786_gshared	System.Void System.Collections.Generic.List`1<UnityEngine.CanvasGroup>::.ctor()	UnityEngine.UI
SetPropertyUtility_SetStruct_TisNavigation_t3049316579_m1469939781_gshared	System.Boolean UnityEngine.UI.SetPropertyUtility::SetStruct<UnityEngine.UI.Navigation>(T&,T)	UnityEngine.UI
SetPropertyUtility_SetStruct_TisTransition_t1769908631_m4087672457_gshared	System.Boolean UnityEngine.UI.SetPropertyUtility::SetStruct<UnityEngine.UI.Selectable/Transition>(T&,T)	UnityEngine.UI
SetPropertyUtility_SetStruct_TisColorBlock_t2139031574_m1748367426_gshared	System.Boolean UnityEngine.UI.SetPropertyUtility::SetStruct<UnityEngine.UI.ColorBlock>(T&,T)	UnityEngine.UI
SetPropertyUtility_SetStruct_TisSpriteState_t1362986479_m665096788_gshared	System.Boolean UnityEngine.UI.SetPropertyUtility::SetStruct<UnityEngine.UI.SpriteState>(T&,T)	UnityEngine.UI
SetPropertyUtility_SetClass_TisRuntimeObject_m1505455193_gshared	System.Boolean UnityEngine.UI.SetPropertyUtility::SetClass<UnityEngine.UI.AnimationTriggers>(T&,T)	UnityEngine.UI
Component_GetComponent_TisRuntimeObject_m2906321015_gshared	!!0 UnityEngine.Component::GetComponent<UnityEngine.Animator>()	UnityEngine.UI
Component_GetComponents_TisRuntimeObject_m2416546752_gshared	System.Void UnityEngine.Component::GetComponents<UnityEngine.CanvasGroup>(System.Collections.Generic.List`1<!!0>)	UnityEngine.UI
List_1_get_Item_m2287542950_gshared	!0 System.Collections.Generic.List`1<UnityEngine.CanvasGroup>::get_Item(System.Int32)	UnityEngine.UI
List_1_get_Count_m2934127733_gshared	System.Int32 System.Collections.Generic.List`1<UnityEngine.CanvasGroup>::get_Count()	UnityEngine.UI
List_1_Add_m3338814081_gshared	System.Void System.Collections.Generic.List`1<UnityEngine.UI.Selectable>::Add(!0)	UnityEngine.UI
List_1_Remove_m1416767016_gshared	System.Boolean System.Collections.Generic.List`1<UnityEngine.UI.Selectable>::Remove(!0)	UnityEngine.UI
List_1_get_Item_m2287542950_gshared	!0 System.Collections.Generic.List`1<UnityEngine.UI.Selectable>::get_Item(System.Int32)	UnityEngine.UI
List_1_get_Count_m2934127733_gshared	System.Int32 System.Collections.Generic.List`1<UnityEngine.UI.Selectable>::get_Count()	UnityEngine.UI
List_1__ctor_m2321703786_gshared	System.Void System.Collections.Generic.List`1<UnityEngine.UI.Selectable>::.ctor()	UnityEngine.UI
List_1_get_Item_m457221236_gshared	!0 System.Collections.Generic.List`1<UnityEngine.UIVertex>::get_Item(System.Int32)	UnityEngine.UI
List_1_Add_m2586421604_gshared	System.Void System.Collections.Generic.List`1<UnityEngine.UIVertex>::Add(!0)	UnityEngine.UI
List_1_set_Item_m2057272351_gshared	System.Void System.Collections.Generic.List`1<UnityEngine.UIVertex>::set_Item(System.Int32,!0)	UnityEngine.UI
SetPropertyUtility_SetStruct_TisDirection_t337909235_m916002679_gshared	System.Boolean UnityEngine.UI.SetPropertyUtility::SetStruct<UnityEngine.UI.Slider/Direction>(T&,T)	UnityEngine.UI
Component_GetComponent_TisRuntimeObject_m2906321015_gshared	!!0 UnityEngine.Component::GetComponent<UnityEngine.UI.Image>()	UnityEngine.UI
List_1_get_Item_m2287542950_gshared	!0 System.Collections.Generic.List`1<UnityEngine.UI.StencilMaterial/MatEntry>::get_Item(System.Int32)	UnityEngine.UI
List_1_get_Count_m2934127733_gshared	System.Int32 System.Collections.Generic.List`1<UnityEngine.UI.StencilMaterial/MatEntry>::get_Count()	UnityEngine.UI
List_1_Add_m3338814081_gshared	System.Void System.Collections.Generic.List`1<UnityEngine.UI.StencilMaterial/MatEntry>::Add(!0)	UnityEngine.UI
List_1_RemoveAt_m2730968292_gshared	System.Void System.Collections.Generic.List`1<UnityEngine.UI.StencilMaterial/MatEntry>::RemoveAt(System.Int32)	UnityEngine.UI
List_1_Clear_m3697625829_gshared	System.Void System.Collections.Generic.List`1<UnityEngine.UI.StencilMaterial/MatEntry>::Clear()	UnityEngine.UI
List_1__ctor_m2321703786_gshared	System.Void System.Collections.Generic.List`1<UnityEngine.UI.StencilMaterial/MatEntry>::.ctor()	UnityEngine.UI
Resources_GetBuiltinResource_TisRuntimeObject_m3352626831_gshared	!!0 UnityEngine.Resources::GetBuiltinResource<UnityEngine.Font>(System.String)	UnityEngine.UI
List_1__ctor_m2321703786_gshared	System.Void System.Collections.Generic.List`1<UnityEngine.UI.Toggle>::.ctor()	UnityEngine.UI
List_1_Contains_m2654125393_gshared	System.Boolean System.Collections.Generic.List`1<UnityEngine.UI.Toggle>::Contains(!0)	UnityEngine.UI
List_1_get_Item_m2287542950_gshared	!0 System.Collections.Generic.List`1<UnityEngine.UI.Toggle>::get_Item(System.Int32)	UnityEngine.UI
List_1_get_Count_m2934127733_gshared	System.Int32 System.Collections.Generic.List`1<UnityEngine.UI.Toggle>::get_Count()	UnityEngine.UI
List_1_Remove_m1416767016_gshared	System.Boolean System.Collections.Generic.List`1<UnityEngine.UI.Toggle>::Remove(!0)	UnityEngine.UI
List_1_Add_m3338814081_gshared	System.Void System.Collections.Generic.List`1<UnityEngine.UI.Toggle>::Add(!0)	UnityEngine.UI
Predicate_1__ctor_m327447107_gshared	System.Void System.Predicate`1<UnityEngine.UI.Toggle>::.ctor(System.Object,System.IntPtr)	UnityEngine.UI
List_1_Find_m2048854920_gshared	!0 System.Collections.Generic.List`1<UnityEngine.UI.Toggle>::Find(System.Predicate`1<!0>)	UnityEngine.UI
Func_2__ctor_m3104565095_gshared	System.Void System.Func`2<UnityEngine.UI.Toggle,System.Boolean>::.ctor(System.Object,System.IntPtr)	UnityEngine.UI
Enumerable_Where_TisRuntimeObject_m3454096398_gshared	System.Collections.Generic.IEnumerable`1<!!0> System.Linq.Enumerable::Where<UnityEngine.UI.Toggle>(System.Collections.Generic.IEnumerable`1<!!0>,System.Func`2<!!0,System.Boolean>)	UnityEngine.UI
ListPool_1_Get_m3176649063_gshared	System.Collections.Generic.List`1<T> UnityEngine.UI.ListPool`1<UnityEngine.Vector3>::Get()	UnityEngine.UI
ListPool_1_Get_m2875520964_gshared	System.Collections.Generic.List`1<T> UnityEngine.UI.ListPool`1<UnityEngine.Color32>::Get()	UnityEngine.UI
ListPool_1_Get_m3176650548_gshared	System.Collections.Generic.List`1<T> UnityEngine.UI.ListPool`1<UnityEngine.Vector2>::Get()	UnityEngine.UI
ListPool_1_Get_m3176656818_gshared	System.Collections.Generic.List`1<T> UnityEngine.UI.ListPool`1<UnityEngine.Vector4>::Get()	UnityEngine.UI
ListPool_1_Get_m2031605680_gshared	System.Collections.Generic.List`1<T> UnityEngine.UI.ListPool`1<System.Int32>::Get()	UnityEngine.UI
List_1_AddRange_m1173251377_gshared	System.Void System.Collections.Generic.List`1<UnityEngine.Vector3>::AddRange(System.Collections.Generic.IEnumerable`1<!0>)	UnityEngine.UI
List_1_AddRange_m3935442072_gshared	System.Void System.Collections.Generic.List`1<UnityEngine.Color32>::AddRange(System.Collections.Generic.IEnumerable`1<!0>)	UnityEngine.UI
List_1_AddRange_m705206751_gshared	System.Void System.Collections.Generic.List`1<UnityEngine.Vector2>::AddRange(System.Collections.Generic.IEnumerable`1<!0>)	UnityEngine.UI
List_1_AddRange_m2686762046_gshared	System.Void System.Collections.Generic.List`1<UnityEngine.Vector4>::AddRange(System.Collections.Generic.IEnumerable`1<!0>)	UnityEngine.UI
List_1_AddRange_m3513848896_gshared	System.Void System.Collections.Generic.List`1<System.Int32>::AddRange(System.Collections.Generic.IEnumerable`1<!0>)	UnityEngine.UI
List_1_Clear_m3097985365_gshared	System.Void System.Collections.Generic.List`1<UnityEngine.Vector3>::Clear()	UnityEngine.UI
List_1_Clear_m3048681609_gshared	System.Void System.Collections.Generic.List`1<UnityEngine.Color32>::Clear()	UnityEngine.UI
List_1_Clear_m2188935509_gshared	System.Void System.Collections.Generic.List`1<UnityEngine.Vector2>::Clear()	UnityEngine.UI
List_1_Clear_m4187652437_gshared	System.Void System.Collections.Generic.List`1<UnityEngine.Vector4>::Clear()	UnityEngine.UI
List_1_Clear_m2154023298_gshared	System.Void System.Collections.Generic.List`1<System.Int32>::Clear()	UnityEngine.UI
List_1_get_Count_m576380744_gshared	System.Int32 System.Collections.Generic.List`1<UnityEngine.Vector3>::get_Count()	UnityEngine.UI
List_1_get_Count_m361000296_gshared	System.Int32 System.Collections.Generic.List`1<System.Int32>::get_Count()	UnityEngine.UI
List_1_get_Item_m200663048_gshared	!0 System.Collections.Generic.List`1<UnityEngine.Vector3>::get_Item(System.Int32)	UnityEngine.UI
List_1_get_Item_m3890325344_gshared	!0 System.Collections.Generic.List`1<UnityEngine.Color32>::get_Item(System.Int32)	UnityEngine.UI
List_1_get_Item_m1378751541_gshared	!0 System.Collections.Generic.List`1<UnityEngine.Vector2>::get_Item(System.Int32)	UnityEngine.UI
List_1_get_Item_m783205072_gshared	!0 System.Collections.Generic.List`1<UnityEngine.Vector4>::get_Item(System.Int32)	UnityEngine.UI
List_1_set_Item_m658432263_gshared	System.Void System.Collections.Generic.List`1<UnityEngine.Vector3>::set_Item(System.Int32,!0)	UnityEngine.UI
List_1_set_Item_m4249175531_gshared	System.Void System.Collections.Generic.List`1<UnityEngine.Color32>::set_Item(System.Int32,!0)	UnityEngine.UI
List_1_set_Item_m35836043_gshared	System.Void System.Collections.Generic.List`1<UnityEngine.Vector2>::set_Item(System.Int32,!0)	UnityEngine.UI
List_1_set_Item_m1118509050_gshared	System.Void System.Collections.Generic.List`1<UnityEngine.Vector4>::set_Item(System.Int32,!0)	UnityEngine.UI
ListPool_1_Release_m4113115349_gshared	System.Void UnityEngine.UI.ListPool`1<UnityEngine.Vector3>::Release(System.Collections.Generic.List`1<T>)	UnityEngine.UI
ListPool_1_Release_m2857821093_gshared	System.Void UnityEngine.UI.ListPool`1<UnityEngine.Color32>::Release(System.Collections.Generic.List`1<T>)	UnityEngine.UI
ListPool_1_Release_m591299672_gshared	System.Void UnityEngine.UI.ListPool`1<UnityEngine.Vector2>::Release(System.Collections.Generic.List`1<T>)	UnityEngine.UI
ListPool_1_Release_m1363449253_gshared	System.Void UnityEngine.UI.ListPool`1<UnityEngine.Vector4>::Release(System.Collections.Generic.List`1<T>)	UnityEngine.UI
ListPool_1_Release_m188599205_gshared	System.Void UnityEngine.UI.ListPool`1<System.Int32>::Release(System.Collections.Generic.List`1<T>)	UnityEngine.UI
List_1_Add_m1524640104_gshared	System.Void System.Collections.Generic.List`1<UnityEngine.Vector3>::Add(!0)	UnityEngine.UI
List_1_Add_m3298024076_gshared	System.Void System.Collections.Generic.List`1<UnityEngine.Color32>::Add(!0)	UnityEngine.UI
List_1_Add_m2298161512_gshared	System.Void System.Collections.Generic.List`1<UnityEngine.Vector2>::Add(!0)	UnityEngine.UI
List_1_Add_m2996644200_gshared	System.Void System.Collections.Generic.List`1<UnityEngine.Vector4>::Add(!0)	UnityEngine.UI
Component_GetComponentInChildren_TisRuntimeObject_m1033527003_gshared	!!0 UnityEngine.Component::GetComponentInChildren<UnityEngine.Camera>()	Assembly-CSharp
Object_Instantiate_TisRuntimeObject_m1135049463_gshared	!!0 UnityEngine.Object::Instantiate<UnityEngine.GameObject>(!!0,UnityEngine.Vector3,UnityEngine.Quaternion)	Assembly-CSharp
Component_GetComponent_TisRuntimeObject_m2906321015_gshared	!!0 UnityEngine.Component::GetComponent<UnityEngine.Rigidbody>()	Assembly-CSharp
Component_GetComponent_TisRuntimeObject_m2906321015_gshared	!!0 UnityEngine.Component::GetComponent<Complete.TankHealth>()	Assembly-CSharp
GameObject_GetComponent_TisRuntimeObject_m2049753423_gshared	!!0 UnityEngine.GameObject::GetComponent<UnityEngine.ParticleSystem>()	Assembly-CSharp
Component_GetComponent_TisRuntimeObject_m2906321015_gshared	!!0 UnityEngine.Component::GetComponent<UnityEngine.AudioSource>()	Assembly-CSharp
GameObject_GetComponent_TisRuntimeObject_m2049753423_gshared	!!0 UnityEngine.GameObject::GetComponent<Complete.TankMovement>()	Assembly-CSharp
GameObject_GetComponent_TisRuntimeObject_m2049753423_gshared	!!0 UnityEngine.GameObject::GetComponent<Complete.TankShooting>()	Assembly-CSharp
GameObject_GetComponentInChildren_TisRuntimeObject_m1513755678_gshared	!!0 UnityEngine.GameObject::GetComponentInChildren<UnityEngine.Canvas>()	Assembly-CSharp
GameObject_GetComponentsInChildren_TisRuntimeObject_m1982918030_gshared	!!0[] UnityEngine.GameObject::GetComponentsInChildren<UnityEngine.MeshRenderer>()	Assembly-CSharp
Component_GetComponentsInChildren_TisRuntimeObject_m1308288322_gshared	!!0[] UnityEngine.Component::GetComponentsInChildren<UnityEngine.ParticleSystem>()	Assembly-CSharp
Object_Instantiate_TisRuntimeObject_m1135049463_gshared	!!0 UnityEngine.Object::Instantiate<UnityEngine.Rigidbody>(!!0,UnityEngine.Vector3,UnityEngine.Quaternion)	Assembly-CSharp
Component_GetComponent_TisRuntimeObject_m2906321015_gshared	!!0 UnityEngine.Component::GetComponent<TankHealth>()	Assembly-CSharp
GameObject_GetComponent_TisRuntimeObject_m2049753423_gshared	!!0 UnityEngine.GameObject::GetComponent<TankMovement>()	Assembly-CSharp
GameObject_GetComponent_TisRuntimeObject_m2049753423_gshared	!!0 UnityEngine.GameObject::GetComponent<TankShooting>()	Assembly-CSharp
PostProcessingComponentCommandBuffer_1__ctor_m120899638_gshared	System.Void UnityEngine.PostProcessing.PostProcessingComponentCommandBuffer`1<UnityEngine.PostProcessing.AmbientOcclusionModel>::.ctor()	Assembly-CSharp
PostProcessingComponent_1_get_model_m1119990137_gshared	T UnityEngine.PostProcessing.PostProcessingComponent`1<UnityEngine.PostProcessing.AmbientOcclusionModel>::get_model()	Assembly-CSharp
PostProcessingComponentRenderTexture_1__ctor_m2869702566_gshared	System.Void UnityEngine.PostProcessing.PostProcessingComponentRenderTexture`1<UnityEngine.PostProcessing.BloomModel>::.ctor()	Assembly-CSharp
PostProcessingComponent_1_get_model_m1119990137_gshared	T UnityEngine.PostProcessing.PostProcessingComponent`1<UnityEngine.PostProcessing.BloomModel>::get_model()	Assembly-CSharp
PostProcessingComponentCommandBuffer_1__ctor_m120899638_gshared	System.Void UnityEngine.PostProcessing.PostProcessingComponentCommandBuffer`1<UnityEngine.PostProcessing.BuiltinDebugViewsModel>::.ctor()	Assembly-CSharp
PostProcessingComponent_1_get_model_m1119990137_gshared	T UnityEngine.PostProcessing.PostProcessingComponent`1<UnityEngine.PostProcessing.BuiltinDebugViewsModel>::get_model()	Assembly-CSharp
List_1__ctor_m3453988228_gshared	System.Void System.Collections.Generic.List`1<UnityEngine.Vector3>::.ctor(System.Int32)	Assembly-CSharp
List_1__ctor_m3064707655_gshared	System.Void System.Collections.Generic.List`1<UnityEngine.Vector2>::.ctor(System.Int32)	Assembly-CSharp
PostProcessingComponentRenderTexture_1__ctor_m2869702566_gshared	System.Void UnityEngine.PostProcessing.PostProcessingComponentRenderTexture`1<UnityEngine.PostProcessing.ChromaticAberrationModel>::.ctor()	Assembly-CSharp
PostProcessingComponent_1_get_model_m1119990137_gshared	T UnityEngine.PostProcessing.PostProcessingComponent`1<UnityEngine.PostProcessing.ChromaticAberrationModel>::get_model()	Assembly-CSharp
PostProcessingComponentRenderTexture_1__ctor_m2869702566_gshared	System.Void UnityEngine.PostProcessing.PostProcessingComponentRenderTexture`1<UnityEngine.PostProcessing.ColorGradingModel>::.ctor()	Assembly-CSharp
PostProcessingComponent_1_get_model_m1119990137_gshared	T UnityEngine.PostProcessing.PostProcessingComponent`1<UnityEngine.PostProcessing.ColorGradingModel>::get_model()	Assembly-CSharp
PostProcessingComponentRenderTexture_1__ctor_m2869702566_gshared	System.Void UnityEngine.PostProcessing.PostProcessingComponentRenderTexture`1<UnityEngine.PostProcessing.DepthOfFieldModel>::.ctor()	Assembly-CSharp
PostProcessingComponent_1_get_model_m1119990137_gshared	T UnityEngine.PostProcessing.PostProcessingComponent`1<UnityEngine.PostProcessing.DepthOfFieldModel>::get_model()	Assembly-CSharp
PostProcessingComponentRenderTexture_1__ctor_m2869702566_gshared	System.Void UnityEngine.PostProcessing.PostProcessingComponentRenderTexture`1<UnityEngine.PostProcessing.DitheringModel>::.ctor()	Assembly-CSharp
PostProcessingComponent_1_get_model_m1119990137_gshared	T UnityEngine.PostProcessing.PostProcessingComponent`1<UnityEngine.PostProcessing.DitheringModel>::get_model()	Assembly-CSharp
Resources_Load_TisRuntimeObject_m597869152_gshared	!!0 UnityEngine.Resources::Load<UnityEngine.Texture2D>(System.String)	Assembly-CSharp
PostProcessingComponentRenderTexture_1__ctor_m2869702566_gshared	System.Void UnityEngine.PostProcessing.PostProcessingComponentRenderTexture`1<UnityEngine.PostProcessing.EyeAdaptationModel>::.ctor()	Assembly-CSharp
PostProcessingComponent_1_get_model_m1119990137_gshared	T UnityEngine.PostProcessing.PostProcessingComponent`1<UnityEngine.PostProcessing.EyeAdaptationModel>::get_model()	Assembly-CSharp
Resources_Load_TisRuntimeObject_m597869152_gshared	!!0 UnityEngine.Resources::Load<UnityEngine.ComputeShader>(System.String)	Assembly-CSharp
PostProcessingComponentCommandBuffer_1__ctor_m120899638_gshared	System.Void UnityEngine.PostProcessing.PostProcessingComponentCommandBuffer`1<UnityEngine.PostProcessing.FogModel>::.ctor()	Assembly-CSharp
PostProcessingComponent_1_get_model_m1119990137_gshared	T UnityEngine.PostProcessing.PostProcessingComponent`1<UnityEngine.PostProcessing.FogModel>::get_model()	Assembly-CSharp
PostProcessingComponentRenderTexture_1__ctor_m2869702566_gshared	System.Void UnityEngine.PostProcessing.PostProcessingComponentRenderTexture`1<UnityEngine.PostProcessing.AntialiasingModel>::.ctor()	Assembly-CSharp
PostProcessingComponent_1_get_model_m1119990137_gshared	T UnityEngine.PostProcessing.PostProcessingComponent`1<UnityEngine.PostProcessing.AntialiasingModel>::get_model()	Assembly-CSharp
PostProcessingComponentRenderTexture_1__ctor_m2869702566_gshared	System.Void UnityEngine.PostProcessing.PostProcessingComponentRenderTexture`1<UnityEngine.PostProcessing.GrainModel>::.ctor()	Assembly-CSharp
PostProcessingComponent_1_get_model_m1119990137_gshared	T UnityEngine.PostProcessing.PostProcessingComponent`1<UnityEngine.PostProcessing.GrainModel>::get_model()	Assembly-CSharp
Dictionary_2__ctor_m518943619_gshared	System.Void System.Collections.Generic.Dictionary`2<System.String,UnityEngine.Material>::.ctor()	Assembly-CSharp
Dictionary_2_TryGetValue_m3280774074_gshared	System.Boolean System.Collections.Generic.Dictionary`2<System.String,UnityEngine.Material>::TryGetValue(!0,!1&)	Assembly-CSharp
Dictionary_2_Add_m2387223709_gshared	System.Void System.Collections.Generic.Dictionary`2<System.String,UnityEngine.Material>::Add(!0,!1)	Assembly-CSharp
Dictionary_2_GetEnumerator_m3278257048_gshared	System.Collections.Generic.Dictionary`2/Enumerator<!0,!1> System.Collections.Generic.Dictionary`2<System.String,UnityEngine.Material>::GetEnumerator()	Assembly-CSharp
Enumerator_get_Current_m2655181939_AdjustorThunk	System.Collections.Generic.KeyValuePair`2<!0,!1> System.Collections.Generic.Dictionary`2/Enumerator<System.String,UnityEngine.Material>::get_Current()	Assembly-CSharp
KeyValuePair_2_get_Value_m3464904234_AdjustorThunk	!1 System.Collections.Generic.KeyValuePair`2<System.String,UnityEngine.Material>::get_Value()	Assembly-CSharp
Enumerator_MoveNext_m1107569389_AdjustorThunk	System.Boolean System.Collections.Generic.Dictionary`2/Enumerator<System.String,UnityEngine.Material>::MoveNext()	Assembly-CSharp
Dictionary_2_Clear_m1938428402_gshared	System.Void System.Collections.Generic.Dictionary`2<System.String,UnityEngine.Material>::Clear()	Assembly-CSharp
PostProcessingComponentCommandBuffer_1__ctor_m120899638_gshared	System.Void UnityEngine.PostProcessing.PostProcessingComponentCommandBuffer`1<UnityEngine.PostProcessing.MotionBlurModel>::.ctor()	Assembly-CSharp
PostProcessingComponent_1_get_model_m1119990137_gshared	T UnityEngine.PostProcessing.PostProcessingComponent`1<UnityEngine.PostProcessing.MotionBlurModel>::get_model()	Assembly-CSharp
List_1__ctor_m2321703786_gshared	System.Void System.Collections.Generic.List`1<UnityEngine.PostProcessing.PostProcessingComponentBase>::.ctor()	Assembly-CSharp
Dictionary_2__ctor_m3471890303_gshared	System.Void System.Collections.Generic.Dictionary`2<System.Type,System.Collections.Generic.KeyValuePair`2<UnityEngine.Rendering.CameraEvent,UnityEngine.Rendering.CommandBuffer>>::.ctor()	Assembly-CSharp
PostProcessingBehaviour_AddComponent_TisRuntimeObject_m4220113493_gshared	T UnityEngine.PostProcessing.PostProcessingBehaviour::AddComponent<UnityEngine.PostProcessing.BuiltinDebugViewsComponent>(T)	Assembly-CSharp
PostProcessingBehaviour_AddComponent_TisRuntimeObject_m4220113493_gshared	T UnityEngine.PostProcessing.PostProcessingBehaviour::AddComponent<UnityEngine.PostProcessing.AmbientOcclusionComponent>(T)	Assembly-CSharp
PostProcessingBehaviour_AddComponent_TisRuntimeObject_m4220113493_gshared	T UnityEngine.PostProcessing.PostProcessingBehaviour::AddComponent<UnityEngine.PostProcessing.ScreenSpaceReflectionComponent>(T)	Assembly-CSharp
PostProcessingBehaviour_AddComponent_TisRuntimeObject_m4220113493_gshared	T UnityEngine.PostProcessing.PostProcessingBehaviour::AddComponent<UnityEngine.PostProcessing.FogComponent>(T)	Assembly-CSharp
PostProcessingBehaviour_AddComponent_TisRuntimeObject_m4220113493_gshared	T UnityEngine.PostProcessing.PostProcessingBehaviour::AddComponent<UnityEngine.PostProcessing.MotionBlurComponent>(T)	Assembly-CSharp
PostProcessingBehaviour_AddComponent_TisRuntimeObject_m4220113493_gshared	T UnityEngine.PostProcessing.PostProcessingBehaviour::AddComponent<UnityEngine.PostProcessing.TaaComponent>(T)	Assembly-CSharp
PostProcessingBehaviour_AddComponent_TisRuntimeObject_m4220113493_gshared	T UnityEngine.PostProcessing.PostProcessingBehaviour::AddComponent<UnityEngine.PostProcessing.EyeAdaptationComponent>(T)	Assembly-CSharp
PostProcessingBehaviour_AddComponent_TisRuntimeObject_m4220113493_gshared	T UnityEngine.PostProcessing.PostProcessingBehaviour::AddComponent<UnityEngine.PostProcessing.DepthOfFieldComponent>(T)	Assembly-CSharp
PostProcessingBehaviour_AddComponent_TisRuntimeObject_m4220113493_gshared	T UnityEngine.PostProcessing.PostProcessingBehaviour::AddComponent<UnityEngine.PostProcessing.BloomComponent>(T)	Assembly-CSharp
PostProcessingBehaviour_AddComponent_TisRuntimeObject_m4220113493_gshared	T UnityEngine.PostProcessing.PostProcessingBehaviour::AddComponent<UnityEngine.PostProcessing.ChromaticAberrationComponent>(T)	Assembly-CSharp
PostProcessingBehaviour_AddComponent_TisRuntimeObject_m4220113493_gshared	T UnityEngine.PostProcessing.PostProcessingBehaviour::AddComponent<UnityEngine.PostProcessing.ColorGradingComponent>(T)	Assembly-CSharp
PostProcessingBehaviour_AddComponent_TisRuntimeObject_m4220113493_gshared	T UnityEngine.PostProcessing.PostProcessingBehaviour::AddComponent<UnityEngine.PostProcessing.UserLutComponent>(T)	Assembly-CSharp
PostProcessingBehaviour_AddComponent_TisRuntimeObject_m4220113493_gshared	T UnityEngine.PostProcessing.PostProcessingBehaviour::AddComponent<UnityEngine.PostProcessing.GrainComponent>(T)	Assembly-CSharp
PostProcessingBehaviour_AddComponent_TisRuntimeObject_m4220113493_gshared	T UnityEngine.PostProcessing.PostProcessingBehaviour::AddComponent<UnityEngine.PostProcessing.VignetteComponent>(T)	Assembly-CSharp
PostProcessingBehaviour_AddComponent_TisRuntimeObject_m4220113493_gshared	T UnityEngine.PostProcessing.PostProcessingBehaviour::AddComponent<UnityEngine.PostProcessing.DitheringComponent>(T)	Assembly-CSharp
PostProcessingBehaviour_AddComponent_TisRuntimeObject_m4220113493_gshared	T UnityEngine.PostProcessing.PostProcessingBehaviour::AddComponent<UnityEngine.PostProcessing.FxaaComponent>(T)	Assembly-CSharp
Dictionary_2__ctor_m236774955_gshared	System.Void System.Collections.Generic.Dictionary`2<UnityEngine.PostProcessing.PostProcessingComponentBase,System.Boolean>::.ctor()	Assembly-CSharp
List_1_GetEnumerator_m2930774921_gshared	System.Collections.Generic.List`1/Enumerator<!0> System.Collections.Generic.List`1<UnityEngine.PostProcessing.PostProcessingComponentBase>::GetEnumerator()	Assembly-CSharp
Enumerator_get_Current_m470245444_AdjustorThunk	!0 System.Collections.Generic.List`1/Enumerator<UnityEngine.PostProcessing.PostProcessingComponentBase>::get_Current()	Assembly-CSharp
Dictionary_2_Add_m4262304220_gshared	System.Void System.Collections.Generic.Dictionary`2<UnityEngine.PostProcessing.PostProcessingComponentBase,System.Boolean>::Add(!0,!1)	Assembly-CSharp
Enumerator_MoveNext_m2142368520_AdjustorThunk	System.Boolean System.Collections.Generic.List`1/Enumerator<UnityEngine.PostProcessing.PostProcessingComponentBase>::MoveNext()	Assembly-CSharp
Enumerator_Dispose_m3007748546_AdjustorThunk	System.Void System.Collections.Generic.List`1/Enumerator<UnityEngine.PostProcessing.PostProcessingComponentBase>::Dispose()	mscorlib
PostProcessingBehaviour_TryExecuteCommandBuffer_TisRuntimeObject_m4209704038_gshared	System.Void UnityEngine.PostProcessing.PostProcessingBehaviour::TryExecuteCommandBuffer<UnityEngine.PostProcessing.BuiltinDebugViewsModel>(UnityEngine.PostProcessing.PostProcessingComponentCommandBuffer`1<T>)	Assembly-CSharp
PostProcessingBehaviour_TryExecuteCommandBuffer_TisRuntimeObject_m4209704038_gshared	System.Void UnityEngine.PostProcessing.PostProcessingBehaviour::TryExecuteCommandBuffer<UnityEngine.PostProcessing.AmbientOcclusionModel>(UnityEngine.PostProcessing.PostProcessingComponentCommandBuffer`1<T>)	Assembly-CSharp
PostProcessingBehaviour_TryExecuteCommandBuffer_TisRuntimeObject_m4209704038_gshared	System.Void UnityEngine.PostProcessing.PostProcessingBehaviour::TryExecuteCommandBuffer<UnityEngine.PostProcessing.ScreenSpaceReflectionModel>(UnityEngine.PostProcessing.PostProcessingComponentCommandBuffer`1<T>)	Assembly-CSharp
PostProcessingBehaviour_TryExecuteCommandBuffer_TisRuntimeObject_m4209704038_gshared	System.Void UnityEngine.PostProcessing.PostProcessingBehaviour::TryExecuteCommandBuffer<UnityEngine.PostProcessing.FogModel>(UnityEngine.PostProcessing.PostProcessingComponentCommandBuffer`1<T>)	Assembly-CSharp
PostProcessingBehaviour_TryExecuteCommandBuffer_TisRuntimeObject_m4209704038_gshared	System.Void UnityEngine.PostProcessing.PostProcessingBehaviour::TryExecuteCommandBuffer<UnityEngine.PostProcessing.MotionBlurModel>(UnityEngine.PostProcessing.PostProcessingComponentCommandBuffer`1<T>)	Assembly-CSharp
PostProcessingBehaviour_TryPrepareUberImageEffect_TisRuntimeObject_m969063268_gshared	System.Boolean UnityEngine.PostProcessing.PostProcessingBehaviour::TryPrepareUberImageEffect<UnityEngine.PostProcessing.ChromaticAberrationModel>(UnityEngine.PostProcessing.PostProcessingComponentRenderTexture`1<T>,UnityEngine.Material)	Assembly-CSharp
PostProcessingBehaviour_TryPrepareUberImageEffect_TisRuntimeObject_m969063268_gshared	System.Boolean UnityEngine.PostProcessing.PostProcessingBehaviour::TryPrepareUberImageEffect<UnityEngine.PostProcessing.ColorGradingModel>(UnityEngine.PostProcessing.PostProcessingComponentRenderTexture`1<T>,UnityEngine.Material)	Assembly-CSharp
PostProcessingBehaviour_TryPrepareUberImageEffect_TisRuntimeObject_m969063268_gshared	System.Boolean UnityEngine.PostProcessing.PostProcessingBehaviour::TryPrepareUberImageEffect<UnityEngine.PostProcessing.VignetteModel>(UnityEngine.PostProcessing.PostProcessingComponentRenderTexture`1<T>,UnityEngine.Material)	Assembly-CSharp
PostProcessingBehaviour_TryPrepareUberImageEffect_TisRuntimeObject_m969063268_gshared	System.Boolean UnityEngine.PostProcessing.PostProcessingBehaviour::TryPrepareUberImageEffect<UnityEngine.PostProcessing.UserLutModel>(UnityEngine.PostProcessing.PostProcessingComponentRenderTexture`1<T>,UnityEngine.Material)	Assembly-CSharp
PostProcessingBehaviour_TryPrepareUberImageEffect_TisRuntimeObject_m969063268_gshared	System.Boolean UnityEngine.PostProcessing.PostProcessingBehaviour::TryPrepareUberImageEffect<UnityEngine.PostProcessing.GrainModel>(UnityEngine.PostProcessing.PostProcessingComponentRenderTexture`1<T>,UnityEngine.Material)	Assembly-CSharp
PostProcessingBehaviour_TryPrepareUberImageEffect_TisRuntimeObject_m969063268_gshared	System.Boolean UnityEngine.PostProcessing.PostProcessingBehaviour::TryPrepareUberImageEffect<UnityEngine.PostProcessing.DitheringModel>(UnityEngine.PostProcessing.PostProcessingComponentRenderTexture`1<T>,UnityEngine.Material)	Assembly-CSharp
Dictionary_2_get_Values_m897995681_gshared	System.Collections.Generic.Dictionary`2/ValueCollection<!0,!1> System.Collections.Generic.Dictionary`2<System.Type,System.Collections.Generic.KeyValuePair`2<UnityEngine.Rendering.CameraEvent,UnityEngine.Rendering.CommandBuffer>>::get_Values()	Assembly-CSharp
ValueCollection_GetEnumerator_m3831944692_gshared	System.Collections.Generic.Dictionary`2/ValueCollection/Enumerator<!0,!1> System.Collections.Generic.Dictionary`2/ValueCollection<System.Type,System.Collections.Generic.KeyValuePair`2<UnityEngine.Rendering.CameraEvent,UnityEngine.Rendering.CommandBuffer>>::GetEnumerator()	Assembly-CSharp
Enumerator_get_Current_m2779034449_AdjustorThunk	!1 System.Collections.Generic.Dictionary`2/ValueCollection/Enumerator<System.Type,System.Collections.Generic.KeyValuePair`2<UnityEngine.Rendering.CameraEvent,UnityEngine.Rendering.CommandBuffer>>::get_Current()	Assembly-CSharp
KeyValuePair_2_get_Key_m798624497_AdjustorThunk	!0 System.Collections.Generic.KeyValuePair`2<UnityEngine.Rendering.CameraEvent,UnityEngine.Rendering.CommandBuffer>::get_Key()	Assembly-CSharp
KeyValuePair_2_get_Value_m1172331095_AdjustorThunk	!1 System.Collections.Generic.KeyValuePair`2<UnityEngine.Rendering.CameraEvent,UnityEngine.Rendering.CommandBuffer>::get_Value()	Assembly-CSharp
Enumerator_MoveNext_m3836715879_AdjustorThunk	System.Boolean System.Collections.Generic.Dictionary`2/ValueCollection/Enumerator<System.Type,System.Collections.Generic.KeyValuePair`2<UnityEngine.Rendering.CameraEvent,UnityEngine.Rendering.CommandBuffer>>::MoveNext()	Assembly-CSharp
Enumerator_Dispose_m1063065379_AdjustorThunk	System.Void System.Collections.Generic.Dictionary`2/ValueCollection/Enumerator<System.Type,System.Collections.Generic.KeyValuePair`2<UnityEngine.Rendering.CameraEvent,UnityEngine.Rendering.CommandBuffer>>::Dispose()	mscorlib
Dictionary_2_Clear_m676003809_gshared	System.Void System.Collections.Generic.Dictionary`2<System.Type,System.Collections.Generic.KeyValuePair`2<UnityEngine.Rendering.CameraEvent,UnityEngine.Rendering.CommandBuffer>>::Clear()	Assembly-CSharp
List_1_Clear_m3697625829_gshared	System.Void System.Collections.Generic.List`1<UnityEngine.PostProcessing.PostProcessingComponentBase>::Clear()	Assembly-CSharp
Dictionary_2_GetEnumerator_m2978988825_gshared	System.Collections.Generic.Dictionary`2/Enumerator<!0,!1> System.Collections.Generic.Dictionary`2<UnityEngine.PostProcessing.PostProcessingComponentBase,System.Boolean>::GetEnumerator()	Assembly-CSharp
Enumerator_get_Current_m2190540846_AdjustorThunk	System.Collections.Generic.KeyValuePair`2<!0,!1> System.Collections.Generic.Dictionary`2/Enumerator<UnityEngine.PostProcessing.PostProcessingComponentBase,System.Boolean>::get_Current()	Assembly-CSharp
KeyValuePair_2_get_Key_m3347890282_AdjustorThunk	!0 System.Collections.Generic.KeyValuePair`2<UnityEngine.PostProcessing.PostProcessingComponentBase,System.Boolean>::get_Key()	Assembly-CSharp
KeyValuePair_2_get_Value_m3881342223_AdjustorThunk	!1 System.Collections.Generic.KeyValuePair`2<UnityEngine.PostProcessing.PostProcessingComponentBase,System.Boolean>::get_Value()	Assembly-CSharp
List_1_Add_m3338814081_gshared	System.Void System.Collections.Generic.List`1<UnityEngine.PostProcessing.PostProcessingComponentBase>::Add(!0)	Assembly-CSharp
Enumerator_MoveNext_m481679286_AdjustorThunk	System.Boolean System.Collections.Generic.Dictionary`2/Enumerator<UnityEngine.PostProcessing.PostProcessingComponentBase,System.Boolean>::MoveNext()	Assembly-CSharp
Enumerator_Dispose_m3834169052_AdjustorThunk	System.Void System.Collections.Generic.Dictionary`2/Enumerator<UnityEngine.PostProcessing.PostProcessingComponentBase,System.Boolean>::Dispose()	mscorlib
List_1_get_Item_m2287542950_gshared	!0 System.Collections.Generic.List`1<UnityEngine.PostProcessing.PostProcessingComponentBase>::get_Item(System.Int32)	Assembly-CSharp
Dictionary_2_set_Item_m351745166_gshared	System.Void System.Collections.Generic.Dictionary`2<UnityEngine.PostProcessing.PostProcessingComponentBase,System.Boolean>::set_Item(!0,!1)	Assembly-CSharp
List_1_get_Count_m2934127733_gshared	System.Int32 System.Collections.Generic.List`1<UnityEngine.PostProcessing.PostProcessingComponentBase>::get_Count()	Assembly-CSharp
HashSet_1__ctor_m4231804131_gshared	System.Void System.Collections.Generic.HashSet`1<UnityEngine.RenderTexture>::.ctor()	Assembly-CSharp
HashSet_1_Add_m1971460364_gshared	System.Boolean System.Collections.Generic.HashSet`1<UnityEngine.RenderTexture>::Add(!0)	Assembly-CSharp
HashSet_1_Contains_m3173358704_gshared	System.Boolean System.Collections.Generic.HashSet`1<UnityEngine.RenderTexture>::Contains(!0)	Assembly-CSharp
HashSet_1_Remove_m709044238_gshared	System.Boolean System.Collections.Generic.HashSet`1<UnityEngine.RenderTexture>::Remove(!0)	Assembly-CSharp
HashSet_1_GetEnumerator_m3346268098_gshared	System.Collections.Generic.HashSet`1/Enumerator<!0> System.Collections.Generic.HashSet`1<UnityEngine.RenderTexture>::GetEnumerator()	Assembly-CSharp
Enumerator_get_Current_m4213278602_AdjustorThunk	!0 System.Collections.Generic.HashSet`1/Enumerator<UnityEngine.RenderTexture>::get_Current()	Assembly-CSharp
Enumerator_MoveNext_m3714175425_AdjustorThunk	System.Boolean System.Collections.Generic.HashSet`1/Enumerator<UnityEngine.RenderTexture>::MoveNext()	Assembly-CSharp
HashSet_1_Clear_m507835370_gshared	System.Void System.Collections.Generic.HashSet`1<UnityEngine.RenderTexture>::Clear()	Assembly-CSharp
PostProcessingComponentCommandBuffer_1__ctor_m120899638_gshared	System.Void UnityEngine.PostProcessing.PostProcessingComponentCommandBuffer`1<UnityEngine.PostProcessing.ScreenSpaceReflectionModel>::.ctor()	Assembly-CSharp
PostProcessingComponent_1_get_model_m1119990137_gshared	T UnityEngine.PostProcessing.PostProcessingComponent`1<UnityEngine.PostProcessing.ScreenSpaceReflectionModel>::get_model()	Assembly-CSharp
Func_2_Invoke_m886748628_gshared	!1 System.Func`2<UnityEngine.Vector2,UnityEngine.Matrix4x4>::Invoke(!0)	Assembly-CSharp
PostProcessingComponentRenderTexture_1__ctor_m2869702566_gshared	System.Void UnityEngine.PostProcessing.PostProcessingComponentRenderTexture`1<UnityEngine.PostProcessing.UserLutModel>::.ctor()	Assembly-CSharp
PostProcessingComponent_1_get_model_m1119990137_gshared	T UnityEngine.PostProcessing.PostProcessingComponent`1<UnityEngine.PostProcessing.UserLutModel>::get_model()	Assembly-CSharp
PostProcessingComponentRenderTexture_1__ctor_m2869702566_gshared	System.Void UnityEngine.PostProcessing.PostProcessingComponentRenderTexture`1<UnityEngine.PostProcessing.VignetteModel>::.ctor()	Assembly-CSharp
PostProcessingComponent_1_get_model_m1119990137_gshared	T UnityEngine.PostProcessing.PostProcessingComponent`1<UnityEngine.PostProcessing.VignetteModel>::get_model()	Assembly-CSharp
Array_get_swapper_TisInt32_t2950945753_m2372143757_gshared	System.Array/Swapper System.Array::get_swapper<System.Int32>(T[])	mscorlib
Array_get_swapper_TisCustomAttributeNamedArgument_t287865710_m4254011335_gshared	System.Array/Swapper System.Array::get_swapper<System.Reflection.CustomAttributeNamedArgument>(T[])	mscorlib
Array_get_swapper_TisCustomAttributeTypedArgument_t2723150157_m469078792_gshared	System.Array/Swapper System.Array::get_swapper<System.Reflection.CustomAttributeTypedArgument>(T[])	mscorlib
Array_get_swapper_TisOrderBlock_t1585977831_m1093805686_gshared	System.Array/Swapper System.Array::get_swapper<UnityEngine.BeforeRenderHelper/OrderBlock>(T[])	mscorlib
Array_get_swapper_TisColor32_t2600501292_m2310851009_gshared	System.Array/Swapper System.Array::get_swapper<UnityEngine.Color32>(T[])	mscorlib
Array_get_swapper_TisRaycastResult_t3360306849_m1267000905_gshared	System.Array/Swapper System.Array::get_swapper<UnityEngine.EventSystems.RaycastResult>(T[])	mscorlib
Array_get_swapper_TisUICharInfo_t75501106_m2239932398_gshared	System.Array/Swapper System.Array::get_swapper<UnityEngine.UICharInfo>(T[])	mscorlib
Array_get_swapper_TisUILineInfo_t4195266810_m2154129620_gshared	System.Array/Swapper System.Array::get_swapper<UnityEngine.UILineInfo>(T[])	mscorlib
Array_get_swapper_TisUIVertex_t4057497605_m3029113773_gshared	System.Array/Swapper System.Array::get_swapper<UnityEngine.UIVertex>(T[])	mscorlib
Array_get_swapper_TisVector2_t2156229523_m2525208316_gshared	System.Array/Swapper System.Array::get_swapper<UnityEngine.Vector2>(T[])	mscorlib
Array_get_swapper_TisVector3_t3722313464_m1221246401_gshared	System.Array/Swapper System.Array::get_swapper<UnityEngine.Vector3>(T[])	mscorlib
Array_get_swapper_TisVector4_t3319028937_m2807533318_gshared	System.Array/Swapper System.Array::get_swapper<UnityEngine.Vector4>(T[])	mscorlib
Array_InternalArray__ICollection_Contains_TisTableRange_t3332867892_m220823873_gshared	System.Boolean System.Array::InternalArray__ICollection_Contains<Mono.Globalization.Unicode.CodePointIndexer/TableRange>(T)	mscorlib
Array_InternalArray__ICollection_Contains_TisClientCertificateType_t1004704908_m3504437380_gshared	System.Boolean System.Array::InternalArray__ICollection_Contains<Mono.Security.Protocol.Tls.Handshake.ClientCertificateType>(T)	mscorlib
Array_InternalArray__ICollection_Contains_TisBoolean_t97287965_m4124615291_gshared	System.Boolean System.Array::InternalArray__ICollection_Contains<System.Boolean>(T)	mscorlib
Array_InternalArray__ICollection_Contains_TisByte_t1134296376_m11531792_gshared	System.Boolean System.Array::InternalArray__ICollection_Contains<System.Byte>(T)	mscorlib
Array_InternalArray__ICollection_Contains_TisChar_t3634460470_m4074994798_gshared	System.Boolean System.Array::InternalArray__ICollection_Contains<System.Char>(T)	mscorlib
Array_InternalArray__ICollection_Contains_TisDictionaryEntry_t3123975638_m1596925967_gshared	System.Boolean System.Array::InternalArray__ICollection_Contains<System.Collections.DictionaryEntry>(T)	mscorlib
Array_InternalArray__ICollection_Contains_TisLink_t3209266973_m172350789_gshared	System.Boolean System.Array::InternalArray__ICollection_Contains<System.Collections.Generic.HashSet`1/Link<System.Object>>(T)	mscorlib
Array_InternalArray__ICollection_Contains_TisKeyValuePair_2_t71524366_m2486536917_gshared	System.Boolean System.Array::InternalArray__ICollection_Contains<System.Collections.Generic.KeyValuePair`2<System.Int32,System.Object>>(T)	mscorlib
Array_InternalArray__ICollection_Contains_TisKeyValuePair_2_t3699644050_m1466220143_gshared	System.Boolean System.Array::InternalArray__ICollection_Contains<System.Collections.Generic.KeyValuePair`2<System.IntPtr,System.Object>>(T)	mscorlib
Array_InternalArray__ICollection_Contains_TisKeyValuePair_2_t3842366416_m119930447_gshared	System.Boolean System.Array::InternalArray__ICollection_Contains<System.Collections.Generic.KeyValuePair`2<System.Object,System.Boolean>>(T)	mscorlib
Array_InternalArray__ICollection_Contains_TisKeyValuePair_2_t3747325428_m2152343993_gshared	System.Boolean System.Array::InternalArray__ICollection_Contains<System.Collections.Generic.KeyValuePair`2<System.Object,System.Collections.Generic.KeyValuePair`2<UnityEngine.Rendering.CameraEvent,System.Object>>>(T)	mscorlib
Array_InternalArray__ICollection_Contains_TisKeyValuePair_2_t2401056908_m2117980243_gshared	System.Boolean System.Array::InternalArray__ICollection_Contains<System.Collections.Generic.KeyValuePair`2<System.Object,System.Int32>>(T)	mscorlib
Array_InternalArray__ICollection_Contains_TisKeyValuePair_2_t2530217319_m3941002701_gshared	System.Boolean System.Array::InternalArray__ICollection_Contains<System.Collections.Generic.KeyValuePair`2<System.Object,System.Object>>(T)	mscorlib
Array_InternalArray__ICollection_Contains_TisKeyValuePair_2_t2246977_m2505902290_gshared	System.Boolean System.Array::InternalArray__ICollection_Contains<System.Collections.Generic.KeyValuePair`2<UnityEngine.Rendering.CameraEvent,System.Object>>(T)	mscorlib
Array_InternalArray__ICollection_Contains_TisLink_t544317964_m163190451_gshared	System.Boolean System.Array::InternalArray__ICollection_Contains<System.Collections.Generic.Link>(T)	mscorlib
Array_InternalArray__ICollection_Contains_TisSlot_t3975888750_m58971838_gshared	System.Boolean System.Array::InternalArray__ICollection_Contains<System.Collections.Hashtable/Slot>(T)	mscorlib
Array_InternalArray__ICollection_Contains_TisSlot_t384495010_m688761886_gshared	System.Boolean System.Array::InternalArray__ICollection_Contains<System.Collections.SortedList/Slot>(T)	mscorlib
Array_InternalArray__ICollection_Contains_TisDateTime_t3738529785_m364748720_gshared	System.Boolean System.Array::InternalArray__ICollection_Contains<System.DateTime>(T)	mscorlib
Array_InternalArray__ICollection_Contains_TisDecimal_t2948259380_m2897422370_gshared	System.Boolean System.Array::InternalArray__ICollection_Contains<System.Decimal>(T)	mscorlib
Array_InternalArray__ICollection_Contains_TisDouble_t594665363_m1696010878_gshared	System.Boolean System.Array::InternalArray__ICollection_Contains<System.Double>(T)	mscorlib
Array_InternalArray__ICollection_Contains_TisInt16_t2552820387_m2915683400_gshared	System.Boolean System.Array::InternalArray__ICollection_Contains<System.Int16>(T)	mscorlib
Array_InternalArray__ICollection_Contains_TisInt32_t2950945753_m2907032710_gshared	System.Boolean System.Array::InternalArray__ICollection_Contains<System.Int32>(T)	mscorlib
Array_InternalArray__ICollection_Contains_TisInt64_t3736567304_m2911357929_gshared	System.Boolean System.Array::InternalArray__ICollection_Contains<System.Int64>(T)	mscorlib
Array_InternalArray__ICollection_Contains_TisIntPtr_t_m272531112_gshared	System.Boolean System.Array::InternalArray__ICollection_Contains<System.IntPtr>(T)	mscorlib
Array_InternalArray__ICollection_Contains_TisCustomAttributeNamedArgument_t287865710_m941688219_gshared	System.Boolean System.Array::InternalArray__ICollection_Contains<System.Reflection.CustomAttributeNamedArgument>(T)	mscorlib
Array_InternalArray__ICollection_Contains_TisCustomAttributeTypedArgument_t2723150157_m2663438007_gshared	System.Boolean System.Array::InternalArray__ICollection_Contains<System.Reflection.CustomAttributeTypedArgument>(T)	mscorlib
Array_InternalArray__ICollection_Contains_TisLabelData_t360167391_m3647461454_gshared	System.Boolean System.Array::InternalArray__ICollection_Contains<System.Reflection.Emit.ILGenerator/LabelData>(T)	mscorlib
Array_InternalArray__ICollection_Contains_TisLabelFixup_t858502054_m3479040328_gshared	System.Boolean System.Array::InternalArray__ICollection_Contains<System.Reflection.Emit.ILGenerator/LabelFixup>(T)	mscorlib
Array_InternalArray__ICollection_Contains_TisILTokenInfo_t2325775114_m2923331462_gshared	System.Boolean System.Array::InternalArray__ICollection_Contains<System.Reflection.Emit.ILTokenInfo>(T)	mscorlib
Array_InternalArray__ICollection_Contains_TisMonoResource_t4103430009_m3220247244_gshared	System.Boolean System.Array::InternalArray__ICollection_Contains<System.Reflection.Emit.MonoResource>(T)	mscorlib
Array_InternalArray__ICollection_Contains_TisRefEmitPermissionSet_t484390987_m2357266594_gshared	System.Boolean System.Array::InternalArray__ICollection_Contains<System.Reflection.Emit.RefEmitPermissionSet>(T)	mscorlib
Array_InternalArray__ICollection_Contains_TisParameterModifier_t1461694466_m1000453323_gshared	System.Boolean System.Array::InternalArray__ICollection_Contains<System.Reflection.ParameterModifier>(T)	mscorlib
Array_InternalArray__ICollection_Contains_TisResourceCacheItem_t51292791_m2991582559_gshared	System.Boolean System.Array::InternalArray__ICollection_Contains<System.Resources.ResourceReader/ResourceCacheItem>(T)	mscorlib
Array_InternalArray__ICollection_Contains_TisResourceInfo_t2872965302_m2530260012_gshared	System.Boolean System.Array::InternalArray__ICollection_Contains<System.Resources.ResourceReader/ResourceInfo>(T)	mscorlib
Array_InternalArray__ICollection_Contains_TisTypeTag_t3541821701_m1685702570_gshared	System.Boolean System.Array::InternalArray__ICollection_Contains<System.Runtime.Serialization.Formatters.Binary.TypeTag>(T)	mscorlib
Array_InternalArray__ICollection_Contains_TisSByte_t1669577662_m926034270_gshared	System.Boolean System.Array::InternalArray__ICollection_Contains<System.SByte>(T)	mscorlib
Array_InternalArray__ICollection_Contains_TisX509ChainStatus_t133602714_m795171973_gshared	System.Boolean System.Array::InternalArray__ICollection_Contains<System.Security.Cryptography.X509Certificates.X509ChainStatus>(T)	mscorlib
Array_InternalArray__ICollection_Contains_TisSingle_t1397266774_m2135761808_gshared	System.Boolean System.Array::InternalArray__ICollection_Contains<System.Single>(T)	mscorlib
Array_InternalArray__ICollection_Contains_TisMark_t3471605523_m4135225167_gshared	System.Boolean System.Array::InternalArray__ICollection_Contains<System.Text.RegularExpressions.Mark>(T)	mscorlib
Array_InternalArray__ICollection_Contains_TisTimeSpan_t881159249_m1600990182_gshared	System.Boolean System.Array::InternalArray__ICollection_Contains<System.TimeSpan>(T)	mscorlib
Array_InternalArray__ICollection_Contains_TisUInt16_t2177724958_m3393176156_gshared	System.Boolean System.Array::InternalArray__ICollection_Contains<System.UInt16>(T)	mscorlib
Array_InternalArray__ICollection_Contains_TisUInt32_t2560061978_m387509280_gshared	System.Boolean System.Array::InternalArray__ICollection_Contains<System.UInt32>(T)	mscorlib
Array_InternalArray__ICollection_Contains_TisUInt64_t4134040092_m94895126_gshared	System.Boolean System.Array::InternalArray__ICollection_Contains<System.UInt64>(T)	mscorlib
Array_InternalArray__ICollection_Contains_TisUriScheme_t722425697_m176797978_gshared	System.Boolean System.Array::InternalArray__ICollection_Contains<System.Uri/UriScheme>(T)	mscorlib
Array_InternalArray__ICollection_Contains_TisOrderBlock_t1585977831_m1840347001_gshared	System.Boolean System.Array::InternalArray__ICollection_Contains<UnityEngine.BeforeRenderHelper/OrderBlock>(T)	mscorlib
Array_InternalArray__ICollection_Contains_TisColor_t2555686324_m266224315_gshared	System.Boolean System.Array::InternalArray__ICollection_Contains<UnityEngine.Color>(T)	mscorlib
Array_InternalArray__ICollection_Contains_TisColor32_t2600501292_m2162938018_gshared	System.Boolean System.Array::InternalArray__ICollection_Contains<UnityEngine.Color32>(T)	mscorlib
Array_InternalArray__ICollection_Contains_TisContactPoint_t3758755253_m1890115071_gshared	System.Boolean System.Array::InternalArray__ICollection_Contains<UnityEngine.ContactPoint>(T)	mscorlib
Array_InternalArray__ICollection_Contains_TisRaycastResult_t3360306849_m3809401052_gshared	System.Boolean System.Array::InternalArray__ICollection_Contains<UnityEngine.EventSystems.RaycastResult>(T)	mscorlib
Array_InternalArray__ICollection_Contains_TisKeyframe_t4206410242_m2096605895_gshared	System.Boolean System.Array::InternalArray__ICollection_Contains<UnityEngine.Keyframe>(T)	mscorlib
Array_InternalArray__ICollection_Contains_TisPlayableBinding_t354260709_m782693665_gshared	System.Boolean System.Array::InternalArray__ICollection_Contains<UnityEngine.Playables.PlayableBinding>(T)	mscorlib
Array_InternalArray__ICollection_Contains_TisFxaaConsoleSettings_t950185286_m2414931415_gshared	System.Boolean System.Array::InternalArray__ICollection_Contains<UnityEngine.PostProcessing.AntialiasingModel/FxaaConsoleSettings>(T)	mscorlib
Array_InternalArray__ICollection_Contains_TisFxaaQualitySettings_t1558211909_m1005086432_gshared	System.Boolean System.Array::InternalArray__ICollection_Contains<UnityEngine.PostProcessing.AntialiasingModel/FxaaQualitySettings>(T)	mscorlib
Array_InternalArray__ICollection_Contains_TisFrame_t295908221_m3328694917_gshared	System.Boolean System.Array::InternalArray__ICollection_Contains<UnityEngine.PostProcessing.MotionBlurComponent/FrameBlendingFilter/Frame>(T)	mscorlib
Array_InternalArray__ICollection_Contains_TisRaycastHit_t1056001966_m2163828986_gshared	System.Boolean System.Array::InternalArray__ICollection_Contains<UnityEngine.RaycastHit>(T)	mscorlib
Array_InternalArray__ICollection_Contains_TisRaycastHit2D_t2279581989_m2733133723_gshared	System.Boolean System.Array::InternalArray__ICollection_Contains<UnityEngine.RaycastHit2D>(T)	mscorlib
Array_InternalArray__ICollection_Contains_TisRenderBuffer_t586150500_m3630830659_gshared	System.Boolean System.Array::InternalArray__ICollection_Contains<UnityEngine.RenderBuffer>(T)	mscorlib
Array_InternalArray__ICollection_Contains_TisRenderTargetIdentifier_t2079184500_m2206249450_gshared	System.Boolean System.Array::InternalArray__ICollection_Contains<UnityEngine.Rendering.RenderTargetIdentifier>(T)	mscorlib
Array_InternalArray__ICollection_Contains_TisRenderTextureFormat_t962350765_m2551098068_gshared	System.Boolean System.Array::InternalArray__ICollection_Contains<UnityEngine.RenderTextureFormat>(T)	mscorlib
Array_InternalArray__ICollection_Contains_TisHitInfo_t3229609740_m180302123_gshared	System.Boolean System.Array::InternalArray__ICollection_Contains<UnityEngine.SendMouseEvents/HitInfo>(T)	mscorlib
Array_InternalArray__ICollection_Contains_TisContentType_t1787303396_m692835665_gshared	System.Boolean System.Array::InternalArray__ICollection_Contains<UnityEngine.UI.InputField/ContentType>(T)	mscorlib
Array_InternalArray__ICollection_Contains_TisUICharInfo_t75501106_m1619960249_gshared	System.Boolean System.Array::InternalArray__ICollection_Contains<UnityEngine.UICharInfo>(T)	mscorlib
Array_InternalArray__ICollection_Contains_TisUILineInfo_t4195266810_m375073905_gshared	System.Boolean System.Array::InternalArray__ICollection_Contains<UnityEngine.UILineInfo>(T)	mscorlib
Array_InternalArray__ICollection_Contains_TisUIVertex_t4057497605_m1942096352_gshared	System.Boolean System.Array::InternalArray__ICollection_Contains<UnityEngine.UIVertex>(T)	mscorlib
Array_InternalArray__ICollection_Contains_TisWorkRequest_t1354518612_m2404463752_gshared	System.Boolean System.Array::InternalArray__ICollection_Contains<UnityEngine.UnitySynchronizationContext/WorkRequest>(T)	mscorlib
Array_InternalArray__ICollection_Contains_TisVector2_t2156229523_m4078183089_gshared	System.Boolean System.Array::InternalArray__ICollection_Contains<UnityEngine.Vector2>(T)	mscorlib
Array_InternalArray__ICollection_Contains_TisVector3_t3722313464_m4078183076_gshared	System.Boolean System.Array::InternalArray__ICollection_Contains<UnityEngine.Vector3>(T)	mscorlib
Array_InternalArray__ICollection_Contains_TisVector4_t3319028937_m4078183023_gshared	System.Boolean System.Array::InternalArray__ICollection_Contains<UnityEngine.Vector4>(T)	mscorlib
Array_InternalArray__ICollection_Remove_TisTableRange_t3332867892_m1941639116_gshared	System.Boolean System.Array::InternalArray__ICollection_Remove<Mono.Globalization.Unicode.CodePointIndexer/TableRange>(T)	mscorlib
Array_InternalArray__ICollection_Remove_TisClientCertificateType_t1004704908_m1078474577_gshared	System.Boolean System.Array::InternalArray__ICollection_Remove<Mono.Security.Protocol.Tls.Handshake.ClientCertificateType>(T)	mscorlib
Array_InternalArray__ICollection_Remove_TisBoolean_t97287965_m802427701_gshared	System.Boolean System.Array::InternalArray__ICollection_Remove<System.Boolean>(T)	mscorlib
Array_InternalArray__ICollection_Remove_TisByte_t1134296376_m2266787817_gshared	System.Boolean System.Array::InternalArray__ICollection_Remove<System.Byte>(T)	mscorlib
Array_InternalArray__ICollection_Remove_TisChar_t3634460470_m4143749387_gshared	System.Boolean System.Array::InternalArray__ICollection_Remove<System.Char>(T)	mscorlib
Array_InternalArray__ICollection_Remove_TisDictionaryEntry_t3123975638_m3699186409_gshared	System.Boolean System.Array::InternalArray__ICollection_Remove<System.Collections.DictionaryEntry>(T)	mscorlib
Array_InternalArray__ICollection_Remove_TisLink_t3209266973_m897088622_gshared	System.Boolean System.Array::InternalArray__ICollection_Remove<System.Collections.Generic.HashSet`1/Link<System.Object>>(T)	mscorlib
Array_InternalArray__ICollection_Remove_TisKeyValuePair_2_t71524366_m1112804119_gshared	System.Boolean System.Array::InternalArray__ICollection_Remove<System.Collections.Generic.KeyValuePair`2<System.Int32,System.Object>>(T)	mscorlib
Array_InternalArray__ICollection_Remove_TisKeyValuePair_2_t3699644050_m3356523584_gshared	System.Boolean System.Array::InternalArray__ICollection_Remove<System.Collections.Generic.KeyValuePair`2<System.IntPtr,System.Object>>(T)	mscorlib
Array_InternalArray__ICollection_Remove_TisKeyValuePair_2_t3842366416_m278128148_gshared	System.Boolean System.Array::InternalArray__ICollection_Remove<System.Collections.Generic.KeyValuePair`2<System.Object,System.Boolean>>(T)	mscorlib
Array_InternalArray__ICollection_Remove_TisKeyValuePair_2_t3747325428_m412796024_gshared	System.Boolean System.Array::InternalArray__ICollection_Remove<System.Collections.Generic.KeyValuePair`2<System.Object,System.Collections.Generic.KeyValuePair`2<UnityEngine.Rendering.CameraEvent,System.Object>>>(T)	mscorlib
Array_InternalArray__ICollection_Remove_TisKeyValuePair_2_t2401056908_m74803181_gshared	System.Boolean System.Array::InternalArray__ICollection_Remove<System.Collections.Generic.KeyValuePair`2<System.Object,System.Int32>>(T)	mscorlib
Array_InternalArray__ICollection_Remove_TisKeyValuePair_2_t2530217319_m805303252_gshared	System.Boolean System.Array::InternalArray__ICollection_Remove<System.Collections.Generic.KeyValuePair`2<System.Object,System.Object>>(T)	mscorlib
Array_InternalArray__ICollection_Remove_TisKeyValuePair_2_t2246977_m2617904472_gshared	System.Boolean System.Array::InternalArray__ICollection_Remove<System.Collections.Generic.KeyValuePair`2<UnityEngine.Rendering.CameraEvent,System.Object>>(T)	mscorlib
Array_InternalArray__ICollection_Remove_TisLink_t544317964_m1280781374_gshared	System.Boolean System.Array::InternalArray__ICollection_Remove<System.Collections.Generic.Link>(T)	mscorlib
Array_InternalArray__ICollection_Remove_TisSlot_t3975888750_m1037969254_gshared	System.Boolean System.Array::InternalArray__ICollection_Remove<System.Collections.Hashtable/Slot>(T)	mscorlib
Array_InternalArray__ICollection_Remove_TisSlot_t384495010_m635565498_gshared	System.Boolean System.Array::InternalArray__ICollection_Remove<System.Collections.SortedList/Slot>(T)	mscorlib
Array_InternalArray__ICollection_Remove_TisDateTime_t3738529785_m2250893026_gshared	System.Boolean System.Array::InternalArray__ICollection_Remove<System.DateTime>(T)	mscorlib
Array_InternalArray__ICollection_Remove_TisDecimal_t2948259380_m1489074346_gshared	System.Boolean System.Array::InternalArray__ICollection_Remove<System.Decimal>(T)	mscorlib
Array_InternalArray__ICollection_Remove_TisDouble_t594665363_m3197228342_gshared	System.Boolean System.Array::InternalArray__ICollection_Remove<System.Double>(T)	mscorlib
Array_InternalArray__ICollection_Remove_TisInt16_t2552820387_m3372313693_gshared	System.Boolean System.Array::InternalArray__ICollection_Remove<System.Int16>(T)	mscorlib
Array_InternalArray__ICollection_Remove_TisInt32_t2950945753_m1299950055_gshared	System.Boolean System.Array::InternalArray__ICollection_Remove<System.Int32>(T)	mscorlib
Array_InternalArray__ICollection_Remove_TisInt64_t3736567304_m3736440744_gshared	System.Boolean System.Array::InternalArray__ICollection_Remove<System.Int64>(T)	mscorlib
Array_InternalArray__ICollection_Remove_TisIntPtr_t_m3807208150_gshared	System.Boolean System.Array::InternalArray__ICollection_Remove<System.IntPtr>(T)	mscorlib
Array_InternalArray__ICollection_Remove_TisCustomAttributeNamedArgument_t287865710_m2189952110_gshared	System.Boolean System.Array::InternalArray__ICollection_Remove<System.Reflection.CustomAttributeNamedArgument>(T)	mscorlib
Array_InternalArray__ICollection_Remove_TisCustomAttributeTypedArgument_t2723150157_m3045918830_gshared	System.Boolean System.Array::InternalArray__ICollection_Remove<System.Reflection.CustomAttributeTypedArgument>(T)	mscorlib
Array_InternalArray__ICollection_Remove_TisLabelData_t360167391_m3556246844_gshared	System.Boolean System.Array::InternalArray__ICollection_Remove<System.Reflection.Emit.ILGenerator/LabelData>(T)	mscorlib
Array_InternalArray__ICollection_Remove_TisLabelFixup_t858502054_m3068158566_gshared	System.Boolean System.Array::InternalArray__ICollection_Remove<System.Reflection.Emit.ILGenerator/LabelFixup>(T)	mscorlib
Array_InternalArray__ICollection_Remove_TisILTokenInfo_t2325775114_m3179429710_gshared	System.Boolean System.Array::InternalArray__ICollection_Remove<System.Reflection.Emit.ILTokenInfo>(T)	mscorlib
Array_InternalArray__ICollection_Remove_TisMonoResource_t4103430009_m238733686_gshared	System.Boolean System.Array::InternalArray__ICollection_Remove<System.Reflection.Emit.MonoResource>(T)	mscorlib
Array_InternalArray__ICollection_Remove_TisRefEmitPermissionSet_t484390987_m4235288405_gshared	System.Boolean System.Array::InternalArray__ICollection_Remove<System.Reflection.Emit.RefEmitPermissionSet>(T)	mscorlib
Array_InternalArray__ICollection_Remove_TisParameterModifier_t1461694466_m2152733370_gshared	System.Boolean System.Array::InternalArray__ICollection_Remove<System.Reflection.ParameterModifier>(T)	mscorlib
Array_InternalArray__ICollection_Remove_TisResourceCacheItem_t51292791_m1682003393_gshared	System.Boolean System.Array::InternalArray__ICollection_Remove<System.Resources.ResourceReader/ResourceCacheItem>(T)	mscorlib
Array_InternalArray__ICollection_Remove_TisResourceInfo_t2872965302_m411268393_gshared	System.Boolean System.Array::InternalArray__ICollection_Remove<System.Resources.ResourceReader/ResourceInfo>(T)	mscorlib
Array_InternalArray__ICollection_Remove_TisTypeTag_t3541821701_m764358406_gshared	System.Boolean System.Array::InternalArray__ICollection_Remove<System.Runtime.Serialization.Formatters.Binary.TypeTag>(T)	mscorlib
Array_InternalArray__ICollection_Remove_TisSByte_t1669577662_m1857659578_gshared	System.Boolean System.Array::InternalArray__ICollection_Remove<System.SByte>(T)	mscorlib
Array_InternalArray__ICollection_Remove_TisX509ChainStatus_t133602714_m3635989134_gshared	System.Boolean System.Array::InternalArray__ICollection_Remove<System.Security.Cryptography.X509Certificates.X509ChainStatus>(T)	mscorlib
Array_InternalArray__ICollection_Remove_TisSingle_t1397266774_m3361324455_gshared	System.Boolean System.Array::InternalArray__ICollection_Remove<System.Single>(T)	mscorlib
Array_InternalArray__ICollection_Remove_TisMark_t3471605523_m351418700_gshared	System.Boolean System.Array::InternalArray__ICollection_Remove<System.Text.RegularExpressions.Mark>(T)	mscorlib
Array_InternalArray__ICollection_Remove_TisTimeSpan_t881159249_m2877951771_gshared	System.Boolean System.Array::InternalArray__ICollection_Remove<System.TimeSpan>(T)	mscorlib
Array_InternalArray__ICollection_Remove_TisUInt16_t2177724958_m1766181761_gshared	System.Boolean System.Array::InternalArray__ICollection_Remove<System.UInt16>(T)	mscorlib
Array_InternalArray__ICollection_Remove_TisUInt32_t2560061978_m733727733_gshared	System.Boolean System.Array::InternalArray__ICollection_Remove<System.UInt32>(T)	mscorlib
Array_InternalArray__ICollection_Remove_TisUInt64_t4134040092_m2664745791_gshared	System.Boolean System.Array::InternalArray__ICollection_Remove<System.UInt64>(T)	mscorlib
Array_InternalArray__ICollection_Remove_TisUriScheme_t722425697_m3733744077_gshared	System.Boolean System.Array::InternalArray__ICollection_Remove<System.Uri/UriScheme>(T)	mscorlib
Array_InternalArray__ICollection_Remove_TisOrderBlock_t1585977831_m1449044465_gshared	System.Boolean System.Array::InternalArray__ICollection_Remove<UnityEngine.BeforeRenderHelper/OrderBlock>(T)	mscorlib
Array_InternalArray__ICollection_Remove_TisColor_t2555686324_m1658001816_gshared	System.Boolean System.Array::InternalArray__ICollection_Remove<UnityEngine.Color>(T)	mscorlib
Array_InternalArray__ICollection_Remove_TisColor32_t2600501292_m1053145697_gshared	System.Boolean System.Array::InternalArray__ICollection_Remove<UnityEngine.Color32>(T)	mscorlib
Array_InternalArray__ICollection_Remove_TisContactPoint_t3758755253_m4004109175_gshared	System.Boolean System.Array::InternalArray__ICollection_Remove<UnityEngine.ContactPoint>(T)	mscorlib
Array_InternalArray__ICollection_Remove_TisRaycastResult_t3360306849_m3237401700_gshared	System.Boolean System.Array::InternalArray__ICollection_Remove<UnityEngine.EventSystems.RaycastResult>(T)	mscorlib
Array_InternalArray__ICollection_Remove_TisKeyframe_t4206410242_m3222074551_gshared	System.Boolean System.Array::InternalArray__ICollection_Remove<UnityEngine.Keyframe>(T)	mscorlib
Array_InternalArray__ICollection_Remove_TisPlayableBinding_t354260709_m2417281815_gshared	System.Boolean System.Array::InternalArray__ICollection_Remove<UnityEngine.Playables.PlayableBinding>(T)	mscorlib
Array_InternalArray__ICollection_Remove_TisFxaaConsoleSettings_t950185286_m366419404_gshared	System.Boolean System.Array::InternalArray__ICollection_Remove<UnityEngine.PostProcessing.AntialiasingModel/FxaaConsoleSettings>(T)	mscorlib
Array_InternalArray__ICollection_Remove_TisFxaaQualitySettings_t1558211909_m3902900653_gshared	System.Boolean System.Array::InternalArray__ICollection_Remove<UnityEngine.PostProcessing.AntialiasingModel/FxaaQualitySettings>(T)	mscorlib
Array_InternalArray__ICollection_Remove_TisFrame_t295908221_m3625475513_gshared	System.Boolean System.Array::InternalArray__ICollection_Remove<UnityEngine.PostProcessing.MotionBlurComponent/FrameBlendingFilter/Frame>(T)	mscorlib
Array_InternalArray__ICollection_Remove_TisRaycastHit_t1056001966_m2255692446_gshared	System.Boolean System.Array::InternalArray__ICollection_Remove<UnityEngine.RaycastHit>(T)	mscorlib
Array_InternalArray__ICollection_Remove_TisRaycastHit2D_t2279581989_m2916504088_gshared	System.Boolean System.Array::InternalArray__ICollection_Remove<UnityEngine.RaycastHit2D>(T)	mscorlib
Array_InternalArray__ICollection_Remove_TisRenderBuffer_t586150500_m3610519594_gshared	System.Boolean System.Array::InternalArray__ICollection_Remove<UnityEngine.RenderBuffer>(T)	mscorlib
Array_InternalArray__ICollection_Remove_TisRenderTargetIdentifier_t2079184500_m3525456651_gshared	System.Boolean System.Array::InternalArray__ICollection_Remove<UnityEngine.Rendering.RenderTargetIdentifier>(T)	mscorlib
Array_InternalArray__ICollection_Remove_TisRenderTextureFormat_t962350765_m2989534367_gshared	System.Boolean System.Array::InternalArray__ICollection_Remove<UnityEngine.RenderTextureFormat>(T)	mscorlib
Array_InternalArray__ICollection_Remove_TisHitInfo_t3229609740_m1726675946_gshared	System.Boolean System.Array::InternalArray__ICollection_Remove<UnityEngine.SendMouseEvents/HitInfo>(T)	mscorlib
Array_InternalArray__ICollection_Remove_TisContentType_t1787303396_m4258952916_gshared	System.Boolean System.Array::InternalArray__ICollection_Remove<UnityEngine.UI.InputField/ContentType>(T)	mscorlib
Array_InternalArray__ICollection_Remove_TisUICharInfo_t75501106_m1176015416_gshared	System.Boolean System.Array::InternalArray__ICollection_Remove<UnityEngine.UICharInfo>(T)	mscorlib
Array_InternalArray__ICollection_Remove_TisUILineInfo_t4195266810_m3641067542_gshared	System.Boolean System.Array::InternalArray__ICollection_Remove<UnityEngine.UILineInfo>(T)	mscorlib
Array_InternalArray__ICollection_Remove_TisUIVertex_t4057497605_m794785933_gshared	System.Boolean System.Array::InternalArray__ICollection_Remove<UnityEngine.UIVertex>(T)	mscorlib
Array_InternalArray__ICollection_Remove_TisWorkRequest_t1354518612_m565106622_gshared	System.Boolean System.Array::InternalArray__ICollection_Remove<UnityEngine.UnitySynchronizationContext/WorkRequest>(T)	mscorlib
Array_InternalArray__ICollection_Remove_TisVector2_t2156229523_m2219689269_gshared	System.Boolean System.Array::InternalArray__ICollection_Remove<UnityEngine.Vector2>(T)	mscorlib
Array_InternalArray__ICollection_Remove_TisVector3_t3722313464_m673808304_gshared	System.Boolean System.Array::InternalArray__ICollection_Remove<UnityEngine.Vector3>(T)	mscorlib
Array_InternalArray__ICollection_Remove_TisVector4_t3319028937_m1224903547_gshared	System.Boolean System.Array::InternalArray__ICollection_Remove<UnityEngine.Vector4>(T)	mscorlib
ObjectPool_1_Get_m3351668383_gshared	T UnityEngine.UI.ObjectPool`1<System.Collections.Generic.List`1<UnityEngine.EventSystems.IEventSystemHandler>>::Get()	UnityEngine.UI
List_1_get_Count_m2934127733_gshared	System.Int32 System.Collections.Generic.List`1<UnityEngine.EventSystems.IEventSystemHandler>::get_Count()	UnityEngine.UI
ObjectPool_1_Release_m3263354170_gshared	System.Void UnityEngine.UI.ObjectPool`1<System.Collections.Generic.List`1<UnityEngine.EventSystems.IEventSystemHandler>>::Release(T)	UnityEngine.UI
List_1_get_Item_m2287542950_gshared	!0 System.Collections.Generic.List`1<UnityEngine.EventSystems.IEventSystemHandler>::get_Item(System.Int32)	UnityEngine.UI
Array_InternalArray__IEnumerable_GetEnumerator_TisTableRange_t3332867892_m1038225824_gshared	System.Collections.Generic.IEnumerator`1<T> System.Array::InternalArray__IEnumerable_GetEnumerator<Mono.Globalization.Unicode.CodePointIndexer/TableRange>()	mscorlib
Array_InternalArray__IEnumerable_GetEnumerator_TisClientCertificateType_t1004704908_m242971320_gshared	System.Collections.Generic.IEnumerator`1<T> System.Array::InternalArray__IEnumerable_GetEnumerator<Mono.Security.Protocol.Tls.Handshake.ClientCertificateType>()	mscorlib
Array_InternalArray__IEnumerable_GetEnumerator_TisBoolean_t97287965_m3766670500_gshared	System.Collections.Generic.IEnumerator`1<T> System.Array::InternalArray__IEnumerable_GetEnumerator<System.Boolean>()	mscorlib
Array_InternalArray__IEnumerable_GetEnumerator_TisByte_t1134296376_m1979205379_gshared	System.Collections.Generic.IEnumerator`1<T> System.Array::InternalArray__IEnumerable_GetEnumerator<System.Byte>()	mscorlib
Array_InternalArray__IEnumerable_GetEnumerator_TisChar_t3634460470_m791157353_gshared	System.Collections.Generic.IEnumerator`1<T> System.Array::InternalArray__IEnumerable_GetEnumerator<System.Char>()	mscorlib
Array_InternalArray__IEnumerable_GetEnumerator_TisDictionaryEntry_t3123975638_m2887666826_gshared	System.Collections.Generic.IEnumerator`1<T> System.Array::InternalArray__IEnumerable_GetEnumerator<System.Collections.DictionaryEntry>()	mscorlib
Array_InternalArray__IEnumerable_GetEnumerator_TisLink_t3209266973_m3091954879_gshared	System.Collections.Generic.IEnumerator`1<T> System.Array::InternalArray__IEnumerable_GetEnumerator<System.Collections.Generic.HashSet`1/Link<System.Object>>()	mscorlib
Array_InternalArray__IEnumerable_GetEnumerator_TisKeyValuePair_2_t71524366_m1888115476_gshared	System.Collections.Generic.IEnumerator`1<T> System.Array::InternalArray__IEnumerable_GetEnumerator<System.Collections.Generic.KeyValuePair`2<System.Int32,System.Object>>()	mscorlib
Array_InternalArray__IEnumerable_GetEnumerator_TisKeyValuePair_2_t3699644050_m2872121542_gshared	System.Collections.Generic.IEnumerator`1<T> System.Array::InternalArray__IEnumerable_GetEnumerator<System.Collections.Generic.KeyValuePair`2<System.IntPtr,System.Object>>()	mscorlib
Array_InternalArray__IEnumerable_GetEnumerator_TisKeyValuePair_2_t3842366416_m3439095741_gshared	System.Collections.Generic.IEnumerator`1<T> System.Array::InternalArray__IEnumerable_GetEnumerator<System.Collections.Generic.KeyValuePair`2<System.Object,System.Boolean>>()	mscorlib
Array_InternalArray__IEnumerable_GetEnumerator_TisKeyValuePair_2_t3747325428_m1785873205_gshared	System.Collections.Generic.IEnumerator`1<T> System.Array::InternalArray__IEnumerable_GetEnumerator<System.Collections.Generic.KeyValuePair`2<System.Object,System.Collections.Generic.KeyValuePair`2<UnityEngine.Rendering.CameraEvent,System.Object>>>()	mscorlib
Array_InternalArray__IEnumerable_GetEnumerator_TisKeyValuePair_2_t2401056908_m2903810028_gshared	System.Collections.Generic.IEnumerator`1<T> System.Array::InternalArray__IEnumerable_GetEnumerator<System.Collections.Generic.KeyValuePair`2<System.Object,System.Int32>>()	mscorlib
Array_InternalArray__IEnumerable_GetEnumerator_TisKeyValuePair_2_t2530217319_m3393797159_gshared	System.Collections.Generic.IEnumerator`1<T> System.Array::InternalArray__IEnumerable_GetEnumerator<System.Collections.Generic.KeyValuePair`2<System.Object,System.Object>>()	mscorlib
Array_InternalArray__IEnumerable_GetEnumerator_TisKeyValuePair_2_t2246977_m3395654765_gshared	System.Collections.Generic.IEnumerator`1<T> System.Array::InternalArray__IEnumerable_GetEnumerator<System.Collections.Generic.KeyValuePair`2<UnityEngine.Rendering.CameraEvent,System.Object>>()	mscorlib
Array_InternalArray__IEnumerable_GetEnumerator_TisLink_t544317964_m1734948438_gshared	System.Collections.Generic.IEnumerator`1<T> System.Array::InternalArray__IEnumerable_GetEnumerator<System.Collections.Generic.Link>()	mscorlib
Array_InternalArray__IEnumerable_GetEnumerator_TisSlot_t3975888750_m1869932007_gshared	System.Collections.Generic.IEnumerator`1<T> System.Array::InternalArray__IEnumerable_GetEnumerator<System.Collections.Hashtable/Slot>()	mscorlib
Array_InternalArray__IEnumerable_GetEnumerator_TisSlot_t384495010_m460993382_gshared	System.Collections.Generic.IEnumerator`1<T> System.Array::InternalArray__IEnumerable_GetEnumerator<System.Collections.SortedList/Slot>()	mscorlib
Array_InternalArray__IEnumerable_GetEnumerator_TisDateTime_t3738529785_m3901310740_gshared	System.Collections.Generic.IEnumerator`1<T> System.Array::InternalArray__IEnumerable_GetEnumerator<System.DateTime>()	mscorlib
Array_InternalArray__IEnumerable_GetEnumerator_TisDecimal_t2948259380_m2581262331_gshared	System.Collections.Generic.IEnumerator`1<T> System.Array::InternalArray__IEnumerable_GetEnumerator<System.Decimal>()	mscorlib
Array_InternalArray__IEnumerable_GetEnumerator_TisDouble_t594665363_m2935188121_gshared	System.Collections.Generic.IEnumerator`1<T> System.Array::InternalArray__IEnumerable_GetEnumerator<System.Double>()	mscorlib
Array_InternalArray__IEnumerable_GetEnumerator_TisInt16_t2552820387_m310134873_gshared	System.Collections.Generic.IEnumerator`1<T> System.Array::InternalArray__IEnumerable_GetEnumerator<System.Int16>()	mscorlib
Array_InternalArray__IEnumerable_GetEnumerator_TisInt32_t2950945753_m3787216975_gshared	System.Collections.Generic.IEnumerator`1<T> System.Array::InternalArray__IEnumerable_GetEnumerator<System.Int32>()	mscorlib
Array_InternalArray__IEnumerable_GetEnumerator_TisInt64_t3736567304_m2919048848_gshared	System.Collections.Generic.IEnumerator`1<T> System.Array::InternalArray__IEnumerable_GetEnumerator<System.Int64>()	mscorlib
Array_InternalArray__IEnumerable_GetEnumerator_TisIntPtr_t_m2620447453_gshared	System.Collections.Generic.IEnumerator`1<T> System.Array::InternalArray__IEnumerable_GetEnumerator<System.IntPtr>()	mscorlib
Array_InternalArray__IEnumerable_GetEnumerator_TisCustomAttributeNamedArgument_t287865710_m523021714_gshared	System.Collections.Generic.IEnumerator`1<T> System.Array::InternalArray__IEnumerable_GetEnumerator<System.Reflection.CustomAttributeNamedArgument>()	mscorlib
Array_InternalArray__IEnumerable_GetEnumerator_TisCustomAttributeTypedArgument_t2723150157_m1333528454_gshared	System.Collections.Generic.IEnumerator`1<T> System.Array::InternalArray__IEnumerable_GetEnumerator<System.Reflection.CustomAttributeTypedArgument>()	mscorlib
Array_InternalArray__IEnumerable_GetEnumerator_TisLabelData_t360167391_m1698350399_gshared	System.Collections.Generic.IEnumerator`1<T> System.Array::InternalArray__IEnumerable_GetEnumerator<System.Reflection.Emit.ILGenerator/LabelData>()	mscorlib
Array_InternalArray__IEnumerable_GetEnumerator_TisLabelFixup_t858502054_m4052378642_gshared	System.Collections.Generic.IEnumerator`1<T> System.Array::InternalArray__IEnumerable_GetEnumerator<System.Reflection.Emit.ILGenerator/LabelFixup>()	mscorlib
Array_InternalArray__IEnumerable_GetEnumerator_TisILTokenInfo_t2325775114_m2476337039_gshared	System.Collections.Generic.IEnumerator`1<T> System.Array::InternalArray__IEnumerable_GetEnumerator<System.Reflection.Emit.ILTokenInfo>()	mscorlib
Array_InternalArray__IEnumerable_GetEnumerator_TisMonoResource_t4103430009_m1116056983_gshared	System.Collections.Generic.IEnumerator`1<T> System.Array::InternalArray__IEnumerable_GetEnumerator<System.Reflection.Emit.MonoResource>()	mscorlib
Array_InternalArray__IEnumerable_GetEnumerator_TisRefEmitPermissionSet_t484390987_m2901461189_gshared	System.Collections.Generic.IEnumerator`1<T> System.Array::InternalArray__IEnumerable_GetEnumerator<System.Reflection.Emit.RefEmitPermissionSet>()	mscorlib
Array_InternalArray__IEnumerable_GetEnumerator_TisParameterModifier_t1461694466_m3675077728_gshared	System.Collections.Generic.IEnumerator`1<T> System.Array::InternalArray__IEnumerable_GetEnumerator<System.Reflection.ParameterModifier>()	mscorlib
Array_InternalArray__IEnumerable_GetEnumerator_TisResourceCacheItem_t51292791_m698090869_gshared	System.Collections.Generic.IEnumerator`1<T> System.Array::InternalArray__IEnumerable_GetEnumerator<System.Resources.ResourceReader/ResourceCacheItem>()	mscorlib
Array_InternalArray__IEnumerable_GetEnumerator_TisResourceInfo_t2872965302_m2170282799_gshared	System.Collections.Generic.IEnumerator`1<T> System.Array::InternalArray__IEnumerable_GetEnumerator<System.Resources.ResourceReader/ResourceInfo>()	mscorlib
Array_InternalArray__IEnumerable_GetEnumerator_TisTypeTag_t3541821701_m423505786_gshared	System.Collections.Generic.IEnumerator`1<T> System.Array::InternalArray__IEnumerable_GetEnumerator<System.Runtime.Serialization.Formatters.Binary.TypeTag>()	mscorlib
Array_InternalArray__IEnumerable_GetEnumerator_TisSByte_t1669577662_m2885966134_gshared	System.Collections.Generic.IEnumerator`1<T> System.Array::InternalArray__IEnumerable_GetEnumerator<System.SByte>()	mscorlib
Array_InternalArray__IEnumerable_GetEnumerator_TisX509ChainStatus_t133602714_m3849168182_gshared	System.Collections.Generic.IEnumerator`1<T> System.Array::InternalArray__IEnumerable_GetEnumerator<System.Security.Cryptography.X509Certificates.X509ChainStatus>()	mscorlib
Array_InternalArray__IEnumerable_GetEnumerator_TisSingle_t1397266774_m2292388044_gshared	System.Collections.Generic.IEnumerator`1<T> System.Array::InternalArray__IEnumerable_GetEnumerator<System.Single>()	mscorlib
Array_InternalArray__IEnumerable_GetEnumerator_TisMark_t3471605523_m945243611_gshared	System.Collections.Generic.IEnumerator`1<T> System.Array::InternalArray__IEnumerable_GetEnumerator<System.Text.RegularExpressions.Mark>()	mscorlib
Array_InternalArray__IEnumerable_GetEnumerator_TisTimeSpan_t881159249_m589081307_gshared	System.Collections.Generic.IEnumerator`1<T> System.Array::InternalArray__IEnumerable_GetEnumerator<System.TimeSpan>()	mscorlib
Array_InternalArray__IEnumerable_GetEnumerator_TisUInt16_t2177724958_m484298402_gshared	System.Collections.Generic.IEnumerator`1<T> System.Array::InternalArray__IEnumerable_GetEnumerator<System.UInt16>()	mscorlib
Array_InternalArray__IEnumerable_GetEnumerator_TisUInt32_t2560061978_m752078502_gshared	System.Collections.Generic.IEnumerator`1<T> System.Array::InternalArray__IEnumerable_GetEnumerator<System.UInt32>()	mscorlib
Array_InternalArray__IEnumerable_GetEnumerator_TisUInt64_t4134040092_m1382862496_gshared	System.Collections.Generic.IEnumerator`1<T> System.Array::InternalArray__IEnumerable_GetEnumerator<System.UInt64>()	mscorlib
Array_InternalArray__IEnumerable_GetEnumerator_TisUriScheme_t722425697_m1078196134_gshared	System.Collections.Generic.IEnumerator`1<T> System.Array::InternalArray__IEnumerable_GetEnumerator<System.Uri/UriScheme>()	mscorlib
Array_InternalArray__IEnumerable_GetEnumerator_TisOrderBlock_t1585977831_m2414028303_gshared	System.Collections.Generic.IEnumerator`1<T> System.Array::InternalArray__IEnumerable_GetEnumerator<UnityEngine.BeforeRenderHelper/OrderBlock>()	mscorlib
Array_InternalArray__IEnumerable_GetEnumerator_TisColor_t2555686324_m176815482_gshared	System.Collections.Generic.IEnumerator`1<T> System.Array::InternalArray__IEnumerable_GetEnumerator<UnityEngine.Color>()	mscorlib
Array_InternalArray__IEnumerable_GetEnumerator_TisColor32_t2600501292_m3626793775_gshared	System.Collections.Generic.IEnumerator`1<T> System.Array::InternalArray__IEnumerable_GetEnumerator<UnityEngine.Color32>()	mscorlib
Array_InternalArray__IEnumerable_GetEnumerator_TisContactPoint_t3758755253_m4089466731_gshared	System.Collections.Generic.IEnumerator`1<T> System.Array::InternalArray__IEnumerable_GetEnumerator<UnityEngine.ContactPoint>()	mscorlib
Array_InternalArray__IEnumerable_GetEnumerator_TisRaycastResult_t3360306849_m3650537473_gshared	System.Collections.Generic.IEnumerator`1<T> System.Array::InternalArray__IEnumerable_GetEnumerator<UnityEngine.EventSystems.RaycastResult>()	mscorlib
Array_InternalArray__IEnumerable_GetEnumerator_TisKeyframe_t4206410242_m1945907885_gshared	System.Collections.Generic.IEnumerator`1<T> System.Array::InternalArray__IEnumerable_GetEnumerator<UnityEngine.Keyframe>()	mscorlib
Array_InternalArray__IEnumerable_GetEnumerator_TisPlayableBinding_t354260709_m1924544205_gshared	System.Collections.Generic.IEnumerator`1<T> System.Array::InternalArray__IEnumerable_GetEnumerator<UnityEngine.Playables.PlayableBinding>()	mscorlib
Array_InternalArray__IEnumerable_GetEnumerator_TisFxaaConsoleSettings_t950185286_m3792336868_gshared	System.Collections.Generic.IEnumerator`1<T> System.Array::InternalArray__IEnumerable_GetEnumerator<UnityEngine.PostProcessing.AntialiasingModel/FxaaConsoleSettings>()	mscorlib
Array_InternalArray__IEnumerable_GetEnumerator_TisFxaaQualitySettings_t1558211909_m882432067_gshared	System.Collections.Generic.IEnumerator`1<T> System.Array::InternalArray__IEnumerable_GetEnumerator<UnityEngine.PostProcessing.AntialiasingModel/FxaaQualitySettings>()	mscorlib
Array_InternalArray__IEnumerable_GetEnumerator_TisFrame_t295908221_m2370665184_gshared	System.Collections.Generic.IEnumerator`1<T> System.Array::InternalArray__IEnumerable_GetEnumerator<UnityEngine.PostProcessing.MotionBlurComponent/FrameBlendingFilter/Frame>()	mscorlib
Array_InternalArray__IEnumerable_GetEnumerator_TisRaycastHit_t1056001966_m486057882_gshared	System.Collections.Generic.IEnumerator`1<T> System.Array::InternalArray__IEnumerable_GetEnumerator<UnityEngine.RaycastHit>()	mscorlib
Array_InternalArray__IEnumerable_GetEnumerator_TisRaycastHit2D_t2279581989_m3819340195_gshared	System.Collections.Generic.IEnumerator`1<T> System.Array::InternalArray__IEnumerable_GetEnumerator<UnityEngine.RaycastHit2D>()	mscorlib
Array_InternalArray__IEnumerable_GetEnumerator_TisRenderBuffer_t586150500_m882878786_gshared	System.Collections.Generic.IEnumerator`1<T> System.Array::InternalArray__IEnumerable_GetEnumerator<UnityEngine.RenderBuffer>()	mscorlib
Array_InternalArray__IEnumerable_GetEnumerator_TisRenderTargetIdentifier_t2079184500_m2044345226_gshared	System.Collections.Generic.IEnumerator`1<T> System.Array::InternalArray__IEnumerable_GetEnumerator<UnityEngine.Rendering.RenderTargetIdentifier>()	mscorlib
Array_InternalArray__IEnumerable_GetEnumerator_TisRenderTextureFormat_t962350765_m29388307_gshared	System.Collections.Generic.IEnumerator`1<T> System.Array::InternalArray__IEnumerable_GetEnumerator<UnityEngine.RenderTextureFormat>()	mscorlib
Array_InternalArray__IEnumerable_GetEnumerator_TisHitInfo_t3229609740_m3104201156_gshared	System.Collections.Generic.IEnumerator`1<T> System.Array::InternalArray__IEnumerable_GetEnumerator<UnityEngine.SendMouseEvents/HitInfo>()	mscorlib
Array_InternalArray__IEnumerable_GetEnumerator_TisContentType_t1787303396_m1150850974_gshared	System.Collections.Generic.IEnumerator`1<T> System.Array::InternalArray__IEnumerable_GetEnumerator<UnityEngine.UI.InputField/ContentType>()	mscorlib
Array_InternalArray__IEnumerable_GetEnumerator_TisUICharInfo_t75501106_m3460840947_gshared	System.Collections.Generic.IEnumerator`1<T> System.Array::InternalArray__IEnumerable_GetEnumerator<UnityEngine.UICharInfo>()	mscorlib
Array_InternalArray__IEnumerable_GetEnumerator_TisUILineInfo_t4195266810_m3955477711_gshared	System.Collections.Generic.IEnumerator`1<T> System.Array::InternalArray__IEnumerable_GetEnumerator<UnityEngine.UILineInfo>()	mscorlib
Array_InternalArray__IEnumerable_GetEnumerator_TisUIVertex_t4057497605_m535880494_gshared	System.Collections.Generic.IEnumerator`1<T> System.Array::InternalArray__IEnumerable_GetEnumerator<UnityEngine.UIVertex>()	mscorlib
Array_InternalArray__IEnumerable_GetEnumerator_TisWorkRequest_t1354518612_m2622205355_gshared	System.Collections.Generic.IEnumerator`1<T> System.Array::InternalArray__IEnumerable_GetEnumerator<UnityEngine.UnitySynchronizationContext/WorkRequest>()	mscorlib
Array_InternalArray__IEnumerable_GetEnumerator_TisVector2_t2156229523_m3782427726_gshared	System.Collections.Generic.IEnumerator`1<T> System.Array::InternalArray__IEnumerable_GetEnumerator<UnityEngine.Vector2>()	mscorlib
Array_InternalArray__IEnumerable_GetEnumerator_TisVector3_t3722313464_m2216343785_gshared	System.Collections.Generic.IEnumerator`1<T> System.Array::InternalArray__IEnumerable_GetEnumerator<UnityEngine.Vector3>()	mscorlib
Array_InternalArray__IEnumerable_GetEnumerator_TisVector4_t3319028937_m2619628312_gshared	System.Collections.Generic.IEnumerator`1<T> System.Array::InternalArray__IEnumerable_GetEnumerator<UnityEngine.Vector4>()	mscorlib
Array_BinarySearch_TisInt32_t2950945753_m1522448592_gshared	System.Int32 System.Array::BinarySearch<System.Int32>(T[],System.Int32,System.Int32,T,System.Collections.Generic.IComparer`1<T>)	mscorlib
Array_compare_TisInt32_t2950945753_m580865278_gshared	System.Int32 System.Array::compare<System.Int32>(T,T,System.Collections.Generic.IComparer`1<T>)	mscorlib
Array_compare_TisCustomAttributeNamedArgument_t287865710_m2877346442_gshared	System.Int32 System.Array::compare<System.Reflection.CustomAttributeNamedArgument>(T,T,System.Collections.Generic.IComparer`1<T>)	mscorlib
Array_compare_TisCustomAttributeTypedArgument_t2723150157_m1384644047_gshared	System.Int32 System.Array::compare<System.Reflection.CustomAttributeTypedArgument>(T,T,System.Collections.Generic.IComparer`1<T>)	mscorlib
Array_compare_TisOrderBlock_t1585977831_m741358066_gshared	System.Int32 System.Array::compare<UnityEngine.BeforeRenderHelper/OrderBlock>(T,T,System.Collections.Generic.IComparer`1<T>)	mscorlib
Array_compare_TisColor32_t2600501292_m4193482037_gshared	System.Int32 System.Array::compare<UnityEngine.Color32>(T,T,System.Collections.Generic.IComparer`1<T>)	mscorlib
Array_compare_TisRaycastResult_t3360306849_m822404090_gshared	System.Int32 System.Array::compare<UnityEngine.EventSystems.RaycastResult>(T,T,System.Collections.Generic.IComparer`1<T>)	mscorlib
Array_compare_TisUICharInfo_t75501106_m1310495481_gshared	System.Int32 System.Array::compare<UnityEngine.UICharInfo>(T,T,System.Collections.Generic.IComparer`1<T>)	mscorlib
Array_compare_TisUILineInfo_t4195266810_m954048995_gshared	System.Int32 System.Array::compare<UnityEngine.UILineInfo>(T,T,System.Collections.Generic.IComparer`1<T>)	mscorlib
Array_compare_TisUIVertex_t4057497605_m3950502696_gshared	System.Int32 System.Array::compare<UnityEngine.UIVertex>(T,T,System.Collections.Generic.IComparer`1<T>)	mscorlib
Array_compare_TisVector2_t2156229523_m896871102_gshared	System.Int32 System.Array::compare<UnityEngine.Vector2>(T,T,System.Collections.Generic.IComparer`1<T>)	mscorlib
Array_compare_TisVector3_t3722313464_m2820576028_gshared	System.Int32 System.Array::compare<UnityEngine.Vector3>(T,T,System.Collections.Generic.IComparer`1<T>)	mscorlib
Array_compare_TisVector4_t3319028937_m1974066282_gshared	System.Int32 System.Array::compare<UnityEngine.Vector4>(T,T,System.Collections.Generic.IComparer`1<T>)	mscorlib
Array_IndexOf_TisInt32_t2950945753_m3640809994_gshared	System.Int32 System.Array::IndexOf<System.Int32>(T[],T,System.Int32,System.Int32)	mscorlib
Array_IndexOf_TisCustomAttributeNamedArgument_t287865710_m2817957199_gshared	System.Int32 System.Array::IndexOf<System.Reflection.CustomAttributeNamedArgument>(T[],T,System.Int32,System.Int32)	mscorlib
Array_IndexOf_TisCustomAttributeNamedArgument_t287865710_m3640167086_gshared	System.Int32 System.Array::IndexOf<System.Reflection.CustomAttributeNamedArgument>(T[],T)	mscorlib
Array_IndexOf_TisCustomAttributeTypedArgument_t2723150157_m2960013511_gshared	System.Int32 System.Array::IndexOf<System.Reflection.CustomAttributeTypedArgument>(T[],T,System.Int32,System.Int32)	mscorlib
Array_IndexOf_TisCustomAttributeTypedArgument_t2723150157_m3158556463_gshared	System.Int32 System.Array::IndexOf<System.Reflection.CustomAttributeTypedArgument>(T[],T)	mscorlib
Array_IndexOf_TisOrderBlock_t1585977831_m623427105_gshared	System.Int32 System.Array::IndexOf<UnityEngine.BeforeRenderHelper/OrderBlock>(T[],T,System.Int32,System.Int32)	mscorlib
Array_IndexOf_TisColor32_t2600501292_m2718632137_gshared	System.Int32 System.Array::IndexOf<UnityEngine.Color32>(T[],T,System.Int32,System.Int32)	mscorlib
Array_IndexOf_TisRaycastResult_t3360306849_m3322053070_gshared	System.Int32 System.Array::IndexOf<UnityEngine.EventSystems.RaycastResult>(T[],T,System.Int32,System.Int32)	mscorlib
Array_IndexOf_TisUICharInfo_t75501106_m3198896198_gshared	System.Int32 System.Array::IndexOf<UnityEngine.UICharInfo>(T[],T,System.Int32,System.Int32)	mscorlib
Array_IndexOf_TisUILineInfo_t4195266810_m2311665267_gshared	System.Int32 System.Array::IndexOf<UnityEngine.UILineInfo>(T[],T,System.Int32,System.Int32)	mscorlib
Array_IndexOf_TisUIVertex_t4057497605_m3336763564_gshared	System.Int32 System.Array::IndexOf<UnityEngine.UIVertex>(T[],T,System.Int32,System.Int32)	mscorlib
Array_IndexOf_TisVector2_t2156229523_m51476449_gshared	System.Int32 System.Array::IndexOf<UnityEngine.Vector2>(T[],T,System.Int32,System.Int32)	mscorlib
Array_IndexOf_TisVector3_t3722313464_m4284163268_gshared	System.Int32 System.Array::IndexOf<UnityEngine.Vector3>(T[],T,System.Int32,System.Int32)	mscorlib
Array_IndexOf_TisVector4_t3319028937_m2541665955_gshared	System.Int32 System.Array::IndexOf<UnityEngine.Vector4>(T[],T,System.Int32,System.Int32)	mscorlib
Array_InternalArray__IndexOf_TisTableRange_t3332867892_m4270494917_gshared	System.Int32 System.Array::InternalArray__IndexOf<Mono.Globalization.Unicode.CodePointIndexer/TableRange>(T)	mscorlib
Array_InternalArray__IndexOf_TisClientCertificateType_t1004704908_m3457772631_gshared	System.Int32 System.Array::InternalArray__IndexOf<Mono.Security.Protocol.Tls.Handshake.ClientCertificateType>(T)	mscorlib
Array_InternalArray__IndexOf_TisBoolean_t97287965_m1161209222_gshared	System.Int32 System.Array::InternalArray__IndexOf<System.Boolean>(T)	mscorlib
Array_InternalArray__IndexOf_TisByte_t1134296376_m929524687_gshared	System.Int32 System.Array::InternalArray__IndexOf<System.Byte>(T)	mscorlib
Array_InternalArray__IndexOf_TisChar_t3634460470_m1022396423_gshared	System.Int32 System.Array::InternalArray__IndexOf<System.Char>(T)	mscorlib
Array_InternalArray__IndexOf_TisDictionaryEntry_t3123975638_m4042473919_gshared	System.Int32 System.Array::InternalArray__IndexOf<System.Collections.DictionaryEntry>(T)	mscorlib
Array_InternalArray__IndexOf_TisLink_t3209266973_m1907282783_gshared	System.Int32 System.Array::InternalArray__IndexOf<System.Collections.Generic.HashSet`1/Link<System.Object>>(T)	mscorlib
Array_InternalArray__IndexOf_TisKeyValuePair_2_t71524366_m1449340214_gshared	System.Int32 System.Array::InternalArray__IndexOf<System.Collections.Generic.KeyValuePair`2<System.Int32,System.Object>>(T)	mscorlib
Array_InternalArray__IndexOf_TisKeyValuePair_2_t3699644050_m1021241249_gshared	System.Int32 System.Array::InternalArray__IndexOf<System.Collections.Generic.KeyValuePair`2<System.IntPtr,System.Object>>(T)	mscorlib
Array_InternalArray__IndexOf_TisKeyValuePair_2_t3842366416_m3437433075_gshared	System.Int32 System.Array::InternalArray__IndexOf<System.Collections.Generic.KeyValuePair`2<System.Object,System.Boolean>>(T)	mscorlib
Array_InternalArray__IndexOf_TisKeyValuePair_2_t3747325428_m2499705597_gshared	System.Int32 System.Array::InternalArray__IndexOf<System.Collections.Generic.KeyValuePair`2<System.Object,System.Collections.Generic.KeyValuePair`2<UnityEngine.Rendering.CameraEvent,System.Object>>>(T)	mscorlib
Array_InternalArray__IndexOf_TisKeyValuePair_2_t2401056908_m4118889689_gshared	System.Int32 System.Array::InternalArray__IndexOf<System.Collections.Generic.KeyValuePair`2<System.Object,System.Int32>>(T)	mscorlib
Array_InternalArray__IndexOf_TisKeyValuePair_2_t2530217319_m380755834_gshared	System.Int32 System.Array::InternalArray__IndexOf<System.Collections.Generic.KeyValuePair`2<System.Object,System.Object>>(T)	mscorlib
Array_InternalArray__IndexOf_TisKeyValuePair_2_t2246977_m3495121159_gshared	System.Int32 System.Array::InternalArray__IndexOf<System.Collections.Generic.KeyValuePair`2<UnityEngine.Rendering.CameraEvent,System.Object>>(T)	mscorlib
Array_InternalArray__IndexOf_TisLink_t544317964_m455584088_gshared	System.Int32 System.Array::InternalArray__IndexOf<System.Collections.Generic.Link>(T)	mscorlib
Array_InternalArray__IndexOf_TisSlot_t3975888750_m4250446283_gshared	System.Int32 System.Array::InternalArray__IndexOf<System.Collections.Hashtable/Slot>(T)	mscorlib
Array_InternalArray__IndexOf_TisSlot_t384495010_m3224390719_gshared	System.Int32 System.Array::InternalArray__IndexOf<System.Collections.SortedList/Slot>(T)	mscorlib
Array_InternalArray__IndexOf_TisDateTime_t3738529785_m2463359116_gshared	System.Int32 System.Array::InternalArray__IndexOf<System.DateTime>(T)	mscorlib
Array_InternalArray__IndexOf_TisDecimal_t2948259380_m2488641786_gshared	System.Int32 System.Array::InternalArray__IndexOf<System.Decimal>(T)	mscorlib
Array_InternalArray__IndexOf_TisDouble_t594665363_m2030952822_gshared	System.Int32 System.Array::InternalArray__IndexOf<System.Double>(T)	mscorlib
Array_InternalArray__IndexOf_TisInt16_t2552820387_m2003553455_gshared	System.Int32 System.Array::InternalArray__IndexOf<System.Int16>(T)	mscorlib
Array_InternalArray__IndexOf_TisInt32_t2950945753_m738632427_gshared	System.Int32 System.Array::InternalArray__IndexOf<System.Int32>(T)	mscorlib
Array_InternalArray__IndexOf_TisInt64_t3736567304_m1032295157_gshared	System.Int32 System.Array::InternalArray__IndexOf<System.Int64>(T)	mscorlib
Array_InternalArray__IndexOf_TisIntPtr_t_m1749316568_gshared	System.Int32 System.Array::InternalArray__IndexOf<System.IntPtr>(T)	mscorlib
Array_InternalArray__IndexOf_TisCustomAttributeNamedArgument_t287865710_m1398449266_gshared	System.Int32 System.Array::InternalArray__IndexOf<System.Reflection.CustomAttributeNamedArgument>(T)	mscorlib
Array_InternalArray__IndexOf_TisCustomAttributeTypedArgument_t2723150157_m1999138884_gshared	System.Int32 System.Array::InternalArray__IndexOf<System.Reflection.CustomAttributeTypedArgument>(T)	mscorlib
Array_InternalArray__IndexOf_TisLabelData_t360167391_m1826525656_gshared	System.Int32 System.Array::InternalArray__IndexOf<System.Reflection.Emit.ILGenerator/LabelData>(T)	mscorlib
Array_InternalArray__IndexOf_TisLabelFixup_t858502054_m1491765395_gshared	System.Int32 System.Array::InternalArray__IndexOf<System.Reflection.Emit.ILGenerator/LabelFixup>(T)	mscorlib
Array_InternalArray__IndexOf_TisILTokenInfo_t2325775114_m2602704009_gshared	System.Int32 System.Array::InternalArray__IndexOf<System.Reflection.Emit.ILTokenInfo>(T)	mscorlib
Array_InternalArray__IndexOf_TisMonoResource_t4103430009_m1351751258_gshared	System.Int32 System.Array::InternalArray__IndexOf<System.Reflection.Emit.MonoResource>(T)	mscorlib
Array_InternalArray__IndexOf_TisRefEmitPermissionSet_t484390987_m1994484970_gshared	System.Int32 System.Array::InternalArray__IndexOf<System.Reflection.Emit.RefEmitPermissionSet>(T)	mscorlib
Array_InternalArray__IndexOf_TisParameterModifier_t1461694466_m1227120810_gshared	System.Int32 System.Array::InternalArray__IndexOf<System.Reflection.ParameterModifier>(T)	mscorlib
Array_InternalArray__IndexOf_TisResourceCacheItem_t51292791_m3979530293_gshared	System.Int32 System.Array::InternalArray__IndexOf<System.Resources.ResourceReader/ResourceCacheItem>(T)	mscorlib
Array_InternalArray__IndexOf_TisResourceInfo_t2872965302_m262211955_gshared	System.Int32 System.Array::InternalArray__IndexOf<System.Resources.ResourceReader/ResourceInfo>(T)	mscorlib
Array_InternalArray__IndexOf_TisTypeTag_t3541821701_m2988972362_gshared	System.Int32 System.Array::InternalArray__IndexOf<System.Runtime.Serialization.Formatters.Binary.TypeTag>(T)	mscorlib
Array_InternalArray__IndexOf_TisSByte_t1669577662_m4156538463_gshared	System.Int32 System.Array::InternalArray__IndexOf<System.SByte>(T)	mscorlib
Array_InternalArray__IndexOf_TisX509ChainStatus_t133602714_m48896230_gshared	System.Int32 System.Array::InternalArray__IndexOf<System.Security.Cryptography.X509Certificates.X509ChainStatus>(T)	mscorlib
Array_InternalArray__IndexOf_TisSingle_t1397266774_m2563096608_gshared	System.Int32 System.Array::InternalArray__IndexOf<System.Single>(T)	mscorlib
Array_InternalArray__IndexOf_TisMark_t3471605523_m2905388260_gshared	System.Int32 System.Array::InternalArray__IndexOf<System.Text.RegularExpressions.Mark>(T)	mscorlib
Array_InternalArray__IndexOf_TisTimeSpan_t881159249_m1721745936_gshared	System.Int32 System.Array::InternalArray__IndexOf<System.TimeSpan>(T)	mscorlib
Array_InternalArray__IndexOf_TisUInt16_t2177724958_m1080311537_gshared	System.Int32 System.Array::InternalArray__IndexOf<System.UInt16>(T)	mscorlib
Array_InternalArray__IndexOf_TisUInt32_t2560061978_m282195651_gshared	System.Int32 System.Array::InternalArray__IndexOf<System.UInt32>(T)	mscorlib
Array_InternalArray__IndexOf_TisUInt64_t4134040092_m1206929132_gshared	System.Int32 System.Array::InternalArray__IndexOf<System.UInt64>(T)	mscorlib
Array_InternalArray__IndexOf_TisUriScheme_t722425697_m3087882750_gshared	System.Int32 System.Array::InternalArray__IndexOf<System.Uri/UriScheme>(T)	mscorlib
Array_InternalArray__IndexOf_TisOrderBlock_t1585977831_m679835965_gshared	System.Int32 System.Array::InternalArray__IndexOf<UnityEngine.BeforeRenderHelper/OrderBlock>(T)	mscorlib
Array_InternalArray__IndexOf_TisColor_t2555686324_m3789975403_gshared	System.Int32 System.Array::InternalArray__IndexOf<UnityEngine.Color>(T)	mscorlib
Array_InternalArray__IndexOf_TisColor32_t2600501292_m3783551884_gshared	System.Int32 System.Array::InternalArray__IndexOf<UnityEngine.Color32>(T)	mscorlib
Array_InternalArray__IndexOf_TisContactPoint_t3758755253_m2160509079_gshared	System.Int32 System.Array::InternalArray__IndexOf<UnityEngine.ContactPoint>(T)	mscorlib
Array_InternalArray__IndexOf_TisRaycastResult_t3360306849_m2722567441_gshared	System.Int32 System.Array::InternalArray__IndexOf<UnityEngine.EventSystems.RaycastResult>(T)	mscorlib
Array_InternalArray__IndexOf_TisKeyframe_t4206410242_m1083527704_gshared	System.Int32 System.Array::InternalArray__IndexOf<UnityEngine.Keyframe>(T)	mscorlib
Array_InternalArray__IndexOf_TisPlayableBinding_t354260709_m3544096311_gshared	System.Int32 System.Array::InternalArray__IndexOf<UnityEngine.Playables.PlayableBinding>(T)	mscorlib
Array_InternalArray__IndexOf_TisFxaaConsoleSettings_t950185286_m4221873010_gshared	System.Int32 System.Array::InternalArray__IndexOf<UnityEngine.PostProcessing.AntialiasingModel/FxaaConsoleSettings>(T)	mscorlib
Array_InternalArray__IndexOf_TisFxaaQualitySettings_t1558211909_m2027581660_gshared	System.Int32 System.Array::InternalArray__IndexOf<UnityEngine.PostProcessing.AntialiasingModel/FxaaQualitySettings>(T)	mscorlib
Array_InternalArray__IndexOf_TisFrame_t295908221_m2793611558_gshared	System.Int32 System.Array::InternalArray__IndexOf<UnityEngine.PostProcessing.MotionBlurComponent/FrameBlendingFilter/Frame>(T)	mscorlib
Array_InternalArray__IndexOf_TisRaycastHit_t1056001966_m3851707837_gshared	System.Int32 System.Array::InternalArray__IndexOf<UnityEngine.RaycastHit>(T)	mscorlib
Array_InternalArray__IndexOf_TisRaycastHit2D_t2279581989_m3380681956_gshared	System.Int32 System.Array::InternalArray__IndexOf<UnityEngine.RaycastHit2D>(T)	mscorlib
Array_InternalArray__IndexOf_TisRenderBuffer_t586150500_m2047474193_gshared	System.Int32 System.Array::InternalArray__IndexOf<UnityEngine.RenderBuffer>(T)	mscorlib
Array_InternalArray__IndexOf_TisRenderTargetIdentifier_t2079184500_m2208413043_gshared	System.Int32 System.Array::InternalArray__IndexOf<UnityEngine.Rendering.RenderTargetIdentifier>(T)	mscorlib
Array_InternalArray__IndexOf_TisRenderTextureFormat_t962350765_m3507624673_gshared	System.Int32 System.Array::InternalArray__IndexOf<UnityEngine.RenderTextureFormat>(T)	mscorlib
Array_InternalArray__IndexOf_TisHitInfo_t3229609740_m191462931_gshared	System.Int32 System.Array::InternalArray__IndexOf<UnityEngine.SendMouseEvents/HitInfo>(T)	mscorlib
Array_InternalArray__IndexOf_TisContentType_t1787303396_m2818095112_gshared	System.Int32 System.Array::InternalArray__IndexOf<UnityEngine.UI.InputField/ContentType>(T)	mscorlib
Array_InternalArray__IndexOf_TisUICharInfo_t75501106_m454369_gshared	System.Int32 System.Array::InternalArray__IndexOf<UnityEngine.UICharInfo>(T)	mscorlib
Array_InternalArray__IndexOf_TisUILineInfo_t4195266810_m1129030149_gshared	System.Int32 System.Array::InternalArray__IndexOf<UnityEngine.UILineInfo>(T)	mscorlib
Array_InternalArray__IndexOf_TisUIVertex_t4057497605_m303956641_gshared	System.Int32 System.Array::InternalArray__IndexOf<UnityEngine.UIVertex>(T)	mscorlib
Array_InternalArray__IndexOf_TisWorkRequest_t1354518612_m2756027586_gshared	System.Int32 System.Array::InternalArray__IndexOf<UnityEngine.UnitySynchronizationContext/WorkRequest>(T)	mscorlib
Array_InternalArray__IndexOf_TisVector2_t2156229523_m424149457_gshared	System.Int32 System.Array::InternalArray__IndexOf<UnityEngine.Vector2>(T)	mscorlib
Array_InternalArray__IndexOf_TisVector3_t3722313464_m426050001_gshared	System.Int32 System.Array::InternalArray__IndexOf<UnityEngine.Vector3>(T)	mscorlib
Array_InternalArray__IndexOf_TisVector4_t3319028937_m412221905_gshared	System.Int32 System.Array::InternalArray__IndexOf<UnityEngine.Vector4>(T)	mscorlib
NoAllocHelpers_SafeLength_TisColor32_t2600501292_m3406165959_gshared	System.Int32 UnityEngine.NoAllocHelpers::SafeLength<UnityEngine.Color32>(System.Collections.Generic.List`1<T>)	UnityEngine.CoreModule
NoAllocHelpers_SafeLength_TisVector2_t2156229523_m3807819939_gshared	System.Int32 UnityEngine.NoAllocHelpers::SafeLength<UnityEngine.Vector2>(System.Collections.Generic.List`1<T>)	UnityEngine.CoreModule
NoAllocHelpers_SafeLength_TisVector3_t3722313464_m881147809_gshared	System.Int32 UnityEngine.NoAllocHelpers::SafeLength<UnityEngine.Vector3>(System.Collections.Generic.List`1<T>)	UnityEngine.CoreModule
NoAllocHelpers_SafeLength_TisVector4_t3319028937_m592678035_gshared	System.Int32 UnityEngine.NoAllocHelpers::SafeLength<UnityEngine.Vector4>(System.Collections.Generic.List`1<T>)	UnityEngine.CoreModule
Array_InternalArray__ICollection_Add_TisTableRange_t3332867892_m1428005761_gshared	System.Void System.Array::InternalArray__ICollection_Add<Mono.Globalization.Unicode.CodePointIndexer/TableRange>(T)	mscorlib
Array_InternalArray__ICollection_Add_TisClientCertificateType_t1004704908_m2622721177_gshared	System.Void System.Array::InternalArray__ICollection_Add<Mono.Security.Protocol.Tls.Handshake.ClientCertificateType>(T)	mscorlib
Array_InternalArray__ICollection_Add_TisBoolean_t97287965_m1361760099_gshared	System.Void System.Array::InternalArray__ICollection_Add<System.Boolean>(T)	mscorlib
Array_InternalArray__ICollection_Add_TisByte_t1134296376_m2816118303_gshared	System.Void System.Array::InternalArray__ICollection_Add<System.Byte>(T)	mscorlib
Array_InternalArray__ICollection_Add_TisChar_t3634460470_m1800803449_gshared	System.Void System.Array::InternalArray__ICollection_Add<System.Char>(T)	mscorlib
Array_InternalArray__ICollection_Add_TisDictionaryEntry_t3123975638_m665385049_gshared	System.Void System.Array::InternalArray__ICollection_Add<System.Collections.DictionaryEntry>(T)	mscorlib
Array_InternalArray__ICollection_Add_TisLink_t3209266973_m77922316_gshared	System.Void System.Array::InternalArray__ICollection_Add<System.Collections.Generic.HashSet`1/Link<System.Object>>(T)	mscorlib
Array_InternalArray__ICollection_Add_TisKeyValuePair_2_t71524366_m3468275433_gshared	System.Void System.Array::InternalArray__ICollection_Add<System.Collections.Generic.KeyValuePair`2<System.Int32,System.Object>>(T)	mscorlib
Array_InternalArray__ICollection_Add_TisKeyValuePair_2_t3699644050_m4052349323_gshared	System.Void System.Array::InternalArray__ICollection_Add<System.Collections.Generic.KeyValuePair`2<System.IntPtr,System.Object>>(T)	mscorlib
Array_InternalArray__ICollection_Add_TisKeyValuePair_2_t3842366416_m3803257764_gshared	System.Void System.Array::InternalArray__ICollection_Add<System.Collections.Generic.KeyValuePair`2<System.Object,System.Boolean>>(T)	mscorlib
Array_InternalArray__ICollection_Add_TisKeyValuePair_2_t3747325428_m1579303893_gshared	System.Void System.Array::InternalArray__ICollection_Add<System.Collections.Generic.KeyValuePair`2<System.Object,System.Collections.Generic.KeyValuePair`2<UnityEngine.Rendering.CameraEvent,System.Object>>>(T)	mscorlib
Array_InternalArray__ICollection_Add_TisKeyValuePair_2_t2401056908_m1625529971_gshared	System.Void System.Array::InternalArray__ICollection_Add<System.Collections.Generic.KeyValuePair`2<System.Object,System.Int32>>(T)	mscorlib
Array_InternalArray__ICollection_Add_TisKeyValuePair_2_t2530217319_m159469221_gshared	System.Void System.Array::InternalArray__ICollection_Add<System.Collections.Generic.KeyValuePair`2<System.Object,System.Object>>(T)	mscorlib
Array_InternalArray__ICollection_Add_TisKeyValuePair_2_t2246977_m1204409917_gshared	System.Void System.Array::InternalArray__ICollection_Add<System.Collections.Generic.KeyValuePair`2<UnityEngine.Rendering.CameraEvent,System.Object>>(T)	mscorlib
Array_InternalArray__ICollection_Add_TisLink_t544317964_m1015556575_gshared	System.Void System.Array::InternalArray__ICollection_Add<System.Collections.Generic.Link>(T)	mscorlib
Array_InternalArray__ICollection_Add_TisSlot_t3975888750_m1793695076_gshared	System.Void System.Array::InternalArray__ICollection_Add<System.Collections.Hashtable/Slot>(T)	mscorlib
Array_InternalArray__ICollection_Add_TisSlot_t384495010_m3656484468_gshared	System.Void System.Array::InternalArray__ICollection_Add<System.Collections.SortedList/Slot>(T)	mscorlib
Array_InternalArray__ICollection_Add_TisDateTime_t3738529785_m817222054_gshared	System.Void System.Array::InternalArray__ICollection_Add<System.DateTime>(T)	mscorlib
Array_InternalArray__ICollection_Add_TisDecimal_t2948259380_m434413850_gshared	System.Void System.Array::InternalArray__ICollection_Add<System.Decimal>(T)	mscorlib
Array_InternalArray__ICollection_Add_TisDouble_t594665363_m4118067936_gshared	System.Void System.Array::InternalArray__ICollection_Add<System.Double>(T)	mscorlib
Array_InternalArray__ICollection_Add_TisInt16_t2552820387_m1426581809_gshared	System.Void System.Array::InternalArray__ICollection_Add<System.Int16>(T)	mscorlib
Array_InternalArray__ICollection_Add_TisInt32_t2950945753_m1418979703_gshared	System.Void System.Array::InternalArray__ICollection_Add<System.Int32>(T)	mscorlib
Array_InternalArray__ICollection_Add_TisInt64_t3736567304_m1423304938_gshared	System.Void System.Array::InternalArray__ICollection_Add<System.Int64>(T)	mscorlib
Array_InternalArray__ICollection_Add_TisIntPtr_t_m3989968738_gshared	System.Void System.Array::InternalArray__ICollection_Add<System.IntPtr>(T)	mscorlib
Array_InternalArray__ICollection_Add_TisCustomAttributeNamedArgument_t287865710_m4157175270_gshared	System.Void System.Array::InternalArray__ICollection_Add<System.Reflection.CustomAttributeNamedArgument>(T)	mscorlib
Array_InternalArray__ICollection_Add_TisCustomAttributeTypedArgument_t2723150157_m4102253769_gshared	System.Void System.Array::InternalArray__ICollection_Add<System.Reflection.CustomAttributeTypedArgument>(T)	mscorlib
Array_InternalArray__ICollection_Add_TisLabelData_t360167391_m1648183135_gshared	System.Void System.Array::InternalArray__ICollection_Add<System.Reflection.Emit.ILGenerator/LabelData>(T)	mscorlib
Array_InternalArray__ICollection_Add_TisLabelFixup_t858502054_m616917593_gshared	System.Void System.Array::InternalArray__ICollection_Add<System.Reflection.Emit.ILGenerator/LabelFixup>(T)	mscorlib
Array_InternalArray__ICollection_Add_TisILTokenInfo_t2325775114_m2664500897_gshared	System.Void System.Array::InternalArray__ICollection_Add<System.Reflection.Emit.ILTokenInfo>(T)	mscorlib
Array_InternalArray__ICollection_Add_TisMonoResource_t4103430009_m2699164149_gshared	System.Void System.Array::InternalArray__ICollection_Add<System.Reflection.Emit.MonoResource>(T)	mscorlib
Array_InternalArray__ICollection_Add_TisRefEmitPermissionSet_t484390987_m1720891963_gshared	System.Void System.Array::InternalArray__ICollection_Add<System.Reflection.Emit.RefEmitPermissionSet>(T)	mscorlib
Array_InternalArray__ICollection_Add_TisParameterModifier_t1461694466_m399223598_gshared	System.Void System.Array::InternalArray__ICollection_Add<System.Reflection.ParameterModifier>(T)	mscorlib
Array_InternalArray__ICollection_Add_TisResourceCacheItem_t51292791_m3851804827_gshared	System.Void System.Array::InternalArray__ICollection_Add<System.Resources.ResourceReader/ResourceCacheItem>(T)	mscorlib
Array_InternalArray__ICollection_Add_TisResourceInfo_t2872965302_m4022968502_gshared	System.Void System.Array::InternalArray__ICollection_Add<System.Resources.ResourceReader/ResourceInfo>(T)	mscorlib
Array_InternalArray__ICollection_Add_TisTypeTag_t3541821701_m2491055669_gshared	System.Void System.Array::InternalArray__ICollection_Add<System.Runtime.Serialization.Formatters.Binary.TypeTag>(T)	mscorlib
Array_InternalArray__ICollection_Add_TisSByte_t1669577662_m3541739408_gshared	System.Void System.Array::InternalArray__ICollection_Add<System.SByte>(T)	mscorlib
Array_InternalArray__ICollection_Add_TisX509ChainStatus_t133602714_m1147929227_gshared	System.Void System.Array::InternalArray__ICollection_Add<System.Security.Cryptography.X509Certificates.X509ChainStatus>(T)	mscorlib
Array_InternalArray__ICollection_Add_TisSingle_t1397266774_m1873979703_gshared	System.Void System.Array::InternalArray__ICollection_Add<System.Single>(T)	mscorlib
Array_InternalArray__ICollection_Add_TisMark_t3471605523_m1809845901_gshared	System.Void System.Array::InternalArray__ICollection_Add<System.Text.RegularExpressions.Mark>(T)	mscorlib
Array_InternalArray__ICollection_Add_TisTimeSpan_t881159249_m2556619253_gshared	System.Void System.Array::InternalArray__ICollection_Add<System.TimeSpan>(T)	mscorlib
Array_InternalArray__ICollection_Add_TisUInt16_t2177724958_m3981262878_gshared	System.Void System.Array::InternalArray__ICollection_Add<System.UInt16>(T)	mscorlib
Array_InternalArray__ICollection_Add_TisUInt32_t2560061978_m246882354_gshared	System.Void System.Array::InternalArray__ICollection_Add<System.UInt32>(T)	mscorlib
Array_InternalArray__ICollection_Add_TisUInt64_t4134040092_m4256575528_gshared	System.Void System.Array::InternalArray__ICollection_Add<System.UInt64>(T)	mscorlib
Array_InternalArray__ICollection_Add_TisUriScheme_t722425697_m3142345403_gshared	System.Void System.Array::InternalArray__ICollection_Add<System.Uri/UriScheme>(T)	mscorlib
Array_InternalArray__ICollection_Add_TisOrderBlock_t1585977831_m2745139410_gshared	System.Void System.Array::InternalArray__ICollection_Add<UnityEngine.BeforeRenderHelper/OrderBlock>(T)	mscorlib
Array_InternalArray__ICollection_Add_TisColor_t2555686324_m1166718512_gshared	System.Void System.Array::InternalArray__ICollection_Add<UnityEngine.Color>(T)	mscorlib
Array_InternalArray__ICollection_Add_TisColor32_t2600501292_m396525346_gshared	System.Void System.Array::InternalArray__ICollection_Add<UnityEngine.Color32>(T)	mscorlib
Array_InternalArray__ICollection_Add_TisContactPoint_t3758755253_m4220022016_gshared	System.Void System.Array::InternalArray__ICollection_Add<UnityEngine.ContactPoint>(T)	mscorlib
Array_InternalArray__ICollection_Add_TisRaycastResult_t3360306849_m3541892829_gshared	System.Void System.Array::InternalArray__ICollection_Add<UnityEngine.EventSystems.RaycastResult>(T)	mscorlib
Array_InternalArray__ICollection_Add_TisKeyframe_t4206410242_m442111799_gshared	System.Void System.Array::InternalArray__ICollection_Add<UnityEngine.Keyframe>(T)	mscorlib
Array_InternalArray__ICollection_Add_TisPlayableBinding_t354260709_m3040403515_gshared	System.Void System.Array::InternalArray__ICollection_Add<UnityEngine.Playables.PlayableBinding>(T)	mscorlib
Array_InternalArray__ICollection_Add_TisFxaaConsoleSettings_t950185286_m128114033_gshared	System.Void System.Array::InternalArray__ICollection_Add<UnityEngine.PostProcessing.AntialiasingModel/FxaaConsoleSettings>(T)	mscorlib
Array_InternalArray__ICollection_Add_TisFxaaQualitySettings_t1558211909_m2846438253_gshared	System.Void System.Array::InternalArray__ICollection_Add<UnityEngine.PostProcessing.AntialiasingModel/FxaaQualitySettings>(T)	mscorlib
Array_InternalArray__ICollection_Add_TisFrame_t295908221_m4081474825_gshared	System.Void System.Array::InternalArray__ICollection_Add<UnityEngine.PostProcessing.MotionBlurComponent/FrameBlendingFilter/Frame>(T)	mscorlib
Array_InternalArray__ICollection_Add_TisRaycastHit_t1056001966_m1188201823_gshared	System.Void System.Array::InternalArray__ICollection_Add<UnityEngine.RaycastHit>(T)	mscorlib
Array_InternalArray__ICollection_Add_TisRaycastHit2D_t2279581989_m1824445246_gshared	System.Void System.Array::InternalArray__ICollection_Add<UnityEngine.RaycastHit2D>(T)	mscorlib
Array_InternalArray__ICollection_Add_TisRenderBuffer_t586150500_m77101368_gshared	System.Void System.Array::InternalArray__ICollection_Add<UnityEngine.RenderBuffer>(T)	mscorlib
Array_InternalArray__ICollection_Add_TisRenderTargetIdentifier_t2079184500_m2024742795_gshared	System.Void System.Array::InternalArray__ICollection_Add<UnityEngine.Rendering.RenderTargetIdentifier>(T)	mscorlib
Array_InternalArray__ICollection_Add_TisRenderTextureFormat_t962350765_m3677977080_gshared	System.Void System.Array::InternalArray__ICollection_Add<UnityEngine.RenderTextureFormat>(T)	mscorlib
Array_InternalArray__ICollection_Add_TisHitInfo_t3229609740_m2870371072_gshared	System.Void System.Array::InternalArray__ICollection_Add<UnityEngine.SendMouseEvents/HitInfo>(T)	mscorlib
Array_InternalArray__ICollection_Add_TisContentType_t1787303396_m2922876303_gshared	System.Void System.Array::InternalArray__ICollection_Add<UnityEngine.UI.InputField/ContentType>(T)	mscorlib
Array_InternalArray__ICollection_Add_TisUICharInfo_t75501106_m1219788844_gshared	System.Void System.Array::InternalArray__ICollection_Add<UnityEngine.UICharInfo>(T)	mscorlib
Array_InternalArray__ICollection_Add_TisUILineInfo_t4195266810_m898858662_gshared	System.Void System.Array::InternalArray__ICollection_Add<UnityEngine.UILineInfo>(T)	mscorlib
Array_InternalArray__ICollection_Add_TisUIVertex_t4057497605_m167170478_gshared	System.Void System.Array::InternalArray__ICollection_Add<UnityEngine.UIVertex>(T)	mscorlib
Array_InternalArray__ICollection_Add_TisWorkRequest_t1354518612_m430420264_gshared	System.Void System.Array::InternalArray__ICollection_Add<UnityEngine.UnitySynchronizationContext/WorkRequest>(T)	mscorlib
Array_InternalArray__ICollection_Add_TisVector2_t2156229523_m4029235359_gshared	System.Void System.Array::InternalArray__ICollection_Add<UnityEngine.Vector2>(T)	mscorlib
Array_InternalArray__ICollection_Add_TisVector3_t3722313464_m4029235326_gshared	System.Void System.Array::InternalArray__ICollection_Add<UnityEngine.Vector3>(T)	mscorlib
Array_InternalArray__ICollection_Add_TisVector4_t3319028937_m4029235177_gshared	System.Void System.Array::InternalArray__ICollection_Add<UnityEngine.Vector4>(T)	mscorlib
Array_InternalArray__ICollection_CopyTo_TisTableRange_t3332867892_m3397248500_gshared	System.Void System.Array::InternalArray__ICollection_CopyTo<Mono.Globalization.Unicode.CodePointIndexer/TableRange>(T[],System.Int32)	mscorlib
Array_InternalArray__ICollection_CopyTo_TisClientCertificateType_t1004704908_m201397264_gshared	System.Void System.Array::InternalArray__ICollection_CopyTo<Mono.Security.Protocol.Tls.Handshake.ClientCertificateType>(T[],System.Int32)	mscorlib
Array_InternalArray__ICollection_CopyTo_TisBoolean_t97287965_m3993232379_gshared	System.Void System.Array::InternalArray__ICollection_CopyTo<System.Boolean>(T[],System.Int32)	mscorlib
Array_InternalArray__ICollection_CopyTo_TisByte_t1134296376_m1038516986_gshared	System.Void System.Array::InternalArray__ICollection_CopyTo<System.Byte>(T[],System.Int32)	mscorlib
Array_InternalArray__ICollection_CopyTo_TisChar_t3634460470_m3599063464_gshared	System.Void System.Array::InternalArray__ICollection_CopyTo<System.Char>(T[],System.Int32)	mscorlib
Array_InternalArray__ICollection_CopyTo_TisDictionaryEntry_t3123975638_m1107188851_gshared	System.Void System.Array::InternalArray__ICollection_CopyTo<System.Collections.DictionaryEntry>(T[],System.Int32)	mscorlib
Array_InternalArray__ICollection_CopyTo_TisLink_t3209266973_m2527995644_gshared	System.Void System.Array::InternalArray__ICollection_CopyTo<System.Collections.Generic.HashSet`1/Link<System.Object>>(T[],System.Int32)	mscorlib
Array_InternalArray__ICollection_CopyTo_TisKeyValuePair_2_t71524366_m1056941380_gshared	System.Void System.Array::InternalArray__ICollection_CopyTo<System.Collections.Generic.KeyValuePair`2<System.Int32,System.Object>>(T[],System.Int32)	mscorlib
Array_InternalArray__ICollection_CopyTo_TisKeyValuePair_2_t3699644050_m2735311972_gshared	System.Void System.Array::InternalArray__ICollection_CopyTo<System.Collections.Generic.KeyValuePair`2<System.IntPtr,System.Object>>(T[],System.Int32)	mscorlib
Array_InternalArray__ICollection_CopyTo_TisKeyValuePair_2_t3842366416_m1165391142_gshared	System.Void System.Array::InternalArray__ICollection_CopyTo<System.Collections.Generic.KeyValuePair`2<System.Object,System.Boolean>>(T[],System.Int32)	mscorlib
Array_InternalArray__ICollection_CopyTo_TisKeyValuePair_2_t3747325428_m4112574927_gshared	System.Void System.Array::InternalArray__ICollection_CopyTo<System.Collections.Generic.KeyValuePair`2<System.Object,System.Collections.Generic.KeyValuePair`2<UnityEngine.Rendering.CameraEvent,System.Object>>>(T[],System.Int32)	mscorlib
Array_InternalArray__ICollection_CopyTo_TisKeyValuePair_2_t2401056908_m4025041902_gshared	System.Void System.Array::InternalArray__ICollection_CopyTo<System.Collections.Generic.KeyValuePair`2<System.Object,System.Int32>>(T[],System.Int32)	mscorlib
Array_InternalArray__ICollection_CopyTo_TisKeyValuePair_2_t2530217319_m244403040_gshared	System.Void System.Array::InternalArray__ICollection_CopyTo<System.Collections.Generic.KeyValuePair`2<System.Object,System.Object>>(T[],System.Int32)	mscorlib
Array_InternalArray__ICollection_CopyTo_TisKeyValuePair_2_t2246977_m4066215606_gshared	System.Void System.Array::InternalArray__ICollection_CopyTo<System.Collections.Generic.KeyValuePair`2<UnityEngine.Rendering.CameraEvent,System.Object>>(T[],System.Int32)	mscorlib
Array_InternalArray__ICollection_CopyTo_TisLink_t544317964_m287060255_gshared	System.Void System.Array::InternalArray__ICollection_CopyTo<System.Collections.Generic.Link>(T[],System.Int32)	mscorlib
Array_InternalArray__ICollection_CopyTo_TisSlot_t3975888750_m2471749080_gshared	System.Void System.Array::InternalArray__ICollection_CopyTo<System.Collections.Hashtable/Slot>(T[],System.Int32)	mscorlib
Array_InternalArray__ICollection_CopyTo_TisSlot_t384495010_m793189633_gshared	System.Void System.Array::InternalArray__ICollection_CopyTo<System.Collections.SortedList/Slot>(T[],System.Int32)	mscorlib
Array_InternalArray__ICollection_CopyTo_TisDateTime_t3738529785_m4235545532_gshared	System.Void System.Array::InternalArray__ICollection_CopyTo<System.DateTime>(T[],System.Int32)	mscorlib
Array_InternalArray__ICollection_CopyTo_TisDecimal_t2948259380_m2749946216_gshared	System.Void System.Array::InternalArray__ICollection_CopyTo<System.Decimal>(T[],System.Int32)	mscorlib
Array_InternalArray__ICollection_CopyTo_TisDouble_t594665363_m2533995483_gshared	System.Void System.Array::InternalArray__ICollection_CopyTo<System.Double>(T[],System.Int32)	mscorlib
Array_InternalArray__ICollection_CopyTo_TisInt16_t2552820387_m1333563579_gshared	System.Void System.Array::InternalArray__ICollection_CopyTo<System.Int16>(T[],System.Int32)	mscorlib
Array_InternalArray__ICollection_CopyTo_TisInt32_t2950945753_m3102754797_gshared	System.Void System.Array::InternalArray__ICollection_CopyTo<System.Int32>(T[],System.Int32)	mscorlib
Array_InternalArray__ICollection_CopyTo_TisInt64_t3736567304_m2845057751_gshared	System.Void System.Array::InternalArray__ICollection_CopyTo<System.Int64>(T[],System.Int32)	mscorlib
Array_InternalArray__ICollection_CopyTo_TisIntPtr_t_m922780491_gshared	System.Void System.Array::InternalArray__ICollection_CopyTo<System.IntPtr>(T[],System.Int32)	mscorlib
Array_InternalArray__ICollection_CopyTo_TisCustomAttributeNamedArgument_t287865710_m113905846_gshared	System.Void System.Array::InternalArray__ICollection_CopyTo<System.Reflection.CustomAttributeNamedArgument>(T[],System.Int32)	mscorlib
Array_InternalArray__ICollection_CopyTo_TisCustomAttributeTypedArgument_t2723150157_m2930602611_gshared	System.Void System.Array::InternalArray__ICollection_CopyTo<System.Reflection.CustomAttributeTypedArgument>(T[],System.Int32)	mscorlib
Array_InternalArray__ICollection_CopyTo_TisLabelData_t360167391_m175414846_gshared	System.Void System.Array::InternalArray__ICollection_CopyTo<System.Reflection.Emit.ILGenerator/LabelData>(T[],System.Int32)	mscorlib
Array_InternalArray__ICollection_CopyTo_TisLabelFixup_t858502054_m3430459327_gshared	System.Void System.Array::InternalArray__ICollection_CopyTo<System.Reflection.Emit.ILGenerator/LabelFixup>(T[],System.Int32)	mscorlib
Array_InternalArray__ICollection_CopyTo_TisILTokenInfo_t2325775114_m4230157110_gshared	System.Void System.Array::InternalArray__ICollection_CopyTo<System.Reflection.Emit.ILTokenInfo>(T[],System.Int32)	mscorlib
Array_InternalArray__ICollection_CopyTo_TisMonoResource_t4103430009_m2583490988_gshared	System.Void System.Array::InternalArray__ICollection_CopyTo<System.Reflection.Emit.MonoResource>(T[],System.Int32)	mscorlib
Array_InternalArray__ICollection_CopyTo_TisRefEmitPermissionSet_t484390987_m3529876757_gshared	System.Void System.Array::InternalArray__ICollection_CopyTo<System.Reflection.Emit.RefEmitPermissionSet>(T[],System.Int32)	mscorlib
Array_InternalArray__ICollection_CopyTo_TisParameterModifier_t1461694466_m2591491858_gshared	System.Void System.Array::InternalArray__ICollection_CopyTo<System.Reflection.ParameterModifier>(T[],System.Int32)	mscorlib
Array_InternalArray__ICollection_CopyTo_TisResourceCacheItem_t51292791_m766230259_gshared	System.Void System.Array::InternalArray__ICollection_CopyTo<System.Resources.ResourceReader/ResourceCacheItem>(T[],System.Int32)	mscorlib
Array_InternalArray__ICollection_CopyTo_TisResourceInfo_t2872965302_m3348802742_gshared	System.Void System.Array::InternalArray__ICollection_CopyTo<System.Resources.ResourceReader/ResourceInfo>(T[],System.Int32)	mscorlib
Array_InternalArray__ICollection_CopyTo_TisTypeTag_t3541821701_m3935288537_gshared	System.Void System.Array::InternalArray__ICollection_CopyTo<System.Runtime.Serialization.Formatters.Binary.TypeTag>(T[],System.Int32)	mscorlib
Array_InternalArray__ICollection_CopyTo_TisSByte_t1669577662_m1705450307_gshared	System.Void System.Array::InternalArray__ICollection_CopyTo<System.SByte>(T[],System.Int32)	mscorlib
Array_InternalArray__ICollection_CopyTo_TisX509ChainStatus_t133602714_m2617054142_gshared	System.Void System.Array::InternalArray__ICollection_CopyTo<System.Security.Cryptography.X509Certificates.X509ChainStatus>(T[],System.Int32)	mscorlib
Array_InternalArray__ICollection_CopyTo_TisSingle_t1397266774_m455540885_gshared	System.Void System.Array::InternalArray__ICollection_CopyTo<System.Single>(T[],System.Int32)	mscorlib
Array_InternalArray__ICollection_CopyTo_TisMark_t3471605523_m3650504988_gshared	System.Void System.Array::InternalArray__ICollection_CopyTo<System.Text.RegularExpressions.Mark>(T[],System.Int32)	mscorlib
Array_InternalArray__ICollection_CopyTo_TisTimeSpan_t881159249_m1223915610_gshared	System.Void System.Array::InternalArray__ICollection_CopyTo<System.TimeSpan>(T[],System.Int32)	mscorlib
Array_InternalArray__ICollection_CopyTo_TisUInt16_t2177724958_m3885706627_gshared	System.Void System.Array::InternalArray__ICollection_CopyTo<System.UInt16>(T[],System.Int32)	mscorlib
Array_InternalArray__ICollection_CopyTo_TisUInt32_t2560061978_m2332784268_gshared	System.Void System.Array::InternalArray__ICollection_CopyTo<System.UInt32>(T[],System.Int32)	mscorlib
Array_InternalArray__ICollection_CopyTo_TisUInt64_t4134040092_m691431926_gshared	System.Void System.Array::InternalArray__ICollection_CopyTo<System.UInt64>(T[],System.Int32)	mscorlib
Array_InternalArray__ICollection_CopyTo_TisUriScheme_t722425697_m3114320266_gshared	System.Void System.Array::InternalArray__ICollection_CopyTo<System.Uri/UriScheme>(T[],System.Int32)	mscorlib
Array_InternalArray__ICollection_CopyTo_TisOrderBlock_t1585977831_m3156935870_gshared	System.Void System.Array::InternalArray__ICollection_CopyTo<UnityEngine.BeforeRenderHelper/OrderBlock>(T[],System.Int32)	mscorlib
Array_InternalArray__ICollection_CopyTo_TisColor_t2555686324_m60840202_gshared	System.Void System.Array::InternalArray__ICollection_CopyTo<UnityEngine.Color>(T[],System.Int32)	mscorlib
Array_InternalArray__ICollection_CopyTo_TisColor32_t2600501292_m2211577967_gshared	System.Void System.Array::InternalArray__ICollection_CopyTo<UnityEngine.Color32>(T[],System.Int32)	mscorlib
Array_InternalArray__ICollection_CopyTo_TisContactPoint_t3758755253_m1791699799_gshared	System.Void System.Array::InternalArray__ICollection_CopyTo<UnityEngine.ContactPoint>(T[],System.Int32)	mscorlib
Array_InternalArray__ICollection_CopyTo_TisRaycastResult_t3360306849_m4097636815_gshared	System.Void System.Array::InternalArray__ICollection_CopyTo<UnityEngine.EventSystems.RaycastResult>(T[],System.Int32)	mscorlib
Array_InternalArray__ICollection_CopyTo_TisKeyframe_t4206410242_m2132255743_gshared	System.Void System.Array::InternalArray__ICollection_CopyTo<UnityEngine.Keyframe>(T[],System.Int32)	mscorlib
Array_InternalArray__ICollection_CopyTo_TisPlayableBinding_t354260709_m2550208207_gshared	System.Void System.Array::InternalArray__ICollection_CopyTo<UnityEngine.Playables.PlayableBinding>(T[],System.Int32)	mscorlib
Array_InternalArray__ICollection_CopyTo_TisFxaaConsoleSettings_t950185286_m3160220081_gshared	System.Void System.Array::InternalArray__ICollection_CopyTo<UnityEngine.PostProcessing.AntialiasingModel/FxaaConsoleSettings>(T[],System.Int32)	mscorlib
Array_InternalArray__ICollection_CopyTo_TisFxaaQualitySettings_t1558211909_m970159353_gshared	System.Void System.Array::InternalArray__ICollection_CopyTo<UnityEngine.PostProcessing.AntialiasingModel/FxaaQualitySettings>(T[],System.Int32)	mscorlib
Array_InternalArray__ICollection_CopyTo_TisFrame_t295908221_m2670519809_gshared	System.Void System.Array::InternalArray__ICollection_CopyTo<UnityEngine.PostProcessing.MotionBlurComponent/FrameBlendingFilter/Frame>(T[],System.Int32)	mscorlib
Array_InternalArray__ICollection_CopyTo_TisRaycastHit_t1056001966_m1648691138_gshared	System.Void System.Array::InternalArray__ICollection_CopyTo<UnityEngine.RaycastHit>(T[],System.Int32)	mscorlib
Array_InternalArray__ICollection_CopyTo_TisRaycastHit2D_t2279581989_m3542049333_gshared	System.Void System.Array::InternalArray__ICollection_CopyTo<UnityEngine.RaycastHit2D>(T[],System.Int32)	mscorlib
Array_InternalArray__ICollection_CopyTo_TisRenderBuffer_t586150500_m3432996170_gshared	System.Void System.Array::InternalArray__ICollection_CopyTo<UnityEngine.RenderBuffer>(T[],System.Int32)	mscorlib
Array_InternalArray__ICollection_CopyTo_TisRenderTargetIdentifier_t2079184500_m596486142_gshared	System.Void System.Array::InternalArray__ICollection_CopyTo<UnityEngine.Rendering.RenderTargetIdentifier>(T[],System.Int32)	mscorlib
Array_InternalArray__ICollection_CopyTo_TisRenderTextureFormat_t962350765_m2249381153_gshared	System.Void System.Array::InternalArray__ICollection_CopyTo<UnityEngine.RenderTextureFormat>(T[],System.Int32)	mscorlib
Array_InternalArray__ICollection_CopyTo_TisHitInfo_t3229609740_m3909038396_gshared	System.Void System.Array::InternalArray__ICollection_CopyTo<UnityEngine.SendMouseEvents/HitInfo>(T[],System.Int32)	mscorlib
Array_InternalArray__ICollection_CopyTo_TisContentType_t1787303396_m2935750720_gshared	System.Void System.Array::InternalArray__ICollection_CopyTo<UnityEngine.UI.InputField/ContentType>(T[],System.Int32)	mscorlib
Array_InternalArray__ICollection_CopyTo_TisUICharInfo_t75501106_m4268526610_gshared	System.Void System.Array::InternalArray__ICollection_CopyTo<UnityEngine.UICharInfo>(T[],System.Int32)	mscorlib
Array_InternalArray__ICollection_CopyTo_TisUILineInfo_t4195266810_m104406798_gshared	System.Void System.Array::InternalArray__ICollection_CopyTo<UnityEngine.UILineInfo>(T[],System.Int32)	mscorlib
Array_InternalArray__ICollection_CopyTo_TisUIVertex_t4057497605_m487823430_gshared	System.Void System.Array::InternalArray__ICollection_CopyTo<UnityEngine.UIVertex>(T[],System.Int32)	mscorlib
Array_InternalArray__ICollection_CopyTo_TisWorkRequest_t1354518612_m1038518015_gshared	System.Void System.Array::InternalArray__ICollection_CopyTo<UnityEngine.UnitySynchronizationContext/WorkRequest>(T[],System.Int32)	mscorlib
Array_InternalArray__ICollection_CopyTo_TisVector2_t2156229523_m4226925582_gshared	System.Void System.Array::InternalArray__ICollection_CopyTo<UnityEngine.Vector2>(T[],System.Int32)	mscorlib
Array_InternalArray__ICollection_CopyTo_TisVector3_t3722313464_m3875127009_gshared	System.Void System.Array::InternalArray__ICollection_CopyTo<UnityEngine.Vector3>(T[],System.Int32)	mscorlib
Array_InternalArray__ICollection_CopyTo_TisVector4_t3319028937_m3963345156_gshared	System.Void System.Array::InternalArray__ICollection_CopyTo<UnityEngine.Vector4>(T[],System.Int32)	mscorlib
Array_InternalArray__Insert_TisTableRange_t3332867892_m558285859_gshared	System.Void System.Array::InternalArray__Insert<Mono.Globalization.Unicode.CodePointIndexer/TableRange>(System.Int32,T)	mscorlib
Array_InternalArray__Insert_TisClientCertificateType_t1004704908_m1935500588_gshared	System.Void System.Array::InternalArray__Insert<Mono.Security.Protocol.Tls.Handshake.ClientCertificateType>(System.Int32,T)	mscorlib
Array_InternalArray__Insert_TisBoolean_t97287965_m3573904070_gshared	System.Void System.Array::InternalArray__Insert<System.Boolean>(System.Int32,T)	mscorlib
Array_InternalArray__Insert_TisByte_t1134296376_m934740854_gshared	System.Void System.Array::InternalArray__Insert<System.Byte>(System.Int32,T)	mscorlib
Array_InternalArray__Insert_TisChar_t3634460470_m2244958932_gshared	System.Void System.Array::InternalArray__Insert<System.Char>(System.Int32,T)	mscorlib
Array_InternalArray__Insert_TisDictionaryEntry_t3123975638_m2165323758_gshared	System.Void System.Array::InternalArray__Insert<System.Collections.DictionaryEntry>(System.Int32,T)	mscorlib
Array_InternalArray__Insert_TisLink_t3209266973_m2408358932_gshared	System.Void System.Array::InternalArray__Insert<System.Collections.Generic.HashSet`1/Link<System.Object>>(System.Int32,T)	mscorlib
Array_InternalArray__Insert_TisKeyValuePair_2_t71524366_m303774222_gshared	System.Void System.Array::InternalArray__Insert<System.Collections.Generic.KeyValuePair`2<System.Int32,System.Object>>(System.Int32,T)	mscorlib
Array_InternalArray__Insert_TisKeyValuePair_2_t3699644050_m3752538798_gshared	System.Void System.Array::InternalArray__Insert<System.Collections.Generic.KeyValuePair`2<System.IntPtr,System.Object>>(System.Int32,T)	mscorlib
Array_InternalArray__Insert_TisKeyValuePair_2_t3842366416_m961898847_gshared	System.Void System.Array::InternalArray__Insert<System.Collections.Generic.KeyValuePair`2<System.Object,System.Boolean>>(System.Int32,T)	mscorlib
Array_InternalArray__Insert_TisKeyValuePair_2_t3747325428_m2770919480_gshared	System.Void System.Array::InternalArray__Insert<System.Collections.Generic.KeyValuePair`2<System.Object,System.Collections.Generic.KeyValuePair`2<UnityEngine.Rendering.CameraEvent,System.Object>>>(System.Int32,T)	mscorlib
Array_InternalArray__Insert_TisKeyValuePair_2_t2401056908_m2004628906_gshared	System.Void System.Array::InternalArray__Insert<System.Collections.Generic.KeyValuePair`2<System.Object,System.Int32>>(System.Int32,T)	mscorlib
Array_InternalArray__Insert_TisKeyValuePair_2_t2530217319_m1769848997_gshared	System.Void System.Array::InternalArray__Insert<System.Collections.Generic.KeyValuePair`2<System.Object,System.Object>>(System.Int32,T)	mscorlib
Array_InternalArray__Insert_TisKeyValuePair_2_t2246977_m1520866135_gshared	System.Void System.Array::InternalArray__Insert<System.Collections.Generic.KeyValuePair`2<UnityEngine.Rendering.CameraEvent,System.Object>>(System.Int32,T)	mscorlib
Array_InternalArray__Insert_TisLink_t544317964_m2723217746_gshared	System.Void System.Array::InternalArray__Insert<System.Collections.Generic.Link>(System.Int32,T)	mscorlib
Array_InternalArray__Insert_TisSlot_t3975888750_m2502256387_gshared	System.Void System.Array::InternalArray__Insert<System.Collections.Hashtable/Slot>(System.Int32,T)	mscorlib
Array_InternalArray__Insert_TisSlot_t384495010_m887666313_gshared	System.Void System.Array::InternalArray__Insert<System.Collections.SortedList/Slot>(System.Int32,T)	mscorlib
Array_InternalArray__Insert_TisDateTime_t3738529785_m2308632330_gshared	System.Void System.Array::InternalArray__Insert<System.DateTime>(System.Int32,T)	mscorlib
Array_InternalArray__Insert_TisDecimal_t2948259380_m2480921987_gshared	System.Void System.Array::InternalArray__Insert<System.Decimal>(System.Int32,T)	mscorlib
Array_InternalArray__Insert_TisDouble_t594665363_m675699942_gshared	System.Void System.Array::InternalArray__Insert<System.Double>(System.Int32,T)	mscorlib
Array_InternalArray__Insert_TisInt16_t2552820387_m4081306929_gshared	System.Void System.Array::InternalArray__Insert<System.Int16>(System.Int32,T)	mscorlib
Array_InternalArray__Insert_TisInt32_t2950945753_m4073217122_gshared	System.Void System.Array::InternalArray__Insert<System.Int32>(System.Int32,T)	mscorlib
Array_InternalArray__Insert_TisInt64_t3736567304_m149997314_gshared	System.Void System.Array::InternalArray__Insert<System.Int64>(System.Int32,T)	mscorlib
Array_InternalArray__Insert_TisIntPtr_t_m189626842_gshared	System.Void System.Array::InternalArray__Insert<System.IntPtr>(System.Int32,T)	mscorlib
Array_InternalArray__Insert_TisCustomAttributeNamedArgument_t287865710_m3526512389_gshared	System.Void System.Array::InternalArray__Insert<System.Reflection.CustomAttributeNamedArgument>(System.Int32,T)	mscorlib
Array_InternalArray__Insert_TisCustomAttributeTypedArgument_t2723150157_m403203780_gshared	System.Void System.Array::InternalArray__Insert<System.Reflection.CustomAttributeTypedArgument>(System.Int32,T)	mscorlib
Array_InternalArray__Insert_TisLabelData_t360167391_m3542935247_gshared	System.Void System.Array::InternalArray__Insert<System.Reflection.Emit.ILGenerator/LabelData>(System.Int32,T)	mscorlib
Array_InternalArray__Insert_TisLabelFixup_t858502054_m171542753_gshared	System.Void System.Array::InternalArray__Insert<System.Reflection.Emit.ILGenerator/LabelFixup>(System.Int32,T)	mscorlib
Array_InternalArray__Insert_TisILTokenInfo_t2325775114_m2142983574_gshared	System.Void System.Array::InternalArray__Insert<System.Reflection.Emit.ILTokenInfo>(System.Int32,T)	mscorlib
Array_InternalArray__Insert_TisMonoResource_t4103430009_m1997865927_gshared	System.Void System.Array::InternalArray__Insert<System.Reflection.Emit.MonoResource>(System.Int32,T)	mscorlib
Array_InternalArray__Insert_TisRefEmitPermissionSet_t484390987_m3046529335_gshared	System.Void System.Array::InternalArray__Insert<System.Reflection.Emit.RefEmitPermissionSet>(System.Int32,T)	mscorlib
Array_InternalArray__Insert_TisParameterModifier_t1461694466_m3664994573_gshared	System.Void System.Array::InternalArray__Insert<System.Reflection.ParameterModifier>(System.Int32,T)	mscorlib
Array_InternalArray__Insert_TisResourceCacheItem_t51292791_m3973227887_gshared	System.Void System.Array::InternalArray__Insert<System.Resources.ResourceReader/ResourceCacheItem>(System.Int32,T)	mscorlib
Array_InternalArray__Insert_TisResourceInfo_t2872965302_m835635459_gshared	System.Void System.Array::InternalArray__Insert<System.Resources.ResourceReader/ResourceInfo>(System.Int32,T)	mscorlib
Array_InternalArray__Insert_TisTypeTag_t3541821701_m1751332261_gshared	System.Void System.Array::InternalArray__Insert<System.Runtime.Serialization.Formatters.Binary.TypeTag>(System.Int32,T)	mscorlib
Array_InternalArray__Insert_TisSByte_t1669577662_m2136990602_gshared	System.Void System.Array::InternalArray__Insert<System.SByte>(System.Int32,T)	mscorlib
Array_InternalArray__Insert_TisX509ChainStatus_t133602714_m2031834830_gshared	System.Void System.Array::InternalArray__Insert<System.Security.Cryptography.X509Certificates.X509ChainStatus>(System.Int32,T)	mscorlib
Array_InternalArray__Insert_TisSingle_t1397266774_m3161726127_gshared	System.Void System.Array::InternalArray__Insert<System.Single>(System.Int32,T)	mscorlib
Array_InternalArray__Insert_TisMark_t3471605523_m2854535880_gshared	System.Void System.Array::InternalArray__Insert<System.Text.RegularExpressions.Mark>(System.Int32,T)	mscorlib
Array_InternalArray__Insert_TisTimeSpan_t881159249_m850087817_gshared	System.Void System.Array::InternalArray__Insert<System.TimeSpan>(System.Int32,T)	mscorlib
Array_InternalArray__Insert_TisUInt16_t2177724958_m896298375_gshared	System.Void System.Array::InternalArray__Insert<System.UInt16>(System.Int32,T)	mscorlib
Array_InternalArray__Insert_TisUInt32_t2560061978_m919603901_gshared	System.Void System.Array::InternalArray__Insert<System.UInt32>(System.Int32,T)	mscorlib
Array_InternalArray__Insert_TisUInt64_t4134040092_m2793504092_gshared	System.Void System.Array::InternalArray__Insert<System.UInt64>(System.Int32,T)	mscorlib
Array_InternalArray__Insert_TisUriScheme_t722425697_m2442875526_gshared	System.Void System.Array::InternalArray__Insert<System.Uri/UriScheme>(System.Int32,T)	mscorlib
Array_InternalArray__Insert_TisOrderBlock_t1585977831_m617508585_gshared	System.Void System.Array::InternalArray__Insert<UnityEngine.BeforeRenderHelper/OrderBlock>(System.Int32,T)	mscorlib
Array_InternalArray__Insert_TisColor_t2555686324_m2571682414_gshared	System.Void System.Array::InternalArray__Insert<UnityEngine.Color>(System.Int32,T)	mscorlib
Array_InternalArray__Insert_TisColor32_t2600501292_m4045114045_gshared	System.Void System.Array::InternalArray__Insert<UnityEngine.Color32>(System.Int32,T)	mscorlib
Array_InternalArray__Insert_TisContactPoint_t3758755253_m151422964_gshared	System.Void System.Array::InternalArray__Insert<UnityEngine.ContactPoint>(System.Int32,T)	mscorlib
Array_InternalArray__Insert_TisRaycastResult_t3360306849_m2944235901_gshared	System.Void System.Array::InternalArray__Insert<UnityEngine.EventSystems.RaycastResult>(System.Int32,T)	mscorlib
Array_InternalArray__Insert_TisKeyframe_t4206410242_m1558638568_gshared	System.Void System.Array::InternalArray__Insert<UnityEngine.Keyframe>(System.Int32,T)	mscorlib
Array_InternalArray__Insert_TisPlayableBinding_t354260709_m910639161_gshared	System.Void System.Array::InternalArray__Insert<UnityEngine.Playables.PlayableBinding>(System.Int32,T)	mscorlib
Array_InternalArray__Insert_TisFxaaConsoleSettings_t950185286_m1434084842_gshared	System.Void System.Array::InternalArray__Insert<UnityEngine.PostProcessing.AntialiasingModel/FxaaConsoleSettings>(System.Int32,T)	mscorlib
Array_InternalArray__Insert_TisFxaaQualitySettings_t1558211909_m1883498001_gshared	System.Void System.Array::InternalArray__Insert<UnityEngine.PostProcessing.AntialiasingModel/FxaaQualitySettings>(System.Int32,T)	mscorlib
Array_InternalArray__Insert_TisFrame_t295908221_m1905336951_gshared	System.Void System.Array::InternalArray__Insert<UnityEngine.PostProcessing.MotionBlurComponent/FrameBlendingFilter/Frame>(System.Int32,T)	mscorlib
Array_InternalArray__Insert_TisRaycastHit_t1056001966_m3925291943_gshared	System.Void System.Array::InternalArray__Insert<UnityEngine.RaycastHit>(System.Int32,T)	mscorlib
Array_InternalArray__Insert_TisRaycastHit2D_t2279581989_m546646648_gshared	System.Void System.Array::InternalArray__Insert<UnityEngine.RaycastHit2D>(System.Int32,T)	mscorlib
Array_InternalArray__Insert_TisRenderBuffer_t586150500_m3636790173_gshared	System.Void System.Array::InternalArray__Insert<UnityEngine.RenderBuffer>(System.Int32,T)	mscorlib
Array_InternalArray__Insert_TisRenderTargetIdentifier_t2079184500_m3127236439_gshared	System.Void System.Array::InternalArray__Insert<UnityEngine.Rendering.RenderTargetIdentifier>(System.Int32,T)	mscorlib
Array_InternalArray__Insert_TisRenderTextureFormat_t962350765_m584781659_gshared	System.Void System.Array::InternalArray__Insert<UnityEngine.RenderTextureFormat>(System.Int32,T)	mscorlib
Array_InternalArray__Insert_TisHitInfo_t3229609740_m2020610735_gshared	System.Void System.Array::InternalArray__Insert<UnityEngine.SendMouseEvents/HitInfo>(System.Int32,T)	mscorlib
Array_InternalArray__Insert_TisContentType_t1787303396_m3566390691_gshared	System.Void System.Array::InternalArray__Insert<UnityEngine.UI.InputField/ContentType>(System.Int32,T)	mscorlib
Array_InternalArray__Insert_TisUICharInfo_t75501106_m2924156520_gshared	System.Void System.Array::InternalArray__Insert<UnityEngine.UICharInfo>(System.Int32,T)	mscorlib
Array_InternalArray__Insert_TisUILineInfo_t4195266810_m3191124053_gshared	System.Void System.Array::InternalArray__Insert<UnityEngine.UILineInfo>(System.Int32,T)	mscorlib
Array_InternalArray__Insert_TisUIVertex_t4057497605_m3594393657_gshared	System.Void System.Array::InternalArray__Insert<UnityEngine.UIVertex>(System.Int32,T)	mscorlib
Array_InternalArray__Insert_TisWorkRequest_t1354518612_m1192415728_gshared	System.Void System.Array::InternalArray__Insert<UnityEngine.UnitySynchronizationContext/WorkRequest>(System.Int32,T)	mscorlib
Array_InternalArray__Insert_TisVector2_t2156229523_m2148694950_gshared	System.Void System.Array::InternalArray__Insert<UnityEngine.Vector2>(System.Int32,T)	mscorlib
Array_InternalArray__Insert_TisVector3_t3722313464_m3862657277_gshared	System.Void System.Array::InternalArray__Insert<UnityEngine.Vector3>(System.Int32,T)	mscorlib
Array_InternalArray__Insert_TisVector4_t3319028937_m3925995720_gshared	System.Void System.Array::InternalArray__Insert<UnityEngine.Vector4>(System.Int32,T)	mscorlib
Array_InternalArray__set_Item_TisTableRange_t3332867892_m1133033374_gshared	System.Void System.Array::InternalArray__set_Item<Mono.Globalization.Unicode.CodePointIndexer/TableRange>(System.Int32,T)	mscorlib
Array_InternalArray__set_Item_TisClientCertificateType_t1004704908_m1403783491_gshared	System.Void System.Array::InternalArray__set_Item<Mono.Security.Protocol.Tls.Handshake.ClientCertificateType>(System.Int32,T)	mscorlib
Array_InternalArray__set_Item_TisBoolean_t97287965_m4144003582_gshared	System.Void System.Array::InternalArray__set_Item<System.Boolean>(System.Int32,T)	mscorlib
Array_InternalArray__set_Item_TisByte_t1134296376_m3104140039_gshared	System.Void System.Array::InternalArray__set_Item<System.Byte>(System.Int32,T)	mscorlib
Array_InternalArray__set_Item_TisChar_t3634460470_m741842250_gshared	System.Void System.Array::InternalArray__set_Item<System.Char>(System.Int32,T)	mscorlib
Array_InternalArray__set_Item_TisDictionaryEntry_t3123975638_m3297073786_gshared	System.Void System.Array::InternalArray__set_Item<System.Collections.DictionaryEntry>(System.Int32,T)	mscorlib
Array_InternalArray__set_Item_TisLink_t3209266973_m2952144461_gshared	System.Void System.Array::InternalArray__set_Item<System.Collections.Generic.HashSet`1/Link<System.Object>>(System.Int32,T)	mscorlib
Array_InternalArray__set_Item_TisKeyValuePair_2_t71524366_m681588798_gshared	System.Void System.Array::InternalArray__set_Item<System.Collections.Generic.KeyValuePair`2<System.Int32,System.Object>>(System.Int32,T)	mscorlib
Array_InternalArray__set_Item_TisKeyValuePair_2_t3699644050_m2413969791_gshared	System.Void System.Array::InternalArray__set_Item<System.Collections.Generic.KeyValuePair`2<System.IntPtr,System.Object>>(System.Int32,T)	mscorlib
Array_InternalArray__set_Item_TisKeyValuePair_2_t3842366416_m3043754967_gshared	System.Void System.Array::InternalArray__set_Item<System.Collections.Generic.KeyValuePair`2<System.Object,System.Boolean>>(System.Int32,T)	mscorlib
Array_InternalArray__set_Item_TisKeyValuePair_2_t3747325428_m1920624802_gshared	System.Void System.Array::InternalArray__set_Item<System.Collections.Generic.KeyValuePair`2<System.Object,System.Collections.Generic.KeyValuePair`2<UnityEngine.Rendering.CameraEvent,System.Object>>>(System.Int32,T)	mscorlib
Array_InternalArray__set_Item_TisKeyValuePair_2_t2401056908_m2636509839_gshared	System.Void System.Array::InternalArray__set_Item<System.Collections.Generic.KeyValuePair`2<System.Object,System.Int32>>(System.Int32,T)	mscorlib
Array_InternalArray__set_Item_TisKeyValuePair_2_t2530217319_m258011711_gshared	System.Void System.Array::InternalArray__set_Item<System.Collections.Generic.KeyValuePair`2<System.Object,System.Object>>(System.Int32,T)	mscorlib
Array_InternalArray__set_Item_TisKeyValuePair_2_t2246977_m1577083401_gshared	System.Void System.Array::InternalArray__set_Item<System.Collections.Generic.KeyValuePair`2<UnityEngine.Rendering.CameraEvent,System.Object>>(System.Int32,T)	mscorlib
Array_InternalArray__set_Item_TisLink_t544317964_m1234244240_gshared	System.Void System.Array::InternalArray__set_Item<System.Collections.Generic.Link>(System.Int32,T)	mscorlib
Array_InternalArray__set_Item_TisSlot_t3975888750_m3701794315_gshared	System.Void System.Array::InternalArray__set_Item<System.Collections.Hashtable/Slot>(System.Int32,T)	mscorlib
Array_InternalArray__set_Item_TisSlot_t384495010_m3820762690_gshared	System.Void System.Array::InternalArray__set_Item<System.Collections.SortedList/Slot>(System.Int32,T)	mscorlib
Array_InternalArray__set_Item_TisDateTime_t3738529785_m1331437427_gshared	System.Void System.Array::InternalArray__set_Item<System.DateTime>(System.Int32,T)	mscorlib
Array_InternalArray__set_Item_TisDecimal_t2948259380_m772094084_gshared	System.Void System.Array::InternalArray__set_Item<System.Decimal>(System.Int32,T)	mscorlib
Array_InternalArray__set_Item_TisDouble_t594665363_m4039038926_gshared	System.Void System.Array::InternalArray__set_Item<System.Double>(System.Int32,T)	mscorlib
Array_InternalArray__set_Item_TisInt16_t2552820387_m2544074754_gshared	System.Void System.Array::InternalArray__set_Item<System.Int16>(System.Int32,T)	mscorlib
Array_InternalArray__set_Item_TisInt32_t2950945753_m3443640285_gshared	System.Void System.Array::InternalArray__set_Item<System.Int32>(System.Int32,T)	mscorlib
Array_InternalArray__set_Item_TisInt64_t3736567304_m274131860_gshared	System.Void System.Array::InternalArray__set_Item<System.Int64>(System.Int32,T)	mscorlib
Array_InternalArray__set_Item_TisIntPtr_t_m3746458435_gshared	System.Void System.Array::InternalArray__set_Item<System.IntPtr>(System.Int32,T)	mscorlib
Array_InternalArray__set_Item_TisCustomAttributeNamedArgument_t287865710_m1012786181_gshared	System.Void System.Array::InternalArray__set_Item<System.Reflection.CustomAttributeNamedArgument>(System.Int32,T)	mscorlib
Array_InternalArray__set_Item_TisCustomAttributeTypedArgument_t2723150157_m4043774187_gshared	System.Void System.Array::InternalArray__set_Item<System.Reflection.CustomAttributeTypedArgument>(System.Int32,T)	mscorlib
Array_InternalArray__set_Item_TisLabelData_t360167391_m545851431_gshared	System.Void System.Array::InternalArray__set_Item<System.Reflection.Emit.ILGenerator/LabelData>(System.Int32,T)	mscorlib
Array_InternalArray__set_Item_TisLabelFixup_t858502054_m1298473658_gshared	System.Void System.Array::InternalArray__set_Item<System.Reflection.Emit.ILGenerator/LabelFixup>(System.Int32,T)	mscorlib
Array_InternalArray__set_Item_TisILTokenInfo_t2325775114_m309595583_gshared	System.Void System.Array::InternalArray__set_Item<System.Reflection.Emit.ILTokenInfo>(System.Int32,T)	mscorlib
Array_InternalArray__set_Item_TisMonoResource_t4103430009_m3222650182_gshared	System.Void System.Array::InternalArray__set_Item<System.Reflection.Emit.MonoResource>(System.Int32,T)	mscorlib
Array_InternalArray__set_Item_TisRefEmitPermissionSet_t484390987_m3786305619_gshared	System.Void System.Array::InternalArray__set_Item<System.Reflection.Emit.RefEmitPermissionSet>(System.Int32,T)	mscorlib
Array_InternalArray__set_Item_TisParameterModifier_t1461694466_m3967271819_gshared	System.Void System.Array::InternalArray__set_Item<System.Reflection.ParameterModifier>(System.Int32,T)	mscorlib
Array_InternalArray__set_Item_TisResourceCacheItem_t51292791_m3621128445_gshared	System.Void System.Array::InternalArray__set_Item<System.Resources.ResourceReader/ResourceCacheItem>(System.Int32,T)	mscorlib
Array_InternalArray__set_Item_TisResourceInfo_t2872965302_m4158294579_gshared	System.Void System.Array::InternalArray__set_Item<System.Resources.ResourceReader/ResourceInfo>(System.Int32,T)	mscorlib
Array_InternalArray__set_Item_TisTypeTag_t3541821701_m1798554818_gshared	System.Void System.Array::InternalArray__set_Item<System.Runtime.Serialization.Formatters.Binary.TypeTag>(System.Int32,T)	mscorlib
Array_InternalArray__set_Item_TisSByte_t1669577662_m2637728477_gshared	System.Void System.Array::InternalArray__set_Item<System.SByte>(System.Int32,T)	mscorlib
Array_InternalArray__set_Item_TisX509ChainStatus_t133602714_m3558909442_gshared	System.Void System.Array::InternalArray__set_Item<System.Security.Cryptography.X509Certificates.X509ChainStatus>(System.Int32,T)	mscorlib
Array_InternalArray__set_Item_TisSingle_t1397266774_m1986764072_gshared	System.Void System.Array::InternalArray__set_Item<System.Single>(System.Int32,T)	mscorlib
Array_InternalArray__set_Item_TisMark_t3471605523_m1299772331_gshared	System.Void System.Array::InternalArray__set_Item<System.Text.RegularExpressions.Mark>(System.Int32,T)	mscorlib
Array_InternalArray__set_Item_TisTimeSpan_t881159249_m3500448317_gshared	System.Void System.Array::InternalArray__set_Item<System.TimeSpan>(System.Int32,T)	mscorlib
Array_InternalArray__set_Item_TisUInt16_t2177724958_m1951465847_gshared	System.Void System.Array::InternalArray__set_Item<System.UInt16>(System.Int32,T)	mscorlib
Array_InternalArray__set_Item_TisUInt32_t2560061978_m2989465121_gshared	System.Void System.Array::InternalArray__set_Item<System.UInt32>(System.Int32,T)	mscorlib
Array_InternalArray__set_Item_TisUInt64_t4134040092_m2265222578_gshared	System.Void System.Array::InternalArray__set_Item<System.UInt64>(System.Int32,T)	mscorlib
Array_InternalArray__set_Item_TisUriScheme_t722425697_m2920208203_gshared	System.Void System.Array::InternalArray__set_Item<System.Uri/UriScheme>(System.Int32,T)	mscorlib
Array_InternalArray__set_Item_TisOrderBlock_t1585977831_m1574154117_gshared	System.Void System.Array::InternalArray__set_Item<UnityEngine.BeforeRenderHelper/OrderBlock>(System.Int32,T)	mscorlib
Array_InternalArray__set_Item_TisColor_t2555686324_m3731733030_gshared	System.Void System.Array::InternalArray__set_Item<UnityEngine.Color>(System.Int32,T)	mscorlib
Array_InternalArray__set_Item_TisColor32_t2600501292_m1891325855_gshared	System.Void System.Array::InternalArray__set_Item<UnityEngine.Color32>(System.Int32,T)	mscorlib
Array_InternalArray__set_Item_TisContactPoint_t3758755253_m398411518_gshared	System.Void System.Array::InternalArray__set_Item<UnityEngine.ContactPoint>(System.Int32,T)	mscorlib
Array_InternalArray__set_Item_TisRaycastResult_t3360306849_m730888808_gshared	System.Void System.Array::InternalArray__set_Item<UnityEngine.EventSystems.RaycastResult>(System.Int32,T)	mscorlib
Array_InternalArray__set_Item_TisKeyframe_t4206410242_m715725381_gshared	System.Void System.Array::InternalArray__set_Item<UnityEngine.Keyframe>(System.Int32,T)	mscorlib
Array_InternalArray__set_Item_TisPlayableBinding_t354260709_m1167077057_gshared	System.Void System.Array::InternalArray__set_Item<UnityEngine.Playables.PlayableBinding>(System.Int32,T)	mscorlib
Array_InternalArray__set_Item_TisFxaaConsoleSettings_t950185286_m3375606007_gshared	System.Void System.Array::InternalArray__set_Item<UnityEngine.PostProcessing.AntialiasingModel/FxaaConsoleSettings>(System.Int32,T)	mscorlib
Array_InternalArray__set_Item_TisFxaaQualitySettings_t1558211909_m2824796987_gshared	System.Void System.Array::InternalArray__set_Item<UnityEngine.PostProcessing.AntialiasingModel/FxaaQualitySettings>(System.Int32,T)	mscorlib
Array_InternalArray__set_Item_TisFrame_t295908221_m2372125290_gshared	System.Void System.Array::InternalArray__set_Item<UnityEngine.PostProcessing.MotionBlurComponent/FrameBlendingFilter/Frame>(System.Int32,T)	mscorlib
Array_InternalArray__set_Item_TisRaycastHit_t1056001966_m42652901_gshared	System.Void System.Array::InternalArray__set_Item<UnityEngine.RaycastHit>(System.Int32,T)	mscorlib
Array_InternalArray__set_Item_TisRaycastHit2D_t2279581989_m3076882241_gshared	System.Void System.Array::InternalArray__set_Item<UnityEngine.RaycastHit2D>(System.Int32,T)	mscorlib
Array_InternalArray__set_Item_TisRenderBuffer_t586150500_m858040680_gshared	System.Void System.Array::InternalArray__set_Item<UnityEngine.RenderBuffer>(System.Int32,T)	mscorlib
Array_InternalArray__set_Item_TisRenderTargetIdentifier_t2079184500_m1228967352_gshared	System.Void System.Array::InternalArray__set_Item<UnityEngine.Rendering.RenderTargetIdentifier>(System.Int32,T)	mscorlib
Array_InternalArray__set_Item_TisRenderTextureFormat_t962350765_m2797882890_gshared	System.Void System.Array::InternalArray__set_Item<UnityEngine.RenderTextureFormat>(System.Int32,T)	mscorlib
Array_InternalArray__set_Item_TisHitInfo_t3229609740_m1576844560_gshared	System.Void System.Array::InternalArray__set_Item<UnityEngine.SendMouseEvents/HitInfo>(System.Int32,T)	mscorlib
Array_InternalArray__set_Item_TisContentType_t1787303396_m786318527_gshared	System.Void System.Array::InternalArray__set_Item<UnityEngine.UI.InputField/ContentType>(System.Int32,T)	mscorlib
Array_InternalArray__set_Item_TisUICharInfo_t75501106_m2265362548_gshared	System.Void System.Array::InternalArray__set_Item<UnityEngine.UICharInfo>(System.Int32,T)	mscorlib
Array_InternalArray__set_Item_TisUILineInfo_t4195266810_m2313892078_gshared	System.Void System.Array::InternalArray__set_Item<UnityEngine.UILineInfo>(System.Int32,T)	mscorlib
Array_InternalArray__set_Item_TisUIVertex_t4057497605_m1280270671_gshared	System.Void System.Array::InternalArray__set_Item<UnityEngine.UIVertex>(System.Int32,T)	mscorlib
Array_InternalArray__set_Item_TisWorkRequest_t1354518612_m4199913663_gshared	System.Void System.Array::InternalArray__set_Item<UnityEngine.UnitySynchronizationContext/WorkRequest>(System.Int32,T)	mscorlib
Array_InternalArray__set_Item_TisVector2_t2156229523_m2671087464_gshared	System.Void System.Array::InternalArray__set_Item<UnityEngine.Vector2>(System.Int32,T)	mscorlib
Array_InternalArray__set_Item_TisVector3_t3722313464_m702189206_gshared	System.Void System.Array::InternalArray__set_Item<UnityEngine.Vector3>(System.Int32,T)	mscorlib
Array_InternalArray__set_Item_TisVector4_t3319028937_m757305038_gshared	System.Void System.Array::InternalArray__set_Item<UnityEngine.Vector4>(System.Int32,T)	mscorlib
Array_qsort_TisInt32_t2950945753_TisInt32_t2950945753_m2837500664_gshared	System.Void System.Array::qsort<System.Int32,System.Int32>(K[],V[],System.Int32,System.Int32,System.Collections.Generic.IComparer`1<K>)	mscorlib
Array_qsort_TisInt32_t2950945753_m2962421846_gshared	System.Void System.Array::qsort<System.Int32>(T[],System.Int32,System.Int32,System.Comparison`1<T>)	mscorlib
Array_qsort_TisCustomAttributeNamedArgument_t287865710_TisCustomAttributeNamedArgument_t287865710_m1189746648_gshared	System.Void System.Array::qsort<System.Reflection.CustomAttributeNamedArgument,System.Reflection.CustomAttributeNamedArgument>(K[],V[],System.Int32,System.Int32,System.Collections.Generic.IComparer`1<K>)	mscorlib
Array_qsort_TisCustomAttributeNamedArgument_t287865710_m3885641888_gshared	System.Void System.Array::qsort<System.Reflection.CustomAttributeNamedArgument>(T[],System.Int32,System.Int32,System.Comparison`1<T>)	mscorlib
Array_qsort_TisCustomAttributeTypedArgument_t2723150157_TisCustomAttributeTypedArgument_t2723150157_m474488203_gshared	System.Void System.Array::qsort<System.Reflection.CustomAttributeTypedArgument,System.Reflection.CustomAttributeTypedArgument>(K[],V[],System.Int32,System.Int32,System.Collections.Generic.IComparer`1<K>)	mscorlib
Array_qsort_TisCustomAttributeTypedArgument_t2723150157_m4091355926_gshared	System.Void System.Array::qsort<System.Reflection.CustomAttributeTypedArgument>(T[],System.Int32,System.Int32,System.Comparison`1<T>)	mscorlib
Array_qsort_TisOrderBlock_t1585977831_TisOrderBlock_t1585977831_m1675918557_gshared	System.Void System.Array::qsort<UnityEngine.BeforeRenderHelper/OrderBlock,UnityEngine.BeforeRenderHelper/OrderBlock>(K[],V[],System.Int32,System.Int32,System.Collections.Generic.IComparer`1<K>)	mscorlib
Array_qsort_TisOrderBlock_t1585977831_m3322202512_gshared	System.Void System.Array::qsort<UnityEngine.BeforeRenderHelper/OrderBlock>(T[],System.Int32,System.Int32,System.Comparison`1<T>)	mscorlib
Array_qsort_TisColor32_t2600501292_TisColor32_t2600501292_m123239180_gshared	System.Void System.Array::qsort<UnityEngine.Color32,UnityEngine.Color32>(K[],V[],System.Int32,System.Int32,System.Collections.Generic.IComparer`1<K>)	mscorlib
Array_qsort_TisColor32_t2600501292_m1362211604_gshared	System.Void System.Array::qsort<UnityEngine.Color32>(T[],System.Int32,System.Int32,System.Comparison`1<T>)	mscorlib
Array_qsort_TisRaycastResult_t3360306849_TisRaycastResult_t3360306849_m1689126841_gshared	System.Void System.Array::qsort<UnityEngine.EventSystems.RaycastResult,UnityEngine.EventSystems.RaycastResult>(K[],V[],System.Int32,System.Int32,System.Collections.Generic.IComparer`1<K>)	mscorlib
Array_qsort_TisRaycastResult_t3360306849_m3861320071_gshared	System.Void System.Array::qsort<UnityEngine.EventSystems.RaycastResult>(T[],System.Int32,System.Int32,System.Comparison`1<T>)	mscorlib
Array_qsort_TisRaycastHit_t1056001966_m2121436306_gshared	System.Void System.Array::qsort<UnityEngine.RaycastHit>(T[],System.Int32,System.Int32,System.Comparison`1<T>)	mscorlib
Array_qsort_TisUICharInfo_t75501106_TisUICharInfo_t75501106_m1534826045_gshared	System.Void System.Array::qsort<UnityEngine.UICharInfo,UnityEngine.UICharInfo>(K[],V[],System.Int32,System.Int32,System.Collections.Generic.IComparer`1<K>)	mscorlib
Array_qsort_TisUICharInfo_t75501106_m2594572418_gshared	System.Void System.Array::qsort<UnityEngine.UICharInfo>(T[],System.Int32,System.Int32,System.Comparison`1<T>)	mscorlib
Array_qsort_TisUILineInfo_t4195266810_TisUILineInfo_t4195266810_m648055196_gshared	System.Void System.Array::qsort<UnityEngine.UILineInfo,UnityEngine.UILineInfo>(K[],V[],System.Int32,System.Int32,System.Collections.Generic.IComparer`1<K>)	mscorlib
Array_qsort_TisUILineInfo_t4195266810_m793614777_gshared	System.Void System.Array::qsort<UnityEngine.UILineInfo>(T[],System.Int32,System.Int32,System.Comparison`1<T>)	mscorlib
Array_qsort_TisUIVertex_t4057497605_TisUIVertex_t4057497605_m678708019_gshared	System.Void System.Array::qsort<UnityEngine.UIVertex,UnityEngine.UIVertex>(K[],V[],System.Int32,System.Int32,System.Collections.Generic.IComparer`1<K>)	mscorlib
Array_qsort_TisUIVertex_t4057497605_m4120916435_gshared	System.Void System.Array::qsort<UnityEngine.UIVertex>(T[],System.Int32,System.Int32,System.Comparison`1<T>)	mscorlib
Array_qsort_TisVector2_t2156229523_TisVector2_t2156229523_m4008092574_gshared	System.Void System.Array::qsort<UnityEngine.Vector2,UnityEngine.Vector2>(K[],V[],System.Int32,System.Int32,System.Collections.Generic.IComparer`1<K>)	mscorlib
Array_qsort_TisVector2_t2156229523_m96001365_gshared	System.Void System.Array::qsort<UnityEngine.Vector2>(T[],System.Int32,System.Int32,System.Comparison`1<T>)	mscorlib
Array_qsort_TisVector3_t3722313464_TisVector3_t3722313464_m1536429353_gshared	System.Void System.Array::qsort<UnityEngine.Vector3,UnityEngine.Vector3>(K[],V[],System.Int32,System.Int32,System.Collections.Generic.IComparer`1<K>)	mscorlib
Array_qsort_TisVector3_t3722313464_m4117329442_gshared	System.Void System.Array::qsort<UnityEngine.Vector3>(T[],System.Int32,System.Int32,System.Comparison`1<T>)	mscorlib
Array_qsort_TisVector4_t3319028937_TisVector4_t3319028937_m3053919711_gshared	System.Void System.Array::qsort<UnityEngine.Vector4,UnityEngine.Vector4>(K[],V[],System.Int32,System.Int32,System.Collections.Generic.IComparer`1<K>)	mscorlib
Array_qsort_TisVector4_t3319028937_m2158412227_gshared	System.Void System.Array::qsort<UnityEngine.Vector4>(T[],System.Int32,System.Int32,System.Comparison`1<T>)	mscorlib
Array_Resize_TisInt32_t2950945753_m18578417_gshared	System.Void System.Array::Resize<System.Int32>(T[]&,System.Int32,System.Int32)	mscorlib
Array_Resize_TisInt32_t2950945753_m2286572300_gshared	System.Void System.Array::Resize<System.Int32>(T[]&,System.Int32)	mscorlib
Array_Resize_TisCustomAttributeNamedArgument_t287865710_m885566878_gshared	System.Void System.Array::Resize<System.Reflection.CustomAttributeNamedArgument>(T[]&,System.Int32,System.Int32)	mscorlib
Array_Resize_TisCustomAttributeNamedArgument_t287865710_m2861489985_gshared	System.Void System.Array::Resize<System.Reflection.CustomAttributeNamedArgument>(T[]&,System.Int32)	mscorlib
Array_Resize_TisCustomAttributeTypedArgument_t2723150157_m3021884250_gshared	System.Void System.Array::Resize<System.Reflection.CustomAttributeTypedArgument>(T[]&,System.Int32,System.Int32)	mscorlib
Array_Resize_TisCustomAttributeTypedArgument_t2723150157_m877658765_gshared	System.Void System.Array::Resize<System.Reflection.CustomAttributeTypedArgument>(T[]&,System.Int32)	mscorlib
Array_Resize_TisOrderBlock_t1585977831_m2784259641_gshared	System.Void System.Array::Resize<UnityEngine.BeforeRenderHelper/OrderBlock>(T[]&,System.Int32,System.Int32)	mscorlib
Array_Resize_TisOrderBlock_t1585977831_m3449774576_gshared	System.Void System.Array::Resize<UnityEngine.BeforeRenderHelper/OrderBlock>(T[]&,System.Int32)	mscorlib
Array_Resize_TisColor32_t2600501292_m2781660956_gshared	System.Void System.Array::Resize<UnityEngine.Color32>(T[]&,System.Int32,System.Int32)	mscorlib
Array_Resize_TisColor32_t2600501292_m2984087822_gshared	System.Void System.Array::Resize<UnityEngine.Color32>(T[]&,System.Int32)	mscorlib
Array_Resize_TisRaycastResult_t3360306849_m1811054291_gshared	System.Void System.Array::Resize<UnityEngine.EventSystems.RaycastResult>(T[]&,System.Int32,System.Int32)	mscorlib
Array_Resize_TisRaycastResult_t3360306849_m1277390301_gshared	System.Void System.Array::Resize<UnityEngine.EventSystems.RaycastResult>(T[]&,System.Int32)	mscorlib
Array_Resize_TisUICharInfo_t75501106_m3903846016_gshared	System.Void System.Array::Resize<UnityEngine.UICharInfo>(T[]&,System.Int32,System.Int32)	mscorlib
Array_Resize_TisUICharInfo_t75501106_m3926798054_gshared	System.Void System.Array::Resize<UnityEngine.UICharInfo>(T[]&,System.Int32)	mscorlib
Array_Resize_TisUILineInfo_t4195266810_m3763058392_gshared	System.Void System.Array::Resize<UnityEngine.UILineInfo>(T[]&,System.Int32,System.Int32)	mscorlib
Array_Resize_TisUILineInfo_t4195266810_m2197625248_gshared	System.Void System.Array::Resize<UnityEngine.UILineInfo>(T[]&,System.Int32)	mscorlib
Array_Resize_TisUIVertex_t4057497605_m2412004271_gshared	System.Void System.Array::Resize<UnityEngine.UIVertex>(T[]&,System.Int32,System.Int32)	mscorlib
Array_Resize_TisUIVertex_t4057497605_m1219201596_gshared	System.Void System.Array::Resize<UnityEngine.UIVertex>(T[]&,System.Int32)	mscorlib
Array_Resize_TisVector2_t2156229523_m3382835435_gshared	System.Void System.Array::Resize<UnityEngine.Vector2>(T[]&,System.Int32,System.Int32)	mscorlib
Array_Resize_TisVector2_t2156229523_m1564542050_gshared	System.Void System.Array::Resize<UnityEngine.Vector2>(T[]&,System.Int32)	mscorlib
Array_Resize_TisVector3_t3722313464_m3912253972_gshared	System.Void System.Array::Resize<UnityEngine.Vector3>(T[]&,System.Int32,System.Int32)	mscorlib
Array_Resize_TisVector3_t3722313464_m1245103517_gshared	System.Void System.Array::Resize<UnityEngine.Vector3>(T[]&,System.Int32)	mscorlib
Array_Resize_TisVector4_t3319028937_m3264241945_gshared	System.Void System.Array::Resize<UnityEngine.Vector4>(T[]&,System.Int32,System.Int32)	mscorlib
Array_Resize_TisVector4_t3319028937_m1507893064_gshared	System.Void System.Array::Resize<UnityEngine.Vector4>(T[]&,System.Int32)	mscorlib
Array_Sort_TisInt32_t2950945753_TisInt32_t2950945753_m3955828611_gshared	System.Void System.Array::Sort<System.Int32,System.Int32>(TKey[],TValue[],System.Int32,System.Int32,System.Collections.Generic.IComparer`1<TKey>)	mscorlib
Array_Sort_TisInt32_t2950945753_m3365933701_gshared	System.Void System.Array::Sort<System.Int32>(T[],System.Int32,System.Comparison`1<T>)	mscorlib
Array_Sort_TisInt32_t2950945753_m263117253_gshared	System.Void System.Array::Sort<System.Int32>(T[],System.Int32,System.Int32,System.Collections.Generic.IComparer`1<T>)	mscorlib
Array_Sort_TisCustomAttributeNamedArgument_t287865710_TisCustomAttributeNamedArgument_t287865710_m1309535943_gshared	System.Void System.Array::Sort<System.Reflection.CustomAttributeNamedArgument,System.Reflection.CustomAttributeNamedArgument>(TKey[],TValue[],System.Int32,System.Int32,System.Collections.Generic.IComparer`1<TKey>)	mscorlib
Array_Sort_TisCustomAttributeNamedArgument_t287865710_m3178168269_gshared	System.Void System.Array::Sort<System.Reflection.CustomAttributeNamedArgument>(T[],System.Int32,System.Comparison`1<T>)	mscorlib
Array_Sort_TisCustomAttributeNamedArgument_t287865710_m2341269431_gshared	System.Void System.Array::Sort<System.Reflection.CustomAttributeNamedArgument>(T[],System.Int32,System.Int32,System.Collections.Generic.IComparer`1<T>)	mscorlib
Array_Sort_TisCustomAttributeTypedArgument_t2723150157_TisCustomAttributeTypedArgument_t2723150157_m346721811_gshared	System.Void System.Array::Sort<System.Reflection.CustomAttributeTypedArgument,System.Reflection.CustomAttributeTypedArgument>(TKey[],TValue[],System.Int32,System.Int32,System.Collections.Generic.IComparer`1<TKey>)	mscorlib
Array_Sort_TisCustomAttributeTypedArgument_t2723150157_m889969470_gshared	System.Void System.Array::Sort<System.Reflection.CustomAttributeTypedArgument>(T[],System.Int32,System.Comparison`1<T>)	mscorlib
Array_Sort_TisCustomAttributeTypedArgument_t2723150157_m3248988944_gshared	System.Void System.Array::Sort<System.Reflection.CustomAttributeTypedArgument>(T[],System.Int32,System.Int32,System.Collections.Generic.IComparer`1<T>)	mscorlib
Array_Sort_TisOrderBlock_t1585977831_TisOrderBlock_t1585977831_m743334833_gshared	System.Void System.Array::Sort<UnityEngine.BeforeRenderHelper/OrderBlock,UnityEngine.BeforeRenderHelper/OrderBlock>(TKey[],TValue[],System.Int32,System.Int32,System.Collections.Generic.IComparer`1<TKey>)	mscorlib
Array_Sort_TisOrderBlock_t1585977831_m2922111197_gshared	System.Void System.Array::Sort<UnityEngine.BeforeRenderHelper/OrderBlock>(T[],System.Int32,System.Comparison`1<T>)	mscorlib
Array_Sort_TisOrderBlock_t1585977831_m3711829949_gshared	System.Void System.Array::Sort<UnityEngine.BeforeRenderHelper/OrderBlock>(T[],System.Int32,System.Int32,System.Collections.Generic.IComparer`1<T>)	mscorlib
Array_Sort_TisColor32_t2600501292_TisColor32_t2600501292_m189365387_gshared	System.Void System.Array::Sort<UnityEngine.Color32,UnityEngine.Color32>(TKey[],TValue[],System.Int32,System.Int32,System.Collections.Generic.IComparer`1<TKey>)	mscorlib
Array_Sort_TisColor32_t2600501292_m54279234_gshared	System.Void System.Array::Sort<UnityEngine.Color32>(T[],System.Int32,System.Comparison`1<T>)	mscorlib
Array_Sort_TisColor32_t2600501292_m2881279885_gshared	System.Void System.Array::Sort<UnityEngine.Color32>(T[],System.Int32,System.Int32,System.Collections.Generic.IComparer`1<T>)	mscorlib
Array_Sort_TisRaycastResult_t3360306849_TisRaycastResult_t3360306849_m2270804811_gshared	System.Void System.Array::Sort<UnityEngine.EventSystems.RaycastResult,UnityEngine.EventSystems.RaycastResult>(TKey[],TValue[],System.Int32,System.Int32,System.Collections.Generic.IComparer`1<TKey>)	mscorlib
Array_Sort_TisRaycastResult_t3360306849_m3896233353_gshared	System.Void System.Array::Sort<UnityEngine.EventSystems.RaycastResult>(T[],System.Int32,System.Comparison`1<T>)	mscorlib
Array_Sort_TisRaycastResult_t3360306849_m1719315316_gshared	System.Void System.Array::Sort<UnityEngine.EventSystems.RaycastResult>(T[],System.Int32,System.Int32,System.Collections.Generic.IComparer`1<T>)	mscorlib
Array_Sort_TisRaycastHit_t1056001966_m2679256649_gshared	System.Void System.Array::Sort<UnityEngine.RaycastHit>(T[],System.Int32,System.Comparison`1<T>)	mscorlib
Array_Sort_TisUICharInfo_t75501106_TisUICharInfo_t75501106_m722747892_gshared	System.Void System.Array::Sort<UnityEngine.UICharInfo,UnityEngine.UICharInfo>(TKey[],TValue[],System.Int32,System.Int32,System.Collections.Generic.IComparer`1<TKey>)	mscorlib
Array_Sort_TisUICharInfo_t75501106_m3474449559_gshared	System.Void System.Array::Sort<UnityEngine.UICharInfo>(T[],System.Int32,System.Comparison`1<T>)	mscorlib
Array_Sort_TisUICharInfo_t75501106_m128665067_gshared	System.Void System.Array::Sort<UnityEngine.UICharInfo>(T[],System.Int32,System.Int32,System.Collections.Generic.IComparer`1<T>)	mscorlib
Array_Sort_TisUILineInfo_t4195266810_TisUILineInfo_t4195266810_m1647852270_gshared	System.Void System.Array::Sort<UnityEngine.UILineInfo,UnityEngine.UILineInfo>(TKey[],TValue[],System.Int32,System.Int32,System.Collections.Generic.IComparer`1<TKey>)	mscorlib
Array_Sort_TisUILineInfo_t4195266810_m3737783007_gshared	System.Void System.Array::Sort<UnityEngine.UILineInfo>(T[],System.Int32,System.Comparison`1<T>)	mscorlib
Array_Sort_TisUILineInfo_t4195266810_m986157765_gshared	System.Void System.Array::Sort<UnityEngine.UILineInfo>(T[],System.Int32,System.Int32,System.Collections.Generic.IComparer`1<T>)	mscorlib
Array_Sort_TisUIVertex_t4057497605_TisUIVertex_t4057497605_m4243853890_gshared	System.Void System.Array::Sort<UnityEngine.UIVertex,UnityEngine.UIVertex>(TKey[],TValue[],System.Int32,System.Int32,System.Collections.Generic.IComparer`1<TKey>)	mscorlib
Array_Sort_TisUIVertex_t4057497605_m3996333845_gshared	System.Void System.Array::Sort<UnityEngine.UIVertex>(T[],System.Int32,System.Comparison`1<T>)	mscorlib
Array_Sort_TisUIVertex_t4057497605_m448896013_gshared	System.Void System.Array::Sort<UnityEngine.UIVertex>(T[],System.Int32,System.Int32,System.Collections.Generic.IComparer`1<T>)	mscorlib
Array_Sort_TisVector2_t2156229523_TisVector2_t2156229523_m3828039457_gshared	System.Void System.Array::Sort<UnityEngine.Vector2,UnityEngine.Vector2>(TKey[],TValue[],System.Int32,System.Int32,System.Collections.Generic.IComparer`1<TKey>)	mscorlib
Array_Sort_TisVector2_t2156229523_m3889577259_gshared	System.Void System.Array::Sort<UnityEngine.Vector2>(T[],System.Int32,System.Comparison`1<T>)	mscorlib
Array_Sort_TisVector2_t2156229523_m1227407869_gshared	System.Void System.Array::Sort<UnityEngine.Vector2>(T[],System.Int32,System.Int32,System.Collections.Generic.IComparer`1<T>)	mscorlib
Array_Sort_TisVector3_t3722313464_TisVector3_t3722313464_m3923377973_gshared	System.Void System.Array::Sort<UnityEngine.Vector3,UnityEngine.Vector3>(TKey[],TValue[],System.Int32,System.Int32,System.Collections.Generic.IComparer`1<TKey>)	mscorlib
Array_Sort_TisVector3_t3722313464_m1915176437_gshared	System.Void System.Array::Sort<UnityEngine.Vector3>(T[],System.Int32,System.Comparison`1<T>)	mscorlib
Array_Sort_TisVector3_t3722313464_m1030213405_gshared	System.Void System.Array::Sort<UnityEngine.Vector3>(T[],System.Int32,System.Int32,System.Collections.Generic.IComparer`1<T>)	mscorlib
Array_Sort_TisVector4_t3319028937_TisVector4_t3319028937_m4254533673_gshared	System.Void System.Array::Sort<UnityEngine.Vector4,UnityEngine.Vector4>(TKey[],TValue[],System.Int32,System.Int32,System.Collections.Generic.IComparer`1<TKey>)	mscorlib
Array_Sort_TisVector4_t3319028937_m3668240704_gshared	System.Void System.Array::Sort<UnityEngine.Vector4>(T[],System.Int32,System.Comparison`1<T>)	mscorlib
Array_Sort_TisVector4_t3319028937_m2797285308_gshared	System.Void System.Array::Sort<UnityEngine.Vector4>(T[],System.Int32,System.Int32,System.Collections.Generic.IComparer`1<T>)	mscorlib
Array_swap_TisInt32_t2950945753_TisInt32_t2950945753_m844545456_gshared	System.Void System.Array::swap<System.Int32,System.Int32>(K[],V[],System.Int32,System.Int32)	mscorlib
Array_swap_TisInt32_t2950945753_m1434801513_gshared	System.Void System.Array::swap<System.Int32>(T[],System.Int32,System.Int32)	mscorlib
Array_swap_TisCustomAttributeNamedArgument_t287865710_TisCustomAttributeNamedArgument_t287865710_m881919420_gshared	System.Void System.Array::swap<System.Reflection.CustomAttributeNamedArgument,System.Reflection.CustomAttributeNamedArgument>(K[],V[],System.Int32,System.Int32)	mscorlib
Array_swap_TisCustomAttributeNamedArgument_t287865710_m2628186452_gshared	System.Void System.Array::swap<System.Reflection.CustomAttributeNamedArgument>(T[],System.Int32,System.Int32)	mscorlib
Array_swap_TisCustomAttributeTypedArgument_t2723150157_TisCustomAttributeTypedArgument_t2723150157_m365781156_gshared	System.Void System.Array::swap<System.Reflection.CustomAttributeTypedArgument,System.Reflection.CustomAttributeTypedArgument>(K[],V[],System.Int32,System.Int32)	mscorlib
Array_swap_TisCustomAttributeTypedArgument_t2723150157_m399037025_gshared	System.Void System.Array::swap<System.Reflection.CustomAttributeTypedArgument>(T[],System.Int32,System.Int32)	mscorlib
Array_swap_TisOrderBlock_t1585977831_TisOrderBlock_t1585977831_m1022164620_gshared	System.Void System.Array::swap<UnityEngine.BeforeRenderHelper/OrderBlock,UnityEngine.BeforeRenderHelper/OrderBlock>(K[],V[],System.Int32,System.Int32)	mscorlib
Array_swap_TisOrderBlock_t1585977831_m2373872313_gshared	System.Void System.Array::swap<UnityEngine.BeforeRenderHelper/OrderBlock>(T[],System.Int32,System.Int32)	mscorlib
Array_swap_TisColor32_t2600501292_TisColor32_t2600501292_m3946335354_gshared	System.Void System.Array::swap<UnityEngine.Color32,UnityEngine.Color32>(K[],V[],System.Int32,System.Int32)	mscorlib
Array_swap_TisColor32_t2600501292_m1370892172_gshared	System.Void System.Array::swap<UnityEngine.Color32>(T[],System.Int32,System.Int32)	mscorlib
Array_swap_TisRaycastResult_t3360306849_TisRaycastResult_t3360306849_m3400922624_gshared	System.Void System.Array::swap<UnityEngine.EventSystems.RaycastResult,UnityEngine.EventSystems.RaycastResult>(K[],V[],System.Int32,System.Int32)	mscorlib
Array_swap_TisRaycastResult_t3360306849_m1471156646_gshared	System.Void System.Array::swap<UnityEngine.EventSystems.RaycastResult>(T[],System.Int32,System.Int32)	mscorlib
Array_swap_TisRaycastHit_t1056001966_m1004856983_gshared	System.Void System.Array::swap<UnityEngine.RaycastHit>(T[],System.Int32,System.Int32)	mscorlib
Array_swap_TisUICharInfo_t75501106_TisUICharInfo_t75501106_m585514134_gshared	System.Void System.Array::swap<UnityEngine.UICharInfo,UnityEngine.UICharInfo>(K[],V[],System.Int32,System.Int32)	mscorlib
Array_swap_TisUICharInfo_t75501106_m3934244159_gshared	System.Void System.Array::swap<UnityEngine.UICharInfo>(T[],System.Int32,System.Int32)	mscorlib
Array_swap_TisUILineInfo_t4195266810_TisUILineInfo_t4195266810_m3310375275_gshared	System.Void System.Array::swap<UnityEngine.UILineInfo,UnityEngine.UILineInfo>(K[],V[],System.Int32,System.Int32)	mscorlib
Array_swap_TisUILineInfo_t4195266810_m270936006_gshared	System.Void System.Array::swap<UnityEngine.UILineInfo>(T[],System.Int32,System.Int32)	mscorlib
Array_swap_TisUIVertex_t4057497605_TisUIVertex_t4057497605_m2109706212_gshared	System.Void System.Array::swap<UnityEngine.UIVertex,UnityEngine.UIVertex>(K[],V[],System.Int32,System.Int32)	mscorlib
Array_swap_TisUIVertex_t4057497605_m790807762_gshared	System.Void System.Array::swap<UnityEngine.UIVertex>(T[],System.Int32,System.Int32)	mscorlib
Array_swap_TisVector2_t2156229523_TisVector2_t2156229523_m345092822_gshared	System.Void System.Array::swap<UnityEngine.Vector2,UnityEngine.Vector2>(K[],V[],System.Int32,System.Int32)	mscorlib
Array_swap_TisVector2_t2156229523_m1892649339_gshared	System.Void System.Array::swap<UnityEngine.Vector2>(T[],System.Int32,System.Int32)	mscorlib
Array_swap_TisVector3_t3722313464_TisVector3_t3722313464_m3112357809_gshared	System.Void System.Array::swap<UnityEngine.Vector3,UnityEngine.Vector3>(K[],V[],System.Int32,System.Int32)	mscorlib
Array_swap_TisVector3_t3722313464_m3753546221_gshared	System.Void System.Array::swap<UnityEngine.Vector3>(T[],System.Int32,System.Int32)	mscorlib
Array_swap_TisVector4_t3319028937_TisVector4_t3319028937_m2655697434_gshared	System.Void System.Array::swap<UnityEngine.Vector4,UnityEngine.Vector4>(K[],V[],System.Int32,System.Int32)	mscorlib
Array_swap_TisVector4_t3319028937_m1435064612_gshared	System.Void System.Array::swap<UnityEngine.Vector4>(T[],System.Int32,System.Int32)	mscorlib
Dictionary_2_Do_CopyTo_TisDictionaryEntry_t3123975638_TisDictionaryEntry_t3123975638_m1126292988_gshared	System.Void System.Collections.Generic.Dictionary`2<System.Int32,System.Object>::Do_CopyTo<System.Collections.DictionaryEntry,System.Collections.DictionaryEntry>(TElem[],System.Int32,System.Collections.Generic.Dictionary`2/Transform`1<TKey,TValue,TRet>)	mscorlib
Dictionary_2_Do_CopyTo_TisKeyValuePair_2_t71524366_TisKeyValuePair_2_t71524366_m3786648427_gshared	System.Void System.Collections.Generic.Dictionary`2<System.Int32,System.Object>::Do_CopyTo<System.Collections.Generic.KeyValuePair`2<System.Int32,System.Object>,System.Collections.Generic.KeyValuePair`2<System.Int32,System.Object>>(TElem[],System.Int32,System.Collections.Generic.Dictionary`2/Transform`1<TKey,TValue,TRet>)	mscorlib
Dictionary_2_Do_CopyTo_TisKeyValuePair_2_t71524366_TisRuntimeObject_m2292807765_gshared	System.Void System.Collections.Generic.Dictionary`2<System.Int32,System.Object>::Do_CopyTo<System.Collections.Generic.KeyValuePair`2<System.Int32,System.Object>,System.Object>(TElem[],System.Int32,System.Collections.Generic.Dictionary`2/Transform`1<TKey,TValue,TRet>)	mscorlib
Dictionary_2_Do_CopyTo_TisRuntimeObject_TisRuntimeObject_m2344529027_gshared	System.Void System.Collections.Generic.Dictionary`2<System.Int32,System.Object>::Do_CopyTo<System.Object,System.Object>(TElem[],System.Int32,System.Collections.Generic.Dictionary`2/Transform`1<TKey,TValue,TRet>)	mscorlib
Dictionary_2_Do_ICollectionCopyTo_TisKeyValuePair_2_t71524366_m795489160_gshared	System.Void System.Collections.Generic.Dictionary`2<System.Int32,System.Object>::Do_ICollectionCopyTo<System.Collections.Generic.KeyValuePair`2<System.Int32,System.Object>>(System.Array,System.Int32,System.Collections.Generic.Dictionary`2/Transform`1<TKey,TValue,TRet>)	mscorlib
Dictionary_2_Do_ICollectionCopyTo_TisRuntimeObject_m3233307772_gshared	System.Void System.Collections.Generic.Dictionary`2<System.Int32,System.Object>::Do_ICollectionCopyTo<System.Object>(System.Array,System.Int32,System.Collections.Generic.Dictionary`2/Transform`1<TKey,TValue,TRet>)	mscorlib
Dictionary_2_Do_CopyTo_TisDictionaryEntry_t3123975638_TisDictionaryEntry_t3123975638_m3342175092_gshared	System.Void System.Collections.Generic.Dictionary`2<System.IntPtr,System.Object>::Do_CopyTo<System.Collections.DictionaryEntry,System.Collections.DictionaryEntry>(TElem[],System.Int32,System.Collections.Generic.Dictionary`2/Transform`1<TKey,TValue,TRet>)	mscorlib
Dictionary_2_Do_CopyTo_TisKeyValuePair_2_t3699644050_TisKeyValuePair_2_t3699644050_m3191587108_gshared	System.Void System.Collections.Generic.Dictionary`2<System.IntPtr,System.Object>::Do_CopyTo<System.Collections.Generic.KeyValuePair`2<System.IntPtr,System.Object>,System.Collections.Generic.KeyValuePair`2<System.IntPtr,System.Object>>(TElem[],System.Int32,System.Collections.Generic.Dictionary`2/Transform`1<TKey,TValue,TRet>)	mscorlib
Dictionary_2_Do_CopyTo_TisKeyValuePair_2_t3699644050_TisRuntimeObject_m2224738096_gshared	System.Void System.Collections.Generic.Dictionary`2<System.IntPtr,System.Object>::Do_CopyTo<System.Collections.Generic.KeyValuePair`2<System.IntPtr,System.Object>,System.Object>(TElem[],System.Int32,System.Collections.Generic.Dictionary`2/Transform`1<TKey,TValue,TRet>)	mscorlib
Dictionary_2_Do_CopyTo_TisRuntimeObject_TisRuntimeObject_m4057022474_gshared	System.Void System.Collections.Generic.Dictionary`2<System.IntPtr,System.Object>::Do_CopyTo<System.Object,System.Object>(TElem[],System.Int32,System.Collections.Generic.Dictionary`2/Transform`1<TKey,TValue,TRet>)	mscorlib
Dictionary_2_Do_ICollectionCopyTo_TisKeyValuePair_2_t3699644050_m4159638770_gshared	System.Void System.Collections.Generic.Dictionary`2<System.IntPtr,System.Object>::Do_ICollectionCopyTo<System.Collections.Generic.KeyValuePair`2<System.IntPtr,System.Object>>(System.Array,System.Int32,System.Collections.Generic.Dictionary`2/Transform`1<TKey,TValue,TRet>)	mscorlib
Dictionary_2_Do_ICollectionCopyTo_TisRuntimeObject_m1855083806_gshared	System.Void System.Collections.Generic.Dictionary`2<System.IntPtr,System.Object>::Do_ICollectionCopyTo<System.Object>(System.Array,System.Int32,System.Collections.Generic.Dictionary`2/Transform`1<TKey,TValue,TRet>)	mscorlib
Dictionary_2_Do_CopyTo_TisBoolean_t97287965_TisBoolean_t97287965_m1437308888_gshared	System.Void System.Collections.Generic.Dictionary`2<System.Object,System.Boolean>::Do_CopyTo<System.Boolean,System.Boolean>(TElem[],System.Int32,System.Collections.Generic.Dictionary`2/Transform`1<TKey,TValue,TRet>)	mscorlib
Dictionary_2_Do_CopyTo_TisBoolean_t97287965_TisRuntimeObject_m2553524024_gshared	System.Void System.Collections.Generic.Dictionary`2<System.Object,System.Boolean>::Do_CopyTo<System.Boolean,System.Object>(TElem[],System.Int32,System.Collections.Generic.Dictionary`2/Transform`1<TKey,TValue,TRet>)	mscorlib
Dictionary_2_Do_CopyTo_TisDictionaryEntry_t3123975638_TisDictionaryEntry_t3123975638_m3122235210_gshared	System.Void System.Collections.Generic.Dictionary`2<System.Object,System.Boolean>::Do_CopyTo<System.Collections.DictionaryEntry,System.Collections.DictionaryEntry>(TElem[],System.Int32,System.Collections.Generic.Dictionary`2/Transform`1<TKey,TValue,TRet>)	mscorlib
Dictionary_2_Do_CopyTo_TisKeyValuePair_2_t3842366416_TisKeyValuePair_2_t3842366416_m2795443209_gshared	System.Void System.Collections.Generic.Dictionary`2<System.Object,System.Boolean>::Do_CopyTo<System.Collections.Generic.KeyValuePair`2<System.Object,System.Boolean>,System.Collections.Generic.KeyValuePair`2<System.Object,System.Boolean>>(TElem[],System.Int32,System.Collections.Generic.Dictionary`2/Transform`1<TKey,TValue,TRet>)	mscorlib
Dictionary_2_Do_CopyTo_TisKeyValuePair_2_t3842366416_TisRuntimeObject_m1564656153_gshared	System.Void System.Collections.Generic.Dictionary`2<System.Object,System.Boolean>::Do_CopyTo<System.Collections.Generic.KeyValuePair`2<System.Object,System.Boolean>,System.Object>(TElem[],System.Int32,System.Collections.Generic.Dictionary`2/Transform`1<TKey,TValue,TRet>)	mscorlib
Dictionary_2_Do_ICollectionCopyTo_TisBoolean_t97287965_m3600337818_gshared	System.Void System.Collections.Generic.Dictionary`2<System.Object,System.Boolean>::Do_ICollectionCopyTo<System.Boolean>(System.Array,System.Int32,System.Collections.Generic.Dictionary`2/Transform`1<TKey,TValue,TRet>)	mscorlib
Dictionary_2_Do_ICollectionCopyTo_TisKeyValuePair_2_t3842366416_m1399105608_gshared	System.Void System.Collections.Generic.Dictionary`2<System.Object,System.Boolean>::Do_ICollectionCopyTo<System.Collections.Generic.KeyValuePair`2<System.Object,System.Boolean>>(System.Array,System.Int32,System.Collections.Generic.Dictionary`2/Transform`1<TKey,TValue,TRet>)	mscorlib
Dictionary_2_Do_CopyTo_TisDictionaryEntry_t3123975638_TisDictionaryEntry_t3123975638_m1550005749_gshared	System.Void System.Collections.Generic.Dictionary`2<System.Object,System.Collections.Generic.KeyValuePair`2<UnityEngine.Rendering.CameraEvent,System.Object>>::Do_CopyTo<System.Collections.DictionaryEntry,System.Collections.DictionaryEntry>(TElem[],System.Int32,System.Collections.Generic.Dictionary`2/Transform`1<TKey,TValue,TRet>)	mscorlib
Dictionary_2_Do_CopyTo_TisKeyValuePair_2_t3747325428_TisKeyValuePair_2_t3747325428_m3518309220_gshared	System.Void System.Collections.Generic.Dictionary`2<System.Object,System.Collections.Generic.KeyValuePair`2<UnityEngine.Rendering.CameraEvent,System.Object>>::Do_CopyTo<System.Collections.Generic.KeyValuePair`2<System.Object,System.Collections.Generic.KeyValuePair`2<UnityEngine.Rendering.CameraEvent,System.Object>>,System.Collections.Generic.KeyValuePair`2<System.Object,System.Collections.Generic.KeyValuePair`2<UnityEngine.Rendering.CameraEvent,System.Object>>>(TElem[],System.Int32,System.Collections.Generic.Dictionary`2/Transform`1<TKey,TValue,TRet>)	mscorlib
Dictionary_2_Do_CopyTo_TisKeyValuePair_2_t3747325428_TisRuntimeObject_m3192809957_gshared	System.Void System.Collections.Generic.Dictionary`2<System.Object,System.Collections.Generic.KeyValuePair`2<UnityEngine.Rendering.CameraEvent,System.Object>>::Do_CopyTo<System.Collections.Generic.KeyValuePair`2<System.Object,System.Collections.Generic.KeyValuePair`2<UnityEngine.Rendering.CameraEvent,System.Object>>,System.Object>(TElem[],System.Int32,System.Collections.Generic.Dictionary`2/Transform`1<TKey,TValue,TRet>)	mscorlib
Dictionary_2_Do_CopyTo_TisKeyValuePair_2_t2246977_TisKeyValuePair_2_t2246977_m3734914412_gshared	System.Void System.Collections.Generic.Dictionary`2<System.Object,System.Collections.Generic.KeyValuePair`2<UnityEngine.Rendering.CameraEvent,System.Object>>::Do_CopyTo<System.Collections.Generic.KeyValuePair`2<UnityEngine.Rendering.CameraEvent,System.Object>,System.Collections.Generic.KeyValuePair`2<UnityEngine.Rendering.CameraEvent,System.Object>>(TElem[],System.Int32,System.Collections.Generic.Dictionary`2/Transform`1<TKey,TValue,TRet>)	mscorlib
Dictionary_2_Do_CopyTo_TisKeyValuePair_2_t2246977_TisRuntimeObject_m4247248746_gshared	System.Void System.Collections.Generic.Dictionary`2<System.Object,System.Collections.Generic.KeyValuePair`2<UnityEngine.Rendering.CameraEvent,System.Object>>::Do_CopyTo<System.Collections.Generic.KeyValuePair`2<UnityEngine.Rendering.CameraEvent,System.Object>,System.Object>(TElem[],System.Int32,System.Collections.Generic.Dictionary`2/Transform`1<TKey,TValue,TRet>)	mscorlib
Dictionary_2_Do_ICollectionCopyTo_TisKeyValuePair_2_t3747325428_m376039410_gshared	System.Void System.Collections.Generic.Dictionary`2<System.Object,System.Collections.Generic.KeyValuePair`2<UnityEngine.Rendering.CameraEvent,System.Object>>::Do_ICollectionCopyTo<System.Collections.Generic.KeyValuePair`2<System.Object,System.Collections.Generic.KeyValuePair`2<UnityEngine.Rendering.CameraEvent,System.Object>>>(System.Array,System.Int32,System.Collections.Generic.Dictionary`2/Transform`1<TKey,TValue,TRet>)	mscorlib
Dictionary_2_Do_ICollectionCopyTo_TisKeyValuePair_2_t2246977_m2825557923_gshared	System.Void System.Collections.Generic.Dictionary`2<System.Object,System.Collections.Generic.KeyValuePair`2<UnityEngine.Rendering.CameraEvent,System.Object>>::Do_ICollectionCopyTo<System.Collections.Generic.KeyValuePair`2<UnityEngine.Rendering.CameraEvent,System.Object>>(System.Array,System.Int32,System.Collections.Generic.Dictionary`2/Transform`1<TKey,TValue,TRet>)	mscorlib
Dictionary_2_Do_CopyTo_TisDictionaryEntry_t3123975638_TisDictionaryEntry_t3123975638_m3300127835_gshared	System.Void System.Collections.Generic.Dictionary`2<System.Object,System.Int32>::Do_CopyTo<System.Collections.DictionaryEntry,System.Collections.DictionaryEntry>(TElem[],System.Int32,System.Collections.Generic.Dictionary`2/Transform`1<TKey,TValue,TRet>)	mscorlib
Dictionary_2_Do_CopyTo_TisKeyValuePair_2_t2401056908_TisKeyValuePair_2_t2401056908_m676905794_gshared	System.Void System.Collections.Generic.Dictionary`2<System.Object,System.Int32>::Do_CopyTo<System.Collections.Generic.KeyValuePair`2<System.Object,System.Int32>,System.Collections.Generic.KeyValuePair`2<System.Object,System.Int32>>(TElem[],System.Int32,System.Collections.Generic.Dictionary`2/Transform`1<TKey,TValue,TRet>)	mscorlib
Dictionary_2_Do_CopyTo_TisKeyValuePair_2_t2401056908_TisRuntimeObject_m4084399341_gshared	System.Void System.Collections.Generic.Dictionary`2<System.Object,System.Int32>::Do_CopyTo<System.Collections.Generic.KeyValuePair`2<System.Object,System.Int32>,System.Object>(TElem[],System.Int32,System.Collections.Generic.Dictionary`2/Transform`1<TKey,TValue,TRet>)	mscorlib
Dictionary_2_Do_CopyTo_TisInt32_t2950945753_TisInt32_t2950945753_m3384108308_gshared	System.Void System.Collections.Generic.Dictionary`2<System.Object,System.Int32>::Do_CopyTo<System.Int32,System.Int32>(TElem[],System.Int32,System.Collections.Generic.Dictionary`2/Transform`1<TKey,TValue,TRet>)	mscorlib
Dictionary_2_Do_CopyTo_TisInt32_t2950945753_TisRuntimeObject_m3783191429_gshared	System.Void System.Collections.Generic.Dictionary`2<System.Object,System.Int32>::Do_CopyTo<System.Int32,System.Object>(TElem[],System.Int32,System.Collections.Generic.Dictionary`2/Transform`1<TKey,TValue,TRet>)	mscorlib
Dictionary_2_Do_ICollectionCopyTo_TisKeyValuePair_2_t2401056908_m1169495264_gshared	System.Void System.Collections.Generic.Dictionary`2<System.Object,System.Int32>::Do_ICollectionCopyTo<System.Collections.Generic.KeyValuePair`2<System.Object,System.Int32>>(System.Array,System.Int32,System.Collections.Generic.Dictionary`2/Transform`1<TKey,TValue,TRet>)	mscorlib
Dictionary_2_Do_ICollectionCopyTo_TisInt32_t2950945753_m1134171305_gshared	System.Void System.Collections.Generic.Dictionary`2<System.Object,System.Int32>::Do_ICollectionCopyTo<System.Int32>(System.Array,System.Int32,System.Collections.Generic.Dictionary`2/Transform`1<TKey,TValue,TRet>)	mscorlib
Dictionary_2_Do_CopyTo_TisDictionaryEntry_t3123975638_TisDictionaryEntry_t3123975638_m3864993650_gshared	System.Void System.Collections.Generic.Dictionary`2<System.Object,System.Object>::Do_CopyTo<System.Collections.DictionaryEntry,System.Collections.DictionaryEntry>(TElem[],System.Int32,System.Collections.Generic.Dictionary`2/Transform`1<TKey,TValue,TRet>)	mscorlib
Dictionary_2_Do_CopyTo_TisKeyValuePair_2_t2530217319_TisKeyValuePair_2_t2530217319_m985448706_gshared	System.Void System.Collections.Generic.Dictionary`2<System.Object,System.Object>::Do_CopyTo<System.Collections.Generic.KeyValuePair`2<System.Object,System.Object>,System.Collections.Generic.KeyValuePair`2<System.Object,System.Object>>(TElem[],System.Int32,System.Collections.Generic.Dictionary`2/Transform`1<TKey,TValue,TRet>)	mscorlib
Dictionary_2_Do_CopyTo_TisKeyValuePair_2_t2530217319_TisRuntimeObject_m311023789_gshared	System.Void System.Collections.Generic.Dictionary`2<System.Object,System.Object>::Do_CopyTo<System.Collections.Generic.KeyValuePair`2<System.Object,System.Object>,System.Object>(TElem[],System.Int32,System.Collections.Generic.Dictionary`2/Transform`1<TKey,TValue,TRet>)	mscorlib
Dictionary_2_Do_ICollectionCopyTo_TisKeyValuePair_2_t2530217319_m1439704807_gshared	System.Void System.Collections.Generic.Dictionary`2<System.Object,System.Object>::Do_ICollectionCopyTo<System.Collections.Generic.KeyValuePair`2<System.Object,System.Object>>(System.Array,System.Int32,System.Collections.Generic.Dictionary`2/Transform`1<TKey,TValue,TRet>)	mscorlib
BaseInvokableCall_ThrowOnInvalidArg_TisBoolean_t97287965_m3019671566_gshared	System.Void UnityEngine.Events.BaseInvokableCall::ThrowOnInvalidArg<System.Boolean>(System.Object)	UnityEngine.CoreModule
BaseInvokableCall_ThrowOnInvalidArg_TisInt32_t2950945753_m635860201_gshared	System.Void UnityEngine.Events.BaseInvokableCall::ThrowOnInvalidArg<System.Int32>(System.Object)	UnityEngine.CoreModule
BaseInvokableCall_ThrowOnInvalidArg_TisSingle_t1397266774_m3110598205_gshared	System.Void UnityEngine.Events.BaseInvokableCall::ThrowOnInvalidArg<System.Single>(System.Object)	UnityEngine.CoreModule
BaseInvokableCall_ThrowOnInvalidArg_TisColor_t2555686324_m2926971203_gshared	System.Void UnityEngine.Events.BaseInvokableCall::ThrowOnInvalidArg<UnityEngine.Color>(System.Object)	UnityEngine.CoreModule
BaseInvokableCall_ThrowOnInvalidArg_TisVector2_t2156229523_m2162634795_gshared	System.Void UnityEngine.Events.BaseInvokableCall::ThrowOnInvalidArg<UnityEngine.Vector2>(System.Object)	UnityEngine.CoreModule
GameObject_GetComponents_TisRuntimeObject_m1246177135_gshared	System.Void UnityEngine.GameObject::GetComponents<UnityEngine.Component>(System.Collections.Generic.List`1<!!0>)	UnityEngine.UI
Mesh_SetListForChannel_TisVector2_t2156229523_m2884693793_gshared	System.Void UnityEngine.Mesh::SetListForChannel<UnityEngine.Vector2>(UnityEngine.Mesh/InternalShaderChannel,UnityEngine.Mesh/InternalVertexChannelType,System.Int32,System.Collections.Generic.List`1<T>)	UnityEngine.CoreModule
Dictionary_2_TryGetValue_m1097097881_gshared	System.Boolean System.Collections.Generic.Dictionary`2<System.Type,System.Collections.Generic.KeyValuePair`2<UnityEngine.Rendering.CameraEvent,UnityEngine.Rendering.CommandBuffer>>::TryGetValue(!0,!1&)	Assembly-CSharp
Dictionary_2_Remove_m1725473522_gshared	System.Boolean System.Collections.Generic.Dictionary`2<System.Type,System.Collections.Generic.KeyValuePair`2<UnityEngine.Rendering.CameraEvent,UnityEngine.Rendering.CommandBuffer>>::Remove(!0)	Assembly-CSharp
Array_InternalArray__get_Item_TisTableRange_t3332867892_m1483480711_gshared	T System.Array::InternalArray__get_Item<Mono.Globalization.Unicode.CodePointIndexer/TableRange>(System.Int32)	mscorlib
Array_InternalArray__get_Item_TisClientCertificateType_t1004704908_m2297379651_gshared	T System.Array::InternalArray__get_Item<Mono.Security.Protocol.Tls.Handshake.ClientCertificateType>(System.Int32)	mscorlib
Array_InternalArray__get_Item_TisBoolean_t97287965_m1407010309_gshared	T System.Array::InternalArray__get_Item<System.Boolean>(System.Int32)	mscorlib
Array_InternalArray__get_Item_TisByte_t1134296376_m3566214066_gshared	T System.Array::InternalArray__get_Item<System.Byte>(System.Int32)	mscorlib
Array_InternalArray__get_Item_TisChar_t3634460470_m324132692_gshared	T System.Array::InternalArray__get_Item<System.Char>(System.Int32)	mscorlib
Array_InternalArray__get_Item_TisDictionaryEntry_t3123975638_m479537688_gshared	T System.Array::InternalArray__get_Item<System.Collections.DictionaryEntry>(System.Int32)	mscorlib
Array_InternalArray__get_Item_TisLink_t3209266973_m1574224299_gshared	T System.Array::InternalArray__get_Item<System.Collections.Generic.HashSet`1/Link<System.Object>>(System.Int32)	mscorlib
Array_InternalArray__get_Item_TisKeyValuePair_2_t71524366_m252172060_gshared	T System.Array::InternalArray__get_Item<System.Collections.Generic.KeyValuePair`2<System.Int32,System.Object>>(System.Int32)	mscorlib
Array_InternalArray__get_Item_TisKeyValuePair_2_t3699644050_m2010289903_gshared	T System.Array::InternalArray__get_Item<System.Collections.Generic.KeyValuePair`2<System.IntPtr,System.Object>>(System.Int32)	mscorlib
Array_InternalArray__get_Item_TisKeyValuePair_2_t3842366416_m3937535230_gshared	T System.Array::InternalArray__get_Item<System.Collections.Generic.KeyValuePair`2<System.Object,System.Boolean>>(System.Int32)	mscorlib
Array_InternalArray__get_Item_TisKeyValuePair_2_t3747325428_m3220729495_gshared	T System.Array::InternalArray__get_Item<System.Collections.Generic.KeyValuePair`2<System.Object,System.Collections.Generic.KeyValuePair`2<UnityEngine.Rendering.CameraEvent,System.Object>>>(System.Int32)	mscorlib
Array_InternalArray__get_Item_TisKeyValuePair_2_t2401056908_m3647027688_gshared	T System.Array::InternalArray__get_Item<System.Collections.Generic.KeyValuePair`2<System.Object,System.Int32>>(System.Int32)	mscorlib
Array_InternalArray__get_Item_TisKeyValuePair_2_t2530217319_m2886833132_gshared	T System.Array::InternalArray__get_Item<System.Collections.Generic.KeyValuePair`2<System.Object,System.Object>>(System.Int32)	mscorlib
Array_InternalArray__get_Item_TisKeyValuePair_2_t2246977_m1199377594_gshared	T System.Array::InternalArray__get_Item<System.Collections.Generic.KeyValuePair`2<UnityEngine.Rendering.CameraEvent,System.Object>>(System.Int32)	mscorlib
Array_InternalArray__get_Item_TisLink_t544317964_m1669566993_gshared	T System.Array::InternalArray__get_Item<System.Collections.Generic.Link>(System.Int32)	mscorlib
Array_InternalArray__get_Item_TisSlot_t3975888750_m905303097_gshared	T System.Array::InternalArray__get_Item<System.Collections.Hashtable/Slot>(System.Int32)	mscorlib
Array_InternalArray__get_Item_TisSlot_t384495010_m2861978404_gshared	T System.Array::InternalArray__get_Item<System.Collections.SortedList/Slot>(System.Int32)	mscorlib
Array_InternalArray__get_Item_TisDateTime_t3738529785_m623181444_gshared	T System.Array::InternalArray__get_Item<System.DateTime>(System.Int32)	mscorlib
Array_InternalArray__get_Item_TisDecimal_t2948259380_m3511003792_gshared	T System.Array::InternalArray__get_Item<System.Decimal>(System.Int32)	mscorlib
Array_InternalArray__get_Item_TisDouble_t594665363_m850827605_gshared	T System.Array::InternalArray__get_Item<System.Double>(System.Int32)	mscorlib
Array_InternalArray__get_Item_TisInt16_t2552820387_m76930473_gshared	T System.Array::InternalArray__get_Item<System.Int16>(System.Int32)	mscorlib
Array_InternalArray__get_Item_TisInt32_t2950945753_m714868479_gshared	T System.Array::InternalArray__get_Item<System.Int32>(System.Int32)	mscorlib
Array_InternalArray__get_Item_TisInt64_t3736567304_m3562990826_gshared	T System.Array::InternalArray__get_Item<System.Int64>(System.Int32)	mscorlib
Array_InternalArray__get_Item_TisIntPtr_t_m784054003_gshared	T System.Array::InternalArray__get_Item<System.IntPtr>(System.Int32)	mscorlib
Array_InternalArray__get_Item_TisCustomAttributeNamedArgument_t287865710_m2282658220_gshared	T System.Array::InternalArray__get_Item<System.Reflection.CustomAttributeNamedArgument>(System.Int32)	mscorlib
Array_InternalArray__get_Item_TisCustomAttributeTypedArgument_t2723150157_m2639399822_gshared	T System.Array::InternalArray__get_Item<System.Reflection.CustomAttributeTypedArgument>(System.Int32)	mscorlib
Array_InternalArray__get_Item_TisLabelData_t360167391_m1054702781_gshared	T System.Array::InternalArray__get_Item<System.Reflection.Emit.ILGenerator/LabelData>(System.Int32)	mscorlib
Array_InternalArray__get_Item_TisLabelFixup_t858502054_m3276643490_gshared	T System.Array::InternalArray__get_Item<System.Reflection.Emit.ILGenerator/LabelFixup>(System.Int32)	mscorlib
Array_InternalArray__get_Item_TisILTokenInfo_t2325775114_m3110830457_gshared	T System.Array::InternalArray__get_Item<System.Reflection.Emit.ILTokenInfo>(System.Int32)	mscorlib
Array_InternalArray__get_Item_TisMonoResource_t4103430009_m2937222811_gshared	T System.Array::InternalArray__get_Item<System.Reflection.Emit.MonoResource>(System.Int32)	mscorlib
Array_InternalArray__get_Item_TisRefEmitPermissionSet_t484390987_m1505876205_gshared	T System.Array::InternalArray__get_Item<System.Reflection.Emit.RefEmitPermissionSet>(System.Int32)	mscorlib
Array_InternalArray__get_Item_TisParameterModifier_t1461694466_m29553316_gshared	T System.Array::InternalArray__get_Item<System.Reflection.ParameterModifier>(System.Int32)	mscorlib
Array_InternalArray__get_Item_TisResourceCacheItem_t51292791_m1306056717_gshared	T System.Array::InternalArray__get_Item<System.Resources.ResourceReader/ResourceCacheItem>(System.Int32)	mscorlib
Array_InternalArray__get_Item_TisResourceInfo_t2872965302_m3865610257_gshared	T System.Array::InternalArray__get_Item<System.Resources.ResourceReader/ResourceInfo>(System.Int32)	mscorlib
Array_InternalArray__get_Item_TisTypeTag_t3541821701_m4208350471_gshared	T System.Array::InternalArray__get_Item<System.Runtime.Serialization.Formatters.Binary.TypeTag>(System.Int32)	mscorlib
Array_InternalArray__get_Item_TisSByte_t1669577662_m2349608172_gshared	T System.Array::InternalArray__get_Item<System.SByte>(System.Int32)	mscorlib
Array_InternalArray__get_Item_TisX509ChainStatus_t133602714_m2237651489_gshared	T System.Array::InternalArray__get_Item<System.Security.Cryptography.X509Certificates.X509ChainStatus>(System.Int32)	mscorlib
Array_InternalArray__get_Item_TisSingle_t1397266774_m1672589487_gshared	T System.Array::InternalArray__get_Item<System.Single>(System.Int32)	mscorlib
Array_InternalArray__get_Item_TisMark_t3471605523_m3397473850_gshared	T System.Array::InternalArray__get_Item<System.Text.RegularExpressions.Mark>(System.Int32)	mscorlib
Array_InternalArray__get_Item_TisTimeSpan_t881159249_m1885583191_gshared	T System.Array::InternalArray__get_Item<System.TimeSpan>(System.Int32)	mscorlib
Array_InternalArray__get_Item_TisUInt16_t2177724958_m3601205466_gshared	T System.Array::InternalArray__get_Item<System.UInt16>(System.Int32)	mscorlib
Array_InternalArray__get_Item_TisUInt32_t2560061978_m1955195035_gshared	T System.Array::InternalArray__get_Item<System.UInt32>(System.Int32)	mscorlib
Array_InternalArray__get_Item_TisUInt64_t4134040092_m129291315_gshared	T System.Array::InternalArray__get_Item<System.UInt64>(System.Int32)	mscorlib
Array_InternalArray__get_Item_TisUriScheme_t722425697_m2816273040_gshared	T System.Array::InternalArray__get_Item<System.Uri/UriScheme>(System.Int32)	mscorlib
Array_InternalArray__get_Item_TisOrderBlock_t1585977831_m2406385050_gshared	T System.Array::InternalArray__get_Item<UnityEngine.BeforeRenderHelper/OrderBlock>(System.Int32)	mscorlib
Array_InternalArray__get_Item_TisColor_t2555686324_m2985413820_gshared	T System.Array::InternalArray__get_Item<UnityEngine.Color>(System.Int32)	mscorlib
Array_InternalArray__get_Item_TisColor32_t2600501292_m1325986122_gshared	T System.Array::InternalArray__get_Item<UnityEngine.Color32>(System.Int32)	mscorlib
Array_InternalArray__get_Item_TisContactPoint_t3758755253_m2489897608_gshared	T System.Array::InternalArray__get_Item<UnityEngine.ContactPoint>(System.Int32)	mscorlib
Array_InternalArray__get_Item_TisRaycastResult_t3360306849_m1872700081_gshared	T System.Array::InternalArray__get_Item<UnityEngine.EventSystems.RaycastResult>(System.Int32)	mscorlib
Array_InternalArray__get_Item_TisKeyframe_t4206410242_m27698365_gshared	T System.Array::InternalArray__get_Item<UnityEngine.Keyframe>(System.Int32)	mscorlib
Array_InternalArray__get_Item_TisPlayableBinding_t354260709_m3837494573_gshared	T System.Array::InternalArray__get_Item<UnityEngine.Playables.PlayableBinding>(System.Int32)	mscorlib
Array_InternalArray__get_Item_TisFxaaConsoleSettings_t950185286_m2455230691_gshared	T System.Array::InternalArray__get_Item<UnityEngine.PostProcessing.AntialiasingModel/FxaaConsoleSettings>(System.Int32)	mscorlib
Array_InternalArray__get_Item_TisFxaaQualitySettings_t1558211909_m4144998962_gshared	T System.Array::InternalArray__get_Item<UnityEngine.PostProcessing.AntialiasingModel/FxaaQualitySettings>(System.Int32)	mscorlib
Array_InternalArray__get_Item_TisFrame_t295908221_m792120029_gshared	T System.Array::InternalArray__get_Item<UnityEngine.PostProcessing.MotionBlurComponent/FrameBlendingFilter/Frame>(System.Int32)	mscorlib
Array_InternalArray__get_Item_TisRaycastHit_t1056001966_m3352067444_gshared	T System.Array::InternalArray__get_Item<UnityEngine.RaycastHit>(System.Int32)	mscorlib
Array_InternalArray__get_Item_TisRaycastHit2D_t2279581989_m2440275162_gshared	T System.Array::InternalArray__get_Item<UnityEngine.RaycastHit2D>(System.Int32)	mscorlib
Array_InternalArray__get_Item_TisRenderBuffer_t586150500_m686729538_gshared	T System.Array::InternalArray__get_Item<UnityEngine.RenderBuffer>(System.Int32)	mscorlib
Array_InternalArray__get_Item_TisRenderTargetIdentifier_t2079184500_m4172643256_gshared	T System.Array::InternalArray__get_Item<UnityEngine.Rendering.RenderTargetIdentifier>(System.Int32)	mscorlib
Array_InternalArray__get_Item_TisRenderTextureFormat_t962350765_m925159806_gshared	T System.Array::InternalArray__get_Item<UnityEngine.RenderTextureFormat>(System.Int32)	mscorlib
Array_InternalArray__get_Item_TisHitInfo_t3229609740_m2260995172_gshared	T System.Array::InternalArray__get_Item<UnityEngine.SendMouseEvents/HitInfo>(System.Int32)	mscorlib
Array_InternalArray__get_Item_TisContentType_t1787303396_m421427711_gshared	T System.Array::InternalArray__get_Item<UnityEngine.UI.InputField/ContentType>(System.Int32)	mscorlib
Array_InternalArray__get_Item_TisUICharInfo_t75501106_m1797321427_gshared	T System.Array::InternalArray__get_Item<UnityEngine.UICharInfo>(System.Int32)	mscorlib
Array_InternalArray__get_Item_TisUILineInfo_t4195266810_m1305614921_gshared	T System.Array::InternalArray__get_Item<UnityEngine.UILineInfo>(System.Int32)	mscorlib
Array_InternalArray__get_Item_TisUIVertex_t4057497605_m289307453_gshared	T System.Array::InternalArray__get_Item<UnityEngine.UIVertex>(System.Int32)	mscorlib
Array_InternalArray__get_Item_TisWorkRequest_t1354518612_m2694410850_gshared	T System.Array::InternalArray__get_Item<UnityEngine.UnitySynchronizationContext/WorkRequest>(System.Int32)	mscorlib
Array_InternalArray__get_Item_TisVector2_t2156229523_m2502961026_gshared	T System.Array::InternalArray__get_Item<UnityEngine.Vector2>(System.Int32)	mscorlib
Array_InternalArray__get_Item_TisVector3_t3722313464_m2720091419_gshared	T System.Array::InternalArray__get_Item<UnityEngine.Vector3>(System.Int32)	mscorlib
Array_InternalArray__get_Item_TisVector4_t3319028937_m1117939728_gshared	T System.Array::InternalArray__get_Item<UnityEngine.Vector4>(System.Int32)	mscorlib
Mesh_GetAllocArrayFromChannel_TisVector2_t2156229523_m1394090975_gshared	T[] UnityEngine.Mesh::GetAllocArrayFromChannel<UnityEngine.Vector2>(UnityEngine.Mesh/InternalShaderChannel,UnityEngine.Mesh/InternalVertexChannelType,System.Int32)	UnityEngine.CoreModule
Mesh_GetAllocArrayFromChannel_TisVector3_t3722313464_m2332439905_gshared	T[] UnityEngine.Mesh::GetAllocArrayFromChannel<UnityEngine.Vector3>(UnityEngine.Mesh/InternalShaderChannel,UnityEngine.Mesh/InternalVertexChannelType,System.Int32)	UnityEngine.CoreModule
Mesh_GetAllocArrayFromChannel_TisVector4_t3319028937_m1010044762_gshared	T[] UnityEngine.Mesh::GetAllocArrayFromChannel<UnityEngine.Vector4>(UnityEngine.Mesh/InternalShaderChannel,UnityEngine.Mesh/InternalVertexChannelType,System.Int32)	UnityEngine.CoreModule
List_1_get_Item_m2287542950_gshared	!0 System.Collections.Generic.List`1<UnityEngine.Transform>::get_Item(System.Int32)	UnityEngine.UI
List_1_get_Count_m2934127733_gshared	System.Int32 System.Collections.Generic.List`1<UnityEngine.Transform>::get_Count()	UnityEngine.UI
KeyValuePair_2__ctor_m3474867627_AdjustorThunk	System.Void System.Collections.Generic.KeyValuePair`2<UnityEngine.Rendering.CameraEvent,UnityEngine.Rendering.CommandBuffer>::.ctor(!0,!1)	Assembly-CSharp
Dictionary_2_Add_m2722281220_gshared	System.Void System.Collections.Generic.Dictionary`2<System.Type,System.Collections.Generic.KeyValuePair`2<UnityEngine.Rendering.CameraEvent,UnityEngine.Rendering.CommandBuffer>>::Add(!0,!1)	Assembly-CSharp
U3CGetEnumeratorU3Ec__Iterator0__ctor_m3941491744_gshared	System.Void System.Array/ArrayReadOnlyList`1/<GetEnumerator>c__Iterator0<System.Reflection.CustomAttributeNamedArgument>::.ctor()	mscorlib
U3CGetEnumeratorU3Ec__Iterator0_System_Collections_Generic_IEnumeratorU3CTU3E_get_Current_m52354244_gshared	T System.Array/ArrayReadOnlyList`1/<GetEnumerator>c__Iterator0<System.Reflection.CustomAttributeNamedArgument>::System.Collections.Generic.IEnumerator<T>.get_Current()	mscorlib
U3CGetEnumeratorU3Ec__Iterator0_System_Collections_IEnumerator_get_Current_m1580332103_gshared	System.Object System.Array/ArrayReadOnlyList`1/<GetEnumerator>c__Iterator0<System.Reflection.CustomAttributeNamedArgument>::System.Collections.IEnumerator.get_Current()	mscorlib
U3CGetEnumeratorU3Ec__Iterator0_MoveNext_m1358891892_gshared	System.Boolean System.Array/ArrayReadOnlyList`1/<GetEnumerator>c__Iterator0<System.Reflection.CustomAttributeNamedArgument>::MoveNext()	mscorlib
U3CGetEnumeratorU3Ec__Iterator0_Dispose_m1800277885_gshared	System.Void System.Array/ArrayReadOnlyList`1/<GetEnumerator>c__Iterator0<System.Reflection.CustomAttributeNamedArgument>::Dispose()	mscorlib
U3CGetEnumeratorU3Ec__Iterator0_Reset_m2500457056_gshared	System.Void System.Array/ArrayReadOnlyList`1/<GetEnumerator>c__Iterator0<System.Reflection.CustomAttributeNamedArgument>::Reset()	mscorlib
U3CGetEnumeratorU3Ec__Iterator0__ctor_m1150758267_gshared	System.Void System.Array/ArrayReadOnlyList`1/<GetEnumerator>c__Iterator0<System.Reflection.CustomAttributeTypedArgument>::.ctor()	mscorlib
U3CGetEnumeratorU3Ec__Iterator0_System_Collections_Generic_IEnumeratorU3CTU3E_get_Current_m1566629109_gshared	T System.Array/ArrayReadOnlyList`1/<GetEnumerator>c__Iterator0<System.Reflection.CustomAttributeTypedArgument>::System.Collections.Generic.IEnumerator<T>.get_Current()	mscorlib
U3CGetEnumeratorU3Ec__Iterator0_System_Collections_IEnumerator_get_Current_m283764921_gshared	System.Object System.Array/ArrayReadOnlyList`1/<GetEnumerator>c__Iterator0<System.Reflection.CustomAttributeTypedArgument>::System.Collections.IEnumerator.get_Current()	mscorlib
U3CGetEnumeratorU3Ec__Iterator0_MoveNext_m1185613002_gshared	System.Boolean System.Array/ArrayReadOnlyList`1/<GetEnumerator>c__Iterator0<System.Reflection.CustomAttributeTypedArgument>::MoveNext()	mscorlib
U3CGetEnumeratorU3Ec__Iterator0_Dispose_m3298287955_gshared	System.Void System.Array/ArrayReadOnlyList`1/<GetEnumerator>c__Iterator0<System.Reflection.CustomAttributeTypedArgument>::Dispose()	mscorlib
U3CGetEnumeratorU3Ec__Iterator0_Reset_m1192421843_gshared	System.Void System.Array/ArrayReadOnlyList`1/<GetEnumerator>c__Iterator0<System.Reflection.CustomAttributeTypedArgument>::Reset()	mscorlib
ArrayReadOnlyList_1__ctor_m2942507207_gshared	System.Void System.Array/ArrayReadOnlyList`1<System.Reflection.CustomAttributeNamedArgument>::.ctor(T[])	mscorlib
ArrayReadOnlyList_1_System_Collections_IEnumerable_GetEnumerator_m3164285357_gshared	System.Collections.IEnumerator System.Array/ArrayReadOnlyList`1<System.Reflection.CustomAttributeNamedArgument>::System.Collections.IEnumerable.GetEnumerator()	mscorlib
ArrayReadOnlyList_1_get_Item_m1974867852_gshared	T System.Array/ArrayReadOnlyList`1<System.Reflection.CustomAttributeNamedArgument>::get_Item(System.Int32)	mscorlib
ArrayReadOnlyList_1_set_Item_m1428008044_gshared	System.Void System.Array/ArrayReadOnlyList`1<System.Reflection.CustomAttributeNamedArgument>::set_Item(System.Int32,T)	mscorlib
ArrayReadOnlyList_1_get_Count_m2463504623_gshared	System.Int32 System.Array/ArrayReadOnlyList`1<System.Reflection.CustomAttributeNamedArgument>::get_Count()	mscorlib
ArrayReadOnlyList_1_get_IsReadOnly_m2046554184_gshared	System.Boolean System.Array/ArrayReadOnlyList`1<System.Reflection.CustomAttributeNamedArgument>::get_IsReadOnly()	mscorlib
ArrayReadOnlyList_1_Add_m3112646016_gshared	System.Void System.Array/ArrayReadOnlyList`1<System.Reflection.CustomAttributeNamedArgument>::Add(T)	mscorlib
ArrayReadOnlyList_1_Clear_m638462730_gshared	System.Void System.Array/ArrayReadOnlyList`1<System.Reflection.CustomAttributeNamedArgument>::Clear()	mscorlib
ArrayReadOnlyList_1_Contains_m232667507_gshared	System.Boolean System.Array/ArrayReadOnlyList`1<System.Reflection.CustomAttributeNamedArgument>::Contains(T)	mscorlib
ArrayReadOnlyList_1_CopyTo_m1127871639_gshared	System.Void System.Array/ArrayReadOnlyList`1<System.Reflection.CustomAttributeNamedArgument>::CopyTo(T[],System.Int32)	mscorlib
ArrayReadOnlyList_1_GetEnumerator_m3931906247_gshared	System.Collections.Generic.IEnumerator`1<T> System.Array/ArrayReadOnlyList`1<System.Reflection.CustomAttributeNamedArgument>::GetEnumerator()	mscorlib
ArrayReadOnlyList_1_IndexOf_m1911574180_gshared	System.Int32 System.Array/ArrayReadOnlyList`1<System.Reflection.CustomAttributeNamedArgument>::IndexOf(T)	mscorlib
ArrayReadOnlyList_1_Insert_m587555490_gshared	System.Void System.Array/ArrayReadOnlyList`1<System.Reflection.CustomAttributeNamedArgument>::Insert(System.Int32,T)	mscorlib
ArrayReadOnlyList_1_Remove_m439579722_gshared	System.Boolean System.Array/ArrayReadOnlyList`1<System.Reflection.CustomAttributeNamedArgument>::Remove(T)	mscorlib
ArrayReadOnlyList_1_RemoveAt_m3226254084_gshared	System.Void System.Array/ArrayReadOnlyList`1<System.Reflection.CustomAttributeNamedArgument>::RemoveAt(System.Int32)	mscorlib
ArrayReadOnlyList_1_ReadOnlyError_m3555240367_gshared	System.Exception System.Array/ArrayReadOnlyList`1<System.Reflection.CustomAttributeNamedArgument>::ReadOnlyError()	mscorlib
ArrayReadOnlyList_1__ctor_m556992429_gshared	System.Void System.Array/ArrayReadOnlyList`1<System.Reflection.CustomAttributeTypedArgument>::.ctor(T[])	mscorlib
ArrayReadOnlyList_1_System_Collections_IEnumerable_GetEnumerator_m1143471103_gshared	System.Collections.IEnumerator System.Array/ArrayReadOnlyList`1<System.Reflection.CustomAttributeTypedArgument>::System.Collections.IEnumerable.GetEnumerator()	mscorlib
ArrayReadOnlyList_1_get_Item_m4135188594_gshared	T System.Array/ArrayReadOnlyList`1<System.Reflection.CustomAttributeTypedArgument>::get_Item(System.Int32)	mscorlib
ArrayReadOnlyList_1_set_Item_m3769996290_gshared	System.Void System.Array/ArrayReadOnlyList`1<System.Reflection.CustomAttributeTypedArgument>::set_Item(System.Int32,T)	mscorlib
ArrayReadOnlyList_1_get_Count_m2924672952_gshared	System.Int32 System.Array/ArrayReadOnlyList`1<System.Reflection.CustomAttributeTypedArgument>::get_Count()	mscorlib
ArrayReadOnlyList_1_get_IsReadOnly_m467578319_gshared	System.Boolean System.Array/ArrayReadOnlyList`1<System.Reflection.CustomAttributeTypedArgument>::get_IsReadOnly()	mscorlib
ArrayReadOnlyList_1_Add_m302584359_gshared	System.Void System.Array/ArrayReadOnlyList`1<System.Reflection.CustomAttributeTypedArgument>::Add(T)	mscorlib
ArrayReadOnlyList_1_Clear_m337906083_gshared	System.Void System.Array/ArrayReadOnlyList`1<System.Reflection.CustomAttributeTypedArgument>::Clear()	mscorlib
ArrayReadOnlyList_1_Contains_m2459654648_gshared	System.Boolean System.Array/ArrayReadOnlyList`1<System.Reflection.CustomAttributeTypedArgument>::Contains(T)	mscorlib
ArrayReadOnlyList_1_CopyTo_m1534406454_gshared	System.Void System.Array/ArrayReadOnlyList`1<System.Reflection.CustomAttributeTypedArgument>::CopyTo(T[],System.Int32)	mscorlib
ArrayReadOnlyList_1_GetEnumerator_m3297894971_gshared	System.Collections.Generic.IEnumerator`1<T> System.Array/ArrayReadOnlyList`1<System.Reflection.CustomAttributeTypedArgument>::GetEnumerator()	mscorlib
ArrayReadOnlyList_1_IndexOf_m3750264679_gshared	System.Int32 System.Array/ArrayReadOnlyList`1<System.Reflection.CustomAttributeTypedArgument>::IndexOf(T)	mscorlib
ArrayReadOnlyList_1_Insert_m2929789526_gshared	System.Void System.Array/ArrayReadOnlyList`1<System.Reflection.CustomAttributeTypedArgument>::Insert(System.Int32,T)	mscorlib
ArrayReadOnlyList_1_Remove_m1443718646_gshared	System.Boolean System.Array/ArrayReadOnlyList`1<System.Reflection.CustomAttributeTypedArgument>::Remove(T)	mscorlib
ArrayReadOnlyList_1_RemoveAt_m791018368_gshared	System.Void System.Array/ArrayReadOnlyList`1<System.Reflection.CustomAttributeTypedArgument>::RemoveAt(System.Int32)	mscorlib
ArrayReadOnlyList_1_ReadOnlyError_m865416608_gshared	System.Exception System.Array/ArrayReadOnlyList`1<System.Reflection.CustomAttributeTypedArgument>::ReadOnlyError()	mscorlib
InternalEnumerator_1__ctor_m1359891754_AdjustorThunk	System.Void System.Array/InternalEnumerator`1<Mono.Globalization.Unicode.CodePointIndexer/TableRange>::.ctor(System.Array)	mscorlib
InternalEnumerator_1_System_Collections_IEnumerator_Reset_m81420524_AdjustorThunk	System.Void System.Array/InternalEnumerator`1<Mono.Globalization.Unicode.CodePointIndexer/TableRange>::System.Collections.IEnumerator.Reset()	mscorlib
InternalEnumerator_1_System_Collections_IEnumerator_get_Current_m2980550840_AdjustorThunk	System.Object System.Array/InternalEnumerator`1<Mono.Globalization.Unicode.CodePointIndexer/TableRange>::System.Collections.IEnumerator.get_Current()	mscorlib
InternalEnumerator_1_Dispose_m33109155_AdjustorThunk	System.Void System.Array/InternalEnumerator`1<Mono.Globalization.Unicode.CodePointIndexer/TableRange>::Dispose()	mscorlib
InternalEnumerator_1_MoveNext_m4138845038_AdjustorThunk	System.Boolean System.Array/InternalEnumerator`1<Mono.Globalization.Unicode.CodePointIndexer/TableRange>::MoveNext()	mscorlib
InternalEnumerator_1_get_Current_m4245242303_AdjustorThunk	T System.Array/InternalEnumerator`1<Mono.Globalization.Unicode.CodePointIndexer/TableRange>::get_Current()	mscorlib
InternalEnumerator_1__ctor_m3734861738_AdjustorThunk	System.Void System.Array/InternalEnumerator`1<Mono.Security.Protocol.Tls.Handshake.ClientCertificateType>::.ctor(System.Array)	mscorlib
InternalEnumerator_1_System_Collections_IEnumerator_Reset_m2707779927_AdjustorThunk	System.Void System.Array/InternalEnumerator`1<Mono.Security.Protocol.Tls.Handshake.ClientCertificateType>::System.Collections.IEnumerator.Reset()	mscorlib
InternalEnumerator_1_System_Collections_IEnumerator_get_Current_m55999184_AdjustorThunk	System.Object System.Array/InternalEnumerator`1<Mono.Security.Protocol.Tls.Handshake.ClientCertificateType>::System.Collections.IEnumerator.get_Current()	mscorlib
InternalEnumerator_1_Dispose_m2447779733_AdjustorThunk	System.Void System.Array/InternalEnumerator`1<Mono.Security.Protocol.Tls.Handshake.ClientCertificateType>::Dispose()	mscorlib
InternalEnumerator_1_MoveNext_m2850975202_AdjustorThunk	System.Boolean System.Array/InternalEnumerator`1<Mono.Security.Protocol.Tls.Handshake.ClientCertificateType>::MoveNext()	mscorlib
InternalEnumerator_1_get_Current_m1708547365_AdjustorThunk	T System.Array/InternalEnumerator`1<Mono.Security.Protocol.Tls.Handshake.ClientCertificateType>::get_Current()	mscorlib
InternalEnumerator_1__ctor_m3349908318_AdjustorThunk	System.Void System.Array/InternalEnumerator`1<System.Boolean>::.ctor(System.Array)	mscorlib
InternalEnumerator_1_System_Collections_IEnumerator_Reset_m903423974_AdjustorThunk	System.Void System.Array/InternalEnumerator`1<System.Boolean>::System.Collections.IEnumerator.Reset()	mscorlib
InternalEnumerator_1_System_Collections_IEnumerator_get_Current_m1503522504_AdjustorThunk	System.Object System.Array/InternalEnumerator`1<System.Boolean>::System.Collections.IEnumerator.get_Current()	mscorlib
InternalEnumerator_1_Dispose_m2018798800_AdjustorThunk	System.Void System.Array/InternalEnumerator`1<System.Boolean>::Dispose()	mscorlib
InternalEnumerator_1_MoveNext_m154749640_AdjustorThunk	System.Boolean System.Array/InternalEnumerator`1<System.Boolean>::MoveNext()	mscorlib
InternalEnumerator_1_get_Current_m2100201398_AdjustorThunk	T System.Array/InternalEnumerator`1<System.Boolean>::get_Current()	mscorlib
InternalEnumerator_1__ctor_m4191108945_AdjustorThunk	System.Void System.Array/InternalEnumerator`1<System.Byte>::.ctor(System.Array)	mscorlib
InternalEnumerator_1_System_Collections_IEnumerator_Reset_m3327951435_AdjustorThunk	System.Void System.Array/InternalEnumerator`1<System.Byte>::System.Collections.IEnumerator.Reset()	mscorlib
InternalEnumerator_1_System_Collections_IEnumerator_get_Current_m1277470738_AdjustorThunk	System.Object System.Array/InternalEnumerator`1<System.Byte>::System.Collections.IEnumerator.get_Current()	mscorlib
InternalEnumerator_1_Dispose_m3493290831_AdjustorThunk	System.Void System.Array/InternalEnumerator`1<System.Byte>::Dispose()	mscorlib
InternalEnumerator_1_MoveNext_m123458112_AdjustorThunk	System.Boolean System.Array/InternalEnumerator`1<System.Byte>::MoveNext()	mscorlib
InternalEnumerator_1_get_Current_m3073360606_AdjustorThunk	T System.Array/InternalEnumerator`1<System.Byte>::get_Current()	mscorlib
InternalEnumerator_1__ctor_m2123683127_AdjustorThunk	System.Void System.Array/InternalEnumerator`1<System.Char>::.ctor(System.Array)	mscorlib
InternalEnumerator_1_System_Collections_IEnumerator_Reset_m2793870849_AdjustorThunk	System.Void System.Array/InternalEnumerator`1<System.Char>::System.Collections.IEnumerator.Reset()	mscorlib
InternalEnumerator_1_System_Collections_IEnumerator_get_Current_m1641466962_AdjustorThunk	System.Object System.Array/InternalEnumerator`1<System.Char>::System.Collections.IEnumerator.get_Current()	mscorlib
InternalEnumerator_1_Dispose_m881342307_AdjustorThunk	System.Void System.Array/InternalEnumerator`1<System.Char>::Dispose()	mscorlib
InternalEnumerator_1_MoveNext_m1909384544_AdjustorThunk	System.Boolean System.Array/InternalEnumerator`1<System.Char>::MoveNext()	mscorlib
InternalEnumerator_1_get_Current_m1945804797_AdjustorThunk	T System.Array/InternalEnumerator`1<System.Char>::get_Current()	mscorlib
InternalEnumerator_1__ctor_m2336656763_AdjustorThunk	System.Void System.Array/InternalEnumerator`1<System.Collections.DictionaryEntry>::.ctor(System.Array)	mscorlib
InternalEnumerator_1_System_Collections_IEnumerator_Reset_m2336872218_AdjustorThunk	System.Void System.Array/InternalEnumerator`1<System.Collections.DictionaryEntry>::System.Collections.IEnumerator.Reset()	mscorlib
InternalEnumerator_1_System_Collections_IEnumerator_get_Current_m1295084274_AdjustorThunk	System.Object System.Array/InternalEnumerator`1<System.Collections.DictionaryEntry>::System.Collections.IEnumerator.get_Current()	mscorlib
InternalEnumerator_1_Dispose_m2648133761_AdjustorThunk	System.Void System.Array/InternalEnumerator`1<System.Collections.DictionaryEntry>::Dispose()	mscorlib
InternalEnumerator_1_MoveNext_m2577879725_AdjustorThunk	System.Boolean System.Array/InternalEnumerator`1<System.Collections.DictionaryEntry>::MoveNext()	mscorlib
InternalEnumerator_1_get_Current_m1920303382_AdjustorThunk	T System.Array/InternalEnumerator`1<System.Collections.DictionaryEntry>::get_Current()	mscorlib
InternalEnumerator_1__ctor_m619554185_AdjustorThunk	System.Void System.Array/InternalEnumerator`1<System.Collections.Generic.HashSet`1/Link<System.Object>>::.ctor(System.Array)	mscorlib
InternalEnumerator_1_System_Collections_IEnumerator_Reset_m3677481164_AdjustorThunk	System.Void System.Array/InternalEnumerator`1<System.Collections.Generic.HashSet`1/Link<System.Object>>::System.Collections.IEnumerator.Reset()	mscorlib
InternalEnumerator_1_System_Collections_IEnumerator_get_Current_m2867624895_AdjustorThunk	System.Object System.Array/InternalEnumerator`1<System.Collections.Generic.HashSet`1/Link<System.Object>>::System.Collections.IEnumerator.get_Current()	mscorlib
InternalEnumerator_1_Dispose_m326441406_AdjustorThunk	System.Void System.Array/InternalEnumerator`1<System.Collections.Generic.HashSet`1/Link<System.Object>>::Dispose()	mscorlib
InternalEnumerator_1_MoveNext_m1457790320_AdjustorThunk	System.Boolean System.Array/InternalEnumerator`1<System.Collections.Generic.HashSet`1/Link<System.Object>>::MoveNext()	mscorlib
InternalEnumerator_1_get_Current_m1845246162_AdjustorThunk	T System.Array/InternalEnumerator`1<System.Collections.Generic.HashSet`1/Link<System.Object>>::get_Current()	mscorlib
InternalEnumerator_1__ctor_m1424655733_AdjustorThunk	System.Void System.Array/InternalEnumerator`1<System.Collections.Generic.KeyValuePair`2<System.Int32,System.Object>>::.ctor(System.Array)	mscorlib
InternalEnumerator_1_System_Collections_IEnumerator_Reset_m1318888374_AdjustorThunk	System.Void System.Array/InternalEnumerator`1<System.Collections.Generic.KeyValuePair`2<System.Int32,System.Object>>::System.Collections.IEnumerator.Reset()	mscorlib
InternalEnumerator_1_System_Collections_IEnumerator_get_Current_m3575233890_AdjustorThunk	System.Object System.Array/InternalEnumerator`1<System.Collections.Generic.KeyValuePair`2<System.Int32,System.Object>>::System.Collections.IEnumerator.get_Current()	mscorlib
InternalEnumerator_1_Dispose_m435531507_AdjustorThunk	System.Void System.Array/InternalEnumerator`1<System.Collections.Generic.KeyValuePair`2<System.Int32,System.Object>>::Dispose()	mscorlib
InternalEnumerator_1_MoveNext_m1543390728_AdjustorThunk	System.Boolean System.Array/InternalEnumerator`1<System.Collections.Generic.KeyValuePair`2<System.Int32,System.Object>>::MoveNext()	mscorlib
InternalEnumerator_1_get_Current_m4241643334_AdjustorThunk	T System.Array/InternalEnumerator`1<System.Collections.Generic.KeyValuePair`2<System.Int32,System.Object>>::get_Current()	mscorlib
InternalEnumerator_1__ctor_m2636293838_AdjustorThunk	System.Void System.Array/InternalEnumerator`1<System.Collections.Generic.KeyValuePair`2<System.IntPtr,System.Object>>::.ctor(System.Array)	mscorlib
InternalEnumerator_1_System_Collections_IEnumerator_Reset_m3340399834_AdjustorThunk	System.Void System.Array/InternalEnumerator`1<System.Collections.Generic.KeyValuePair`2<System.IntPtr,System.Object>>::System.Collections.IEnumerator.Reset()	mscorlib
InternalEnumerator_1_System_Collections_IEnumerator_get_Current_m2667908392_AdjustorThunk	System.Object System.Array/InternalEnumerator`1<System.Collections.Generic.KeyValuePair`2<System.IntPtr,System.Object>>::System.Collections.IEnumerator.get_Current()	mscorlib
InternalEnumerator_1_Dispose_m4274856955_AdjustorThunk	System.Void System.Array/InternalEnumerator`1<System.Collections.Generic.KeyValuePair`2<System.IntPtr,System.Object>>::Dispose()	mscorlib
InternalEnumerator_1_MoveNext_m3619293991_AdjustorThunk	System.Boolean System.Array/InternalEnumerator`1<System.Collections.Generic.KeyValuePair`2<System.IntPtr,System.Object>>::MoveNext()	mscorlib
InternalEnumerator_1_get_Current_m1481634550_AdjustorThunk	T System.Array/InternalEnumerator`1<System.Collections.Generic.KeyValuePair`2<System.IntPtr,System.Object>>::get_Current()	mscorlib
InternalEnumerator_1__ctor_m962177456_AdjustorThunk	System.Void System.Array/InternalEnumerator`1<System.Collections.Generic.KeyValuePair`2<System.Object,System.Boolean>>::.ctor(System.Array)	mscorlib
InternalEnumerator_1_System_Collections_IEnumerator_Reset_m1716381123_AdjustorThunk	System.Void System.Array/InternalEnumerator`1<System.Collections.Generic.KeyValuePair`2<System.Object,System.Boolean>>::System.Collections.IEnumerator.Reset()	mscorlib
InternalEnumerator_1_System_Collections_IEnumerator_get_Current_m2889979481_AdjustorThunk	System.Object System.Array/InternalEnumerator`1<System.Collections.Generic.KeyValuePair`2<System.Object,System.Boolean>>::System.Collections.IEnumerator.get_Current()	mscorlib
InternalEnumerator_1_Dispose_m1290015243_AdjustorThunk	System.Void System.Array/InternalEnumerator`1<System.Collections.Generic.KeyValuePair`2<System.Object,System.Boolean>>::Dispose()	mscorlib
InternalEnumerator_1_MoveNext_m3299696349_AdjustorThunk	System.Boolean System.Array/InternalEnumerator`1<System.Collections.Generic.KeyValuePair`2<System.Object,System.Boolean>>::MoveNext()	mscorlib
InternalEnumerator_1_get_Current_m476140818_AdjustorThunk	T System.Array/InternalEnumerator`1<System.Collections.Generic.KeyValuePair`2<System.Object,System.Boolean>>::get_Current()	mscorlib
InternalEnumerator_1__ctor_m2867727718_AdjustorThunk	System.Void System.Array/InternalEnumerator`1<System.Collections.Generic.KeyValuePair`2<System.Object,System.Collections.Generic.KeyValuePair`2<UnityEngine.Rendering.CameraEvent,System.Object>>>::.ctor(System.Array)	mscorlib
InternalEnumerator_1_System_Collections_IEnumerator_Reset_m802546620_AdjustorThunk	System.Void System.Array/InternalEnumerator`1<System.Collections.Generic.KeyValuePair`2<System.Object,System.Collections.Generic.KeyValuePair`2<UnityEngine.Rendering.CameraEvent,System.Object>>>::System.Collections.IEnumerator.Reset()	mscorlib
InternalEnumerator_1_System_Collections_IEnumerator_get_Current_m1964083165_AdjustorThunk	System.Object System.Array/InternalEnumerator`1<System.Collections.Generic.KeyValuePair`2<System.Object,System.Collections.Generic.KeyValuePair`2<UnityEngine.Rendering.CameraEvent,System.Object>>>::System.Collections.IEnumerator.get_Current()	mscorlib
InternalEnumerator_1_Dispose_m3704273830_AdjustorThunk	System.Void System.Array/InternalEnumerator`1<System.Collections.Generic.KeyValuePair`2<System.Object,System.Collections.Generic.KeyValuePair`2<UnityEngine.Rendering.CameraEvent,System.Object>>>::Dispose()	mscorlib
InternalEnumerator_1_MoveNext_m537088018_AdjustorThunk	System.Boolean System.Array/InternalEnumerator`1<System.Collections.Generic.KeyValuePair`2<System.Object,System.Collections.Generic.KeyValuePair`2<UnityEngine.Rendering.CameraEvent,System.Object>>>::MoveNext()	mscorlib
InternalEnumerator_1_get_Current_m1719512385_AdjustorThunk	T System.Array/InternalEnumerator`1<System.Collections.Generic.KeyValuePair`2<System.Object,System.Collections.Generic.KeyValuePair`2<UnityEngine.Rendering.CameraEvent,System.Object>>>::get_Current()	mscorlib
InternalEnumerator_1__ctor_m1341209356_AdjustorThunk	System.Void System.Array/InternalEnumerator`1<System.Collections.Generic.KeyValuePair`2<System.Object,System.Int32>>::.ctor(System.Array)	mscorlib
InternalEnumerator_1_System_Collections_IEnumerator_Reset_m4239728915_AdjustorThunk	System.Void System.Array/InternalEnumerator`1<System.Collections.Generic.KeyValuePair`2<System.Object,System.Int32>>::System.Collections.IEnumerator.Reset()	mscorlib
InternalEnumerator_1_System_Collections_IEnumerator_get_Current_m2284280372_AdjustorThunk	System.Object System.Array/InternalEnumerator`1<System.Collections.Generic.KeyValuePair`2<System.Object,System.Int32>>::System.Collections.IEnumerator.get_Current()	mscorlib
InternalEnumerator_1_Dispose_m4098771594_AdjustorThunk	System.Void System.Array/InternalEnumerator`1<System.Collections.Generic.KeyValuePair`2<System.Object,System.Int32>>::Dispose()	mscorlib
InternalEnumerator_1_MoveNext_m2951889983_AdjustorThunk	System.Boolean System.Array/InternalEnumerator`1<System.Collections.Generic.KeyValuePair`2<System.Object,System.Int32>>::MoveNext()	mscorlib
InternalEnumerator_1_get_Current_m3081223448_AdjustorThunk	T System.Array/InternalEnumerator`1<System.Collections.Generic.KeyValuePair`2<System.Object,System.Int32>>::get_Current()	mscorlib
InternalEnumerator_1__ctor_m807987550_AdjustorThunk	System.Void System.Array/InternalEnumerator`1<System.Collections.Generic.KeyValuePair`2<System.Object,System.Object>>::.ctor(System.Array)	mscorlib
InternalEnumerator_1_System_Collections_IEnumerator_Reset_m2386791007_AdjustorThunk	System.Void System.Array/InternalEnumerator`1<System.Collections.Generic.KeyValuePair`2<System.Object,System.Object>>::System.Collections.IEnumerator.Reset()	mscorlib
InternalEnumerator_1_System_Collections_IEnumerator_get_Current_m2141782011_AdjustorThunk	System.Object System.Array/InternalEnumerator`1<System.Collections.Generic.KeyValuePair`2<System.Object,System.Object>>::System.Collections.IEnumerator.get_Current()	mscorlib
InternalEnumerator_1_Dispose_m2342933386_AdjustorThunk	System.Void System.Array/InternalEnumerator`1<System.Collections.Generic.KeyValuePair`2<System.Object,System.Object>>::Dispose()	mscorlib
InternalEnumerator_1_MoveNext_m1773160976_AdjustorThunk	System.Boolean System.Array/InternalEnumerator`1<System.Collections.Generic.KeyValuePair`2<System.Object,System.Object>>::MoveNext()	mscorlib
InternalEnumerator_1_get_Current_m923139215_AdjustorThunk	T System.Array/InternalEnumerator`1<System.Collections.Generic.KeyValuePair`2<System.Object,System.Object>>::get_Current()	mscorlib
InternalEnumerator_1__ctor_m2886412227_AdjustorThunk	System.Void System.Array/InternalEnumerator`1<System.Collections.Generic.KeyValuePair`2<UnityEngine.Rendering.CameraEvent,System.Object>>::.ctor(System.Array)	mscorlib
InternalEnumerator_1_System_Collections_IEnumerator_Reset_m3288549969_AdjustorThunk	System.Void System.Array/InternalEnumerator`1<System.Collections.Generic.KeyValuePair`2<UnityEngine.Rendering.CameraEvent,System.Object>>::System.Collections.IEnumerator.Reset()	mscorlib
InternalEnumerator_1_System_Collections_IEnumerator_get_Current_m2606869625_AdjustorThunk	System.Object System.Array/InternalEnumerator`1<System.Collections.Generic.KeyValuePair`2<UnityEngine.Rendering.CameraEvent,System.Object>>::System.Collections.IEnumerator.get_Current()	mscorlib
InternalEnumerator_1_Dispose_m2078397123_AdjustorThunk	System.Void System.Array/InternalEnumerator`1<System.Collections.Generic.KeyValuePair`2<UnityEngine.Rendering.CameraEvent,System.Object>>::Dispose()	mscorlib
InternalEnumerator_1_MoveNext_m2244593284_AdjustorThunk	System.Boolean System.Array/InternalEnumerator`1<System.Collections.Generic.KeyValuePair`2<UnityEngine.Rendering.CameraEvent,System.Object>>::MoveNext()	mscorlib
InternalEnumerator_1_get_Current_m2018575332_AdjustorThunk	T System.Array/InternalEnumerator`1<System.Collections.Generic.KeyValuePair`2<UnityEngine.Rendering.CameraEvent,System.Object>>::get_Current()	mscorlib
InternalEnumerator_1__ctor_m3390957028_AdjustorThunk	System.Void System.Array/InternalEnumerator`1<System.Collections.Generic.Link>::.ctor(System.Array)	mscorlib
InternalEnumerator_1_System_Collections_IEnumerator_Reset_m1223176161_AdjustorThunk	System.Void System.Array/InternalEnumerator`1<System.Collections.Generic.Link>::System.Collections.IEnumerator.Reset()	mscorlib
InternalEnumerator_1_System_Collections_IEnumerator_get_Current_m1676501075_AdjustorThunk	System.Object System.Array/InternalEnumerator`1<System.Collections.Generic.Link>::System.Collections.IEnumerator.get_Current()	mscorlib
InternalEnumerator_1_Dispose_m1913545470_AdjustorThunk	System.Void System.Array/InternalEnumerator`1<System.Collections.Generic.Link>::Dispose()	mscorlib
InternalEnumerator_1_MoveNext_m2785895009_AdjustorThunk	System.Boolean System.Array/InternalEnumerator`1<System.Collections.Generic.Link>::MoveNext()	mscorlib
InternalEnumerator_1_get_Current_m2223614542_AdjustorThunk	T System.Array/InternalEnumerator`1<System.Collections.Generic.Link>::get_Current()	mscorlib
InternalEnumerator_1__ctor_m1196506529_AdjustorThunk	System.Void System.Array/InternalEnumerator`1<System.Collections.Hashtable/Slot>::.ctor(System.Array)	mscorlib
InternalEnumerator_1_System_Collections_IEnumerator_Reset_m1256724261_AdjustorThunk	System.Void System.Array/InternalEnumerator`1<System.Collections.Hashtable/Slot>::System.Collections.IEnumerator.Reset()	mscorlib
InternalEnumerator_1_System_Collections_IEnumerator_get_Current_m1514266661_AdjustorThunk	System.Object System.Array/InternalEnumerator`1<System.Collections.Hashtable/Slot>::System.Collections.IEnumerator.get_Current()	mscorlib
InternalEnumerator_1_Dispose_m1995846647_AdjustorThunk	System.Void System.Array/InternalEnumerator`1<System.Collections.Hashtable/Slot>::Dispose()	mscorlib
InternalEnumerator_1_MoveNext_m3200332883_AdjustorThunk	System.Boolean System.Array/InternalEnumerator`1<System.Collections.Hashtable/Slot>::MoveNext()	mscorlib
InternalEnumerator_1_get_Current_m3008260692_AdjustorThunk	T System.Array/InternalEnumerator`1<System.Collections.Hashtable/Slot>::get_Current()	mscorlib
InternalEnumerator_1__ctor_m819716934_AdjustorThunk	System.Void System.Array/InternalEnumerator`1<System.Collections.SortedList/Slot>::.ctor(System.Array)	mscorlib
InternalEnumerator_1_System_Collections_IEnumerator_Reset_m4202665280_AdjustorThunk	System.Void System.Array/InternalEnumerator`1<System.Collections.SortedList/Slot>::System.Collections.IEnumerator.Reset()	mscorlib
InternalEnumerator_1_System_Collections_IEnumerator_get_Current_m2629988057_AdjustorThunk	System.Object System.Array/InternalEnumerator`1<System.Collections.SortedList/Slot>::System.Collections.IEnumerator.get_Current()	mscorlib
InternalEnumerator_1_Dispose_m1519877610_AdjustorThunk	System.Void System.Array/InternalEnumerator`1<System.Collections.SortedList/Slot>::Dispose()	mscorlib
InternalEnumerator_1_MoveNext_m3354536447_AdjustorThunk	System.Boolean System.Array/InternalEnumerator`1<System.Collections.SortedList/Slot>::MoveNext()	mscorlib
InternalEnumerator_1_get_Current_m2832154098_AdjustorThunk	T System.Array/InternalEnumerator`1<System.Collections.SortedList/Slot>::get_Current()	mscorlib
InternalEnumerator_1__ctor_m3456047704_AdjustorThunk	System.Void System.Array/InternalEnumerator`1<System.DateTime>::.ctor(System.Array)	mscorlib
InternalEnumerator_1_System_Collections_IEnumerator_Reset_m546509994_AdjustorThunk	System.Void System.Array/InternalEnumerator`1<System.DateTime>::System.Collections.IEnumerator.Reset()	mscorlib
InternalEnumerator_1_System_Collections_IEnumerator_get_Current_m2742943179_AdjustorThunk	System.Object System.Array/InternalEnumerator`1<System.DateTime>::System.Collections.IEnumerator.get_Current()	mscorlib
InternalEnumerator_1_Dispose_m649519051_AdjustorThunk	System.Void System.Array/InternalEnumerator`1<System.DateTime>::Dispose()	mscorlib
InternalEnumerator_1_MoveNext_m1161444633_AdjustorThunk	System.Boolean System.Array/InternalEnumerator`1<System.DateTime>::MoveNext()	mscorlib
InternalEnumerator_1_get_Current_m3225386639_AdjustorThunk	T System.Array/InternalEnumerator`1<System.DateTime>::get_Current()	mscorlib
InternalEnumerator_1__ctor_m143506773_AdjustorThunk	System.Void System.Array/InternalEnumerator`1<System.Decimal>::.ctor(System.Array)	mscorlib
InternalEnumerator_1_System_Collections_IEnumerator_Reset_m169899350_AdjustorThunk	System.Void System.Array/InternalEnumerator`1<System.Decimal>::System.Collections.IEnumerator.Reset()	mscorlib
InternalEnumerator_1_System_Collections_IEnumerator_get_Current_m688818811_AdjustorThunk	System.Object System.Array/InternalEnumerator`1<System.Decimal>::System.Collections.IEnumerator.get_Current()	mscorlib
InternalEnumerator_1_Dispose_m937653815_AdjustorThunk	System.Void System.Array/InternalEnumerator`1<System.Decimal>::Dispose()	mscorlib
InternalEnumerator_1_MoveNext_m4210671224_AdjustorThunk	System.Boolean System.Array/InternalEnumerator`1<System.Decimal>::MoveNext()	mscorlib
InternalEnumerator_1_get_Current_m2128158355_AdjustorThunk	T System.Array/InternalEnumerator`1<System.Decimal>::get_Current()	mscorlib
InternalEnumerator_1__ctor_m1559487635_AdjustorThunk	System.Void System.Array/InternalEnumerator`1<System.Double>::.ctor(System.Array)	mscorlib
InternalEnumerator_1_System_Collections_IEnumerator_Reset_m14983211_AdjustorThunk	System.Void System.Array/InternalEnumerator`1<System.Double>::System.Collections.IEnumerator.Reset()	mscorlib
InternalEnumerator_1_System_Collections_IEnumerator_get_Current_m3853320011_AdjustorThunk	System.Object System.Array/InternalEnumerator`1<System.Double>::System.Collections.IEnumerator.get_Current()	mscorlib
InternalEnumerator_1_Dispose_m2043273260_AdjustorThunk	System.Void System.Array/InternalEnumerator`1<System.Double>::Dispose()	mscorlib
InternalEnumerator_1_MoveNext_m377783729_AdjustorThunk	System.Boolean System.Array/InternalEnumerator`1<System.Double>::MoveNext()	mscorlib
InternalEnumerator_1_get_Current_m2894466703_AdjustorThunk	T System.Array/InternalEnumerator`1<System.Double>::get_Current()	mscorlib
InternalEnumerator_1__ctor_m2910272776_AdjustorThunk	System.Void System.Array/InternalEnumerator`1<System.Int16>::.ctor(System.Array)	mscorlib
InternalEnumerator_1_System_Collections_IEnumerator_Reset_m521819017_AdjustorThunk	System.Void System.Array/InternalEnumerator`1<System.Int16>::System.Collections.IEnumerator.Reset()	mscorlib
InternalEnumerator_1_System_Collections_IEnumerator_get_Current_m888718134_AdjustorThunk	System.Object System.Array/InternalEnumerator`1<System.Int16>::System.Collections.IEnumerator.get_Current()	mscorlib
InternalEnumerator_1_Dispose_m3716424577_AdjustorThunk	System.Void System.Array/InternalEnumerator`1<System.Int16>::Dispose()	mscorlib
InternalEnumerator_1_MoveNext_m3525157932_AdjustorThunk	System.Boolean System.Array/InternalEnumerator`1<System.Int16>::MoveNext()	mscorlib
InternalEnumerator_1_get_Current_m2723520268_AdjustorThunk	T System.Array/InternalEnumerator`1<System.Int16>::get_Current()	mscorlib
InternalEnumerator_1__ctor_m217498388_AdjustorThunk	System.Void System.Array/InternalEnumerator`1<System.Int32>::.ctor(System.Array)	mscorlib
InternalEnumerator_1_System_Collections_IEnumerator_Reset_m779787360_AdjustorThunk	System.Void System.Array/InternalEnumerator`1<System.Int32>::System.Collections.IEnumerator.Reset()	mscorlib
InternalEnumerator_1_System_Collections_IEnumerator_get_Current_m2435291801_AdjustorThunk	System.Object System.Array/InternalEnumerator`1<System.Int32>::System.Collections.IEnumerator.get_Current()	mscorlib
InternalEnumerator_1_Dispose_m3519406884_AdjustorThunk	System.Void System.Array/InternalEnumerator`1<System.Int32>::Dispose()	mscorlib
InternalEnumerator_1_MoveNext_m3802174768_AdjustorThunk	System.Boolean System.Array/InternalEnumerator`1<System.Int32>::MoveNext()	mscorlib
InternalEnumerator_1_get_Current_m3500427238_AdjustorThunk	T System.Array/InternalEnumerator`1<System.Int32>::get_Current()	mscorlib
InternalEnumerator_1__ctor_m4055378331_AdjustorThunk	System.Void System.Array/InternalEnumerator`1<System.Int64>::.ctor(System.Array)	mscorlib
InternalEnumerator_1_System_Collections_IEnumerator_Reset_m3873091784_AdjustorThunk	System.Void System.Array/InternalEnumerator`1<System.Int64>::System.Collections.IEnumerator.Reset()	mscorlib
InternalEnumerator_1_System_Collections_IEnumerator_get_Current_m180319738_AdjustorThunk	System.Object System.Array/InternalEnumerator`1<System.Int64>::System.Collections.IEnumerator.get_Current()	mscorlib
InternalEnumerator_1_Dispose_m830510730_AdjustorThunk	System.Void System.Array/InternalEnumerator`1<System.Int64>::Dispose()	mscorlib
InternalEnumerator_1_MoveNext_m4266213580_AdjustorThunk	System.Boolean System.Array/InternalEnumerator`1<System.Int64>::MoveNext()	mscorlib
InternalEnumerator_1_get_Current_m685192625_AdjustorThunk	T System.Array/InternalEnumerator`1<System.Int64>::get_Current()	mscorlib
InternalEnumerator_1__ctor_m1579105305_AdjustorThunk	System.Void System.Array/InternalEnumerator`1<System.IntPtr>::.ctor(System.Array)	mscorlib
InternalEnumerator_1_System_Collections_IEnumerator_Reset_m3011999097_AdjustorThunk	System.Void System.Array/InternalEnumerator`1<System.IntPtr>::System.Collections.IEnumerator.Reset()	mscorlib
InternalEnumerator_1_System_Collections_IEnumerator_get_Current_m548105685_AdjustorThunk	System.Object System.Array/InternalEnumerator`1<System.IntPtr>::System.Collections.IEnumerator.get_Current()	mscorlib
InternalEnumerator_1_Dispose_m2818366163_AdjustorThunk	System.Void System.Array/InternalEnumerator`1<System.IntPtr>::Dispose()	mscorlib
InternalEnumerator_1_MoveNext_m3520556285_AdjustorThunk	System.Boolean System.Array/InternalEnumerator`1<System.IntPtr>::MoveNext()	mscorlib
InternalEnumerator_1_get_Current_m3900374024_AdjustorThunk	T System.Array/InternalEnumerator`1<System.IntPtr>::get_Current()	mscorlib
InternalEnumerator_1__ctor_m643493702_AdjustorThunk	System.Void System.Array/InternalEnumerator`1<System.Reflection.CustomAttributeNamedArgument>::.ctor(System.Array)	mscorlib
InternalEnumerator_1_System_Collections_IEnumerator_Reset_m895873066_AdjustorThunk	System.Void System.Array/InternalEnumerator`1<System.Reflection.CustomAttributeNamedArgument>::System.Collections.IEnumerator.Reset()	mscorlib
InternalEnumerator_1_System_Collections_IEnumerator_get_Current_m4189894603_AdjustorThunk	System.Object System.Array/InternalEnumerator`1<System.Reflection.CustomAttributeNamedArgument>::System.Collections.IEnumerator.get_Current()	mscorlib
InternalEnumerator_1_Dispose_m3577625655_AdjustorThunk	System.Void System.Array/InternalEnumerator`1<System.Reflection.CustomAttributeNamedArgument>::Dispose()	mscorlib
InternalEnumerator_1_MoveNext_m4138204635_AdjustorThunk	System.Boolean System.Array/InternalEnumerator`1<System.Reflection.CustomAttributeNamedArgument>::MoveNext()	mscorlib
InternalEnumerator_1_get_Current_m3354878040_AdjustorThunk	T System.Array/InternalEnumerator`1<System.Reflection.CustomAttributeNamedArgument>::get_Current()	mscorlib
InternalEnumerator_1__ctor_m748741755_AdjustorThunk	System.Void System.Array/InternalEnumerator`1<System.Reflection.CustomAttributeTypedArgument>::.ctor(System.Array)	mscorlib
InternalEnumerator_1_System_Collections_IEnumerator_Reset_m596870847_AdjustorThunk	System.Void System.Array/InternalEnumerator`1<System.Reflection.CustomAttributeTypedArgument>::System.Collections.IEnumerator.Reset()	mscorlib
InternalEnumerator_1_System_Collections_IEnumerator_get_Current_m4213507601_AdjustorThunk	System.Object System.Array/InternalEnumerator`1<System.Reflection.CustomAttributeTypedArgument>::System.Collections.IEnumerator.get_Current()	mscorlib
InternalEnumerator_1_Dispose_m2438347491_AdjustorThunk	System.Void System.Array/InternalEnumerator`1<System.Reflection.CustomAttributeTypedArgument>::Dispose()	mscorlib
InternalEnumerator_1_MoveNext_m3577491700_AdjustorThunk	System.Boolean System.Array/InternalEnumerator`1<System.Reflection.CustomAttributeTypedArgument>::MoveNext()	mscorlib
InternalEnumerator_1_get_Current_m3653231044_AdjustorThunk	T System.Array/InternalEnumerator`1<System.Reflection.CustomAttributeTypedArgument>::get_Current()	mscorlib
InternalEnumerator_1__ctor_m1486034688_AdjustorThunk	System.Void System.Array/InternalEnumerator`1<System.Reflection.Emit.ILGenerator/LabelData>::.ctor(System.Array)	mscorlib
InternalEnumerator_1_System_Collections_IEnumerator_Reset_m3619766341_AdjustorThunk	System.Void System.Array/InternalEnumerator`1<System.Reflection.Emit.ILGenerator/LabelData>::System.Collections.IEnumerator.Reset()	mscorlib
InternalEnumerator_1_System_Collections_IEnumerator_get_Current_m435848551_AdjustorThunk	System.Object System.Array/InternalEnumerator`1<System.Reflection.Emit.ILGenerator/LabelData>::System.Collections.IEnumerator.get_Current()	mscorlib
InternalEnumerator_1_Dispose_m106460639_AdjustorThunk	System.Void System.Array/InternalEnumerator`1<System.Reflection.Emit.ILGenerator/LabelData>::Dispose()	mscorlib
InternalEnumerator_1_MoveNext_m1728532725_AdjustorThunk	System.Boolean System.Array/InternalEnumerator`1<System.Reflection.Emit.ILGenerator/LabelData>::MoveNext()	mscorlib
InternalEnumerator_1_get_Current_m2698009637_AdjustorThunk	T System.Array/InternalEnumerator`1<System.Reflection.Emit.ILGenerator/LabelData>::get_Current()	mscorlib
InternalEnumerator_1__ctor_m1594304290_AdjustorThunk	System.Void System.Array/InternalEnumerator`1<System.Reflection.Emit.ILGenerator/LabelFixup>::.ctor(System.Array)	mscorlib
InternalEnumerator_1_System_Collections_IEnumerator_Reset_m720350288_AdjustorThunk	System.Void System.Array/InternalEnumerator`1<System.Reflection.Emit.ILGenerator/LabelFixup>::System.Collections.IEnumerator.Reset()	mscorlib
InternalEnumerator_1_System_Collections_IEnumerator_get_Current_m1976902927_AdjustorThunk	System.Object System.Array/InternalEnumerator`1<System.Reflection.Emit.ILGenerator/LabelFixup>::System.Collections.IEnumerator.get_Current()	mscorlib
InternalEnumerator_1_Dispose_m1063909490_AdjustorThunk	System.Void System.Array/InternalEnumerator`1<System.Reflection.Emit.ILGenerator/LabelFixup>::Dispose()	mscorlib
InternalEnumerator_1_MoveNext_m2234422530_AdjustorThunk	System.Boolean System.Array/InternalEnumerator`1<System.Reflection.Emit.ILGenerator/LabelFixup>::MoveNext()	mscorlib
InternalEnumerator_1_get_Current_m2680116177_AdjustorThunk	T System.Array/InternalEnumerator`1<System.Reflection.Emit.ILGenerator/LabelFixup>::get_Current()	mscorlib
InternalEnumerator_1__ctor_m238559784_AdjustorThunk	System.Void System.Array/InternalEnumerator`1<System.Reflection.Emit.ILTokenInfo>::.ctor(System.Array)	mscorlib
InternalEnumerator_1_System_Collections_IEnumerator_Reset_m2428767548_AdjustorThunk	System.Void System.Array/InternalEnumerator`1<System.Reflection.Emit.ILTokenInfo>::System.Collections.IEnumerator.Reset()	mscorlib
InternalEnumerator_1_System_Collections_IEnumerator_get_Current_m3624751851_AdjustorThunk	System.Object System.Array/InternalEnumerator`1<System.Reflection.Emit.ILTokenInfo>::System.Collections.IEnumerator.get_Current()	mscorlib
InternalEnumerator_1_Dispose_m130608859_AdjustorThunk	System.Void System.Array/InternalEnumerator`1<System.Reflection.Emit.ILTokenInfo>::Dispose()	mscorlib
InternalEnumerator_1_MoveNext_m819973544_AdjustorThunk	System.Boolean System.Array/InternalEnumerator`1<System.Reflection.Emit.ILTokenInfo>::MoveNext()	mscorlib
InternalEnumerator_1_get_Current_m165106323_AdjustorThunk	T System.Array/InternalEnumerator`1<System.Reflection.Emit.ILTokenInfo>::get_Current()	mscorlib
InternalEnumerator_1__ctor_m3457010038_AdjustorThunk	System.Void System.Array/InternalEnumerator`1<System.Reflection.Emit.MonoResource>::.ctor(System.Array)	mscorlib
InternalEnumerator_1_System_Collections_IEnumerator_Reset_m4138547141_AdjustorThunk	System.Void System.Array/InternalEnumerator`1<System.Reflection.Emit.MonoResource>::System.Collections.IEnumerator.Reset()	mscorlib
InternalEnumerator_1_System_Collections_IEnumerator_get_Current_m782232053_AdjustorThunk	System.Object System.Array/InternalEnumerator`1<System.Reflection.Emit.MonoResource>::System.Collections.IEnumerator.get_Current()	mscorlib
InternalEnumerator_1_Dispose_m726871561_AdjustorThunk	System.Void System.Array/InternalEnumerator`1<System.Reflection.Emit.MonoResource>::Dispose()	mscorlib
InternalEnumerator_1_MoveNext_m72350267_AdjustorThunk	System.Boolean System.Array/InternalEnumerator`1<System.Reflection.Emit.MonoResource>::MoveNext()	mscorlib
InternalEnumerator_1_get_Current_m2174066122_AdjustorThunk	T System.Array/InternalEnumerator`1<System.Reflection.Emit.MonoResource>::get_Current()	mscorlib
InternalEnumerator_1__ctor_m236665673_AdjustorThunk	System.Void System.Array/InternalEnumerator`1<System.Reflection.Emit.RefEmitPermissionSet>::.ctor(System.Array)	mscorlib
InternalEnumerator_1_System_Collections_IEnumerator_Reset_m907598595_AdjustorThunk	System.Void System.Array/InternalEnumerator`1<System.Reflection.Emit.RefEmitPermissionSet>::System.Collections.IEnumerator.Reset()	mscorlib
InternalEnumerator_1_System_Collections_IEnumerator_get_Current_m4203917072_AdjustorThunk	System.Object System.Array/InternalEnumerator`1<System.Reflection.Emit.RefEmitPermissionSet>::System.Collections.IEnumerator.get_Current()	mscorlib
InternalEnumerator_1_Dispose_m3241670073_AdjustorThunk	System.Void System.Array/InternalEnumerator`1<System.Reflection.Emit.RefEmitPermissionSet>::Dispose()	mscorlib
InternalEnumerator_1_MoveNext_m308452279_AdjustorThunk	System.Boolean System.Array/InternalEnumerator`1<System.Reflection.Emit.RefEmitPermissionSet>::MoveNext()	mscorlib
InternalEnumerator_1_get_Current_m2316281569_AdjustorThunk	T System.Array/InternalEnumerator`1<System.Reflection.Emit.RefEmitPermissionSet>::get_Current()	mscorlib
InternalEnumerator_1__ctor_m39232262_AdjustorThunk	System.Void System.Array/InternalEnumerator`1<System.Reflection.ParameterModifier>::.ctor(System.Array)	mscorlib
InternalEnumerator_1_System_Collections_IEnumerator_Reset_m3165277182_AdjustorThunk	System.Void System.Array/InternalEnumerator`1<System.Reflection.ParameterModifier>::System.Collections.IEnumerator.Reset()	mscorlib
InternalEnumerator_1_System_Collections_IEnumerator_get_Current_m694606607_AdjustorThunk	System.Object System.Array/InternalEnumerator`1<System.Reflection.ParameterModifier>::System.Collections.IEnumerator.get_Current()	mscorlib
InternalEnumerator_1_Dispose_m2840529825_AdjustorThunk	System.Void System.Array/InternalEnumerator`1<System.Reflection.ParameterModifier>::Dispose()	mscorlib
InternalEnumerator_1_MoveNext_m3664960764_AdjustorThunk	System.Boolean System.Array/InternalEnumerator`1<System.Reflection.ParameterModifier>::MoveNext()	mscorlib
InternalEnumerator_1_get_Current_m356936020_AdjustorThunk	T System.Array/InternalEnumerator`1<System.Reflection.ParameterModifier>::get_Current()	mscorlib
InternalEnumerator_1__ctor_m1999141680_AdjustorThunk	System.Void System.Array/InternalEnumerator`1<System.Resources.ResourceReader/ResourceCacheItem>::.ctor(System.Array)	mscorlib
InternalEnumerator_1_System_Collections_IEnumerator_Reset_m1259718730_AdjustorThunk	System.Void System.Array/InternalEnumerator`1<System.Resources.ResourceReader/ResourceCacheItem>::System.Collections.IEnumerator.Reset()	mscorlib
InternalEnumerator_1_System_Collections_IEnumerator_get_Current_m2141016822_AdjustorThunk	System.Object System.Array/InternalEnumerator`1<System.Resources.ResourceReader/ResourceCacheItem>::System.Collections.IEnumerator.get_Current()	mscorlib
InternalEnumerator_1_Dispose_m887344916_AdjustorThunk	System.Void System.Array/InternalEnumerator`1<System.Resources.ResourceReader/ResourceCacheItem>::Dispose()	mscorlib
InternalEnumerator_1_MoveNext_m2960571514_AdjustorThunk	System.Boolean System.Array/InternalEnumerator`1<System.Resources.ResourceReader/ResourceCacheItem>::MoveNext()	mscorlib
InternalEnumerator_1_get_Current_m144365666_AdjustorThunk	T System.Array/InternalEnumerator`1<System.Resources.ResourceReader/ResourceCacheItem>::get_Current()	mscorlib
InternalEnumerator_1__ctor_m2908852803_AdjustorThunk	System.Void System.Array/InternalEnumerator`1<System.Resources.ResourceReader/ResourceInfo>::.ctor(System.Array)	mscorlib
InternalEnumerator_1_System_Collections_IEnumerator_Reset_m4008893642_AdjustorThunk	System.Void System.Array/InternalEnumerator`1<System.Resources.ResourceReader/ResourceInfo>::System.Collections.IEnumerator.Reset()	mscorlib
InternalEnumerator_1_System_Collections_IEnumerator_get_Current_m4235876088_AdjustorThunk	System.Object System.Array/InternalEnumerator`1<System.Resources.ResourceReader/ResourceInfo>::System.Collections.IEnumerator.get_Current()	mscorlib
InternalEnumerator_1_Dispose_m725544411_AdjustorThunk	System.Void System.Array/InternalEnumerator`1<System.Resources.ResourceReader/ResourceInfo>::Dispose()	mscorlib
InternalEnumerator_1_MoveNext_m3174983217_AdjustorThunk	System.Boolean System.Array/InternalEnumerator`1<System.Resources.ResourceReader/ResourceInfo>::MoveNext()	mscorlib
InternalEnumerator_1_get_Current_m3191242573_AdjustorThunk	T System.Array/InternalEnumerator`1<System.Resources.ResourceReader/ResourceInfo>::get_Current()	mscorlib
InternalEnumerator_1__ctor_m4200721464_AdjustorThunk	System.Void System.Array/InternalEnumerator`1<System.Runtime.Serialization.Formatters.Binary.TypeTag>::.ctor(System.Array)	mscorlib
InternalEnumerator_1_System_Collections_IEnumerator_Reset_m2234754688_AdjustorThunk	System.Void System.Array/InternalEnumerator`1<System.Runtime.Serialization.Formatters.Binary.TypeTag>::System.Collections.IEnumerator.Reset()	mscorlib
InternalEnumerator_1_System_Collections_IEnumerator_get_Current_m3892960115_AdjustorThunk	System.Object System.Array/InternalEnumerator`1<System.Runtime.Serialization.Formatters.Binary.TypeTag>::System.Collections.IEnumerator.get_Current()	mscorlib
InternalEnumerator_1_Dispose_m3983612351_AdjustorThunk	System.Void System.Array/InternalEnumerator`1<System.Runtime.Serialization.Formatters.Binary.TypeTag>::Dispose()	mscorlib
InternalEnumerator_1_MoveNext_m1020308708_AdjustorThunk	System.Boolean System.Array/InternalEnumerator`1<System.Runtime.Serialization.Formatters.Binary.TypeTag>::MoveNext()	mscorlib
InternalEnumerator_1_get_Current_m3911557813_AdjustorThunk	T System.Array/InternalEnumerator`1<System.Runtime.Serialization.Formatters.Binary.TypeTag>::get_Current()	mscorlib
InternalEnumerator_1__ctor_m3460713284_AdjustorThunk	System.Void System.Array/InternalEnumerator`1<System.SByte>::.ctor(System.Array)	mscorlib
InternalEnumerator_1_System_Collections_IEnumerator_Reset_m3545912565_AdjustorThunk	System.Void System.Array/InternalEnumerator`1<System.SByte>::System.Collections.IEnumerator.Reset()	mscorlib
InternalEnumerator_1_System_Collections_IEnumerator_get_Current_m767948013_AdjustorThunk	System.Object System.Array/InternalEnumerator`1<System.SByte>::System.Collections.IEnumerator.get_Current()	mscorlib
InternalEnumerator_1_Dispose_m1406845627_AdjustorThunk	System.Void System.Array/InternalEnumerator`1<System.SByte>::Dispose()	mscorlib
InternalEnumerator_1_MoveNext_m1015797184_AdjustorThunk	System.Boolean System.Array/InternalEnumerator`1<System.SByte>::MoveNext()	mscorlib
InternalEnumerator_1_get_Current_m1408339225_AdjustorThunk	T System.Array/InternalEnumerator`1<System.SByte>::get_Current()	mscorlib
InternalEnumerator_1__ctor_m3443175323_AdjustorThunk	System.Void System.Array/InternalEnumerator`1<System.Security.Cryptography.X509Certificates.X509ChainStatus>::.ctor(System.Array)	mscorlib
InternalEnumerator_1_System_Collections_IEnumerator_Reset_m2314612291_AdjustorThunk	System.Void System.Array/InternalEnumerator`1<System.Security.Cryptography.X509Certificates.X509ChainStatus>::System.Collections.IEnumerator.Reset()	mscorlib
InternalEnumerator_1_System_Collections_IEnumerator_get_Current_m1096730143_AdjustorThunk	System.Object System.Array/InternalEnumerator`1<System.Security.Cryptography.X509Certificates.X509ChainStatus>::System.Collections.IEnumerator.get_Current()	mscorlib
InternalEnumerator_1_Dispose_m469889800_AdjustorThunk	System.Void System.Array/InternalEnumerator`1<System.Security.Cryptography.X509Certificates.X509ChainStatus>::Dispose()	mscorlib
InternalEnumerator_1_MoveNext_m1732823414_AdjustorThunk	System.Boolean System.Array/InternalEnumerator`1<System.Security.Cryptography.X509Certificates.X509ChainStatus>::MoveNext()	mscorlib
InternalEnumerator_1_get_Current_m2389908135_AdjustorThunk	T System.Array/InternalEnumerator`1<System.Security.Cryptography.X509Certificates.X509ChainStatus>::get_Current()	mscorlib
InternalEnumerator_1__ctor_m31115849_AdjustorThunk	System.Void System.Array/InternalEnumerator`1<System.Single>::.ctor(System.Array)	mscorlib
InternalEnumerator_1_System_Collections_IEnumerator_Reset_m1181721336_AdjustorThunk	System.Void System.Array/InternalEnumerator`1<System.Single>::System.Collections.IEnumerator.Reset()	mscorlib
InternalEnumerator_1_System_Collections_IEnumerator_get_Current_m1823542095_AdjustorThunk	System.Object System.Array/InternalEnumerator`1<System.Single>::System.Collections.IEnumerator.get_Current()	mscorlib
InternalEnumerator_1_Dispose_m630370856_AdjustorThunk	System.Void System.Array/InternalEnumerator`1<System.Single>::Dispose()	mscorlib
InternalEnumerator_1_MoveNext_m3134701632_AdjustorThunk	System.Boolean System.Array/InternalEnumerator`1<System.Single>::MoveNext()	mscorlib
InternalEnumerator_1_get_Current_m2612852447_AdjustorThunk	T System.Array/InternalEnumerator`1<System.Single>::get_Current()	mscorlib
InternalEnumerator_1__ctor_m1122952091_AdjustorThunk	System.Void System.Array/InternalEnumerator`1<System.Text.RegularExpressions.Mark>::.ctor(System.Array)	mscorlib
InternalEnumerator_1_System_Collections_IEnumerator_Reset_m396346696_AdjustorThunk	System.Void System.Array/InternalEnumerator`1<System.Text.RegularExpressions.Mark>::System.Collections.IEnumerator.Reset()	mscorlib
InternalEnumerator_1_System_Collections_IEnumerator_get_Current_m4088805473_AdjustorThunk	System.Object System.Array/InternalEnumerator`1<System.Text.RegularExpressions.Mark>::System.Collections.IEnumerator.get_Current()	mscorlib
InternalEnumerator_1_Dispose_m1837758743_AdjustorThunk	System.Void System.Array/InternalEnumerator`1<System.Text.RegularExpressions.Mark>::Dispose()	mscorlib
InternalEnumerator_1_MoveNext_m4133541970_AdjustorThunk	System.Boolean System.Array/InternalEnumerator`1<System.Text.RegularExpressions.Mark>::MoveNext()	mscorlib
InternalEnumerator_1_get_Current_m1909182215_AdjustorThunk	T System.Array/InternalEnumerator`1<System.Text.RegularExpressions.Mark>::get_Current()	mscorlib
InternalEnumerator_1__ctor_m3261326277_AdjustorThunk	System.Void System.Array/InternalEnumerator`1<System.TimeSpan>::.ctor(System.Array)	mscorlib
InternalEnumerator_1_System_Collections_IEnumerator_Reset_m3763767775_AdjustorThunk	System.Void System.Array/InternalEnumerator`1<System.TimeSpan>::System.Collections.IEnumerator.Reset()	mscorlib
InternalEnumerator_1_System_Collections_IEnumerator_get_Current_m1299775605_AdjustorThunk	System.Object System.Array/InternalEnumerator`1<System.TimeSpan>::System.Collections.IEnumerator.get_Current()	mscorlib
InternalEnumerator_1_Dispose_m4260521517_AdjustorThunk	System.Void System.Array/InternalEnumerator`1<System.TimeSpan>::Dispose()	mscorlib
InternalEnumerator_1_MoveNext_m3958061110_AdjustorThunk	System.Boolean System.Array/InternalEnumerator`1<System.TimeSpan>::MoveNext()	mscorlib
InternalEnumerator_1_get_Current_m1698047500_AdjustorThunk	T System.Array/InternalEnumerator`1<System.TimeSpan>::get_Current()	mscorlib
InternalEnumerator_1__ctor_m2202456613_AdjustorThunk	System.Void System.Array/InternalEnumerator`1<System.UInt16>::.ctor(System.Array)	mscorlib
InternalEnumerator_1_System_Collections_IEnumerator_Reset_m3848218235_AdjustorThunk	System.Void System.Array/InternalEnumerator`1<System.UInt16>::System.Collections.IEnumerator.Reset()	mscorlib
InternalEnumerator_1_System_Collections_IEnumerator_get_Current_m191386315_AdjustorThunk	System.Object System.Array/InternalEnumerator`1<System.UInt16>::System.Collections.IEnumerator.get_Current()	mscorlib
InternalEnumerator_1_Dispose_m359678482_AdjustorThunk	System.Void System.Array/InternalEnumerator`1<System.UInt16>::Dispose()	mscorlib
InternalEnumerator_1_MoveNext_m973048327_AdjustorThunk	System.Boolean System.Array/InternalEnumerator`1<System.UInt16>::MoveNext()	mscorlib
InternalEnumerator_1_get_Current_m784835552_AdjustorThunk	T System.Array/InternalEnumerator`1<System.UInt16>::get_Current()	mscorlib
InternalEnumerator_1__ctor_m3383770493_AdjustorThunk	System.Void System.Array/InternalEnumerator`1<System.UInt32>::.ctor(System.Array)	mscorlib
InternalEnumerator_1_System_Collections_IEnumerator_Reset_m342565588_AdjustorThunk	System.Void System.Array/InternalEnumerator`1<System.UInt32>::System.Collections.IEnumerator.Reset()	mscorlib
InternalEnumerator_1_System_Collections_IEnumerator_get_Current_m1612699335_AdjustorThunk	System.Object System.Array/InternalEnumerator`1<System.UInt32>::System.Collections.IEnumerator.get_Current()	mscorlib
InternalEnumerator_1_Dispose_m1121538879_AdjustorThunk	System.Void System.Array/InternalEnumerator`1<System.UInt32>::Dispose()	mscorlib
InternalEnumerator_1_MoveNext_m3855324972_AdjustorThunk	System.Boolean System.Array/InternalEnumerator`1<System.UInt32>::MoveNext()	mscorlib
InternalEnumerator_1_get_Current_m1897120917_AdjustorThunk	T System.Array/InternalEnumerator`1<System.UInt32>::get_Current()	mscorlib
InternalEnumerator_1__ctor_m3215746182_AdjustorThunk	System.Void System.Array/InternalEnumerator`1<System.UInt64>::.ctor(System.Array)	mscorlib
InternalEnumerator_1_System_Collections_IEnumerator_Reset_m872612294_AdjustorThunk	System.Void System.Array/InternalEnumerator`1<System.UInt64>::System.Collections.IEnumerator.Reset()	mscorlib
InternalEnumerator_1_System_Collections_IEnumerator_get_Current_m2395961985_AdjustorThunk	System.Object System.Array/InternalEnumerator`1<System.UInt64>::System.Collections.IEnumerator.get_Current()	mscorlib
InternalEnumerator_1_Dispose_m3637184090_AdjustorThunk	System.Void System.Array/InternalEnumerator`1<System.UInt64>::Dispose()	mscorlib
InternalEnumerator_1_MoveNext_m1975820803_AdjustorThunk	System.Boolean System.Array/InternalEnumerator`1<System.UInt64>::MoveNext()	mscorlib
InternalEnumerator_1_get_Current_m1588647567_AdjustorThunk	T System.Array/InternalEnumerator`1<System.UInt64>::get_Current()	mscorlib
InternalEnumerator_1__ctor_m362401472_AdjustorThunk	System.Void System.Array/InternalEnumerator`1<System.Uri/UriScheme>::.ctor(System.Array)	mscorlib
InternalEnumerator_1_System_Collections_IEnumerator_Reset_m4196663616_AdjustorThunk	System.Void System.Array/InternalEnumerator`1<System.Uri/UriScheme>::System.Collections.IEnumerator.Reset()	mscorlib
InternalEnumerator_1_System_Collections_IEnumerator_get_Current_m2671801110_AdjustorThunk	System.Object System.Array/InternalEnumerator`1<System.Uri/UriScheme>::System.Collections.IEnumerator.get_Current()	mscorlib
InternalEnumerator_1_Dispose_m648941584_AdjustorThunk	System.Void System.Array/InternalEnumerator`1<System.Uri/UriScheme>::Dispose()	mscorlib
InternalEnumerator_1_MoveNext_m190587569_AdjustorThunk	System.Boolean System.Array/InternalEnumerator`1<System.Uri/UriScheme>::MoveNext()	mscorlib
InternalEnumerator_1_get_Current_m1007906068_AdjustorThunk	T System.Array/InternalEnumerator`1<System.Uri/UriScheme>::get_Current()	mscorlib
InternalEnumerator_1__ctor_m2616789963_AdjustorThunk	System.Void System.Array/InternalEnumerator`1<UnityEngine.BeforeRenderHelper/OrderBlock>::.ctor(System.Array)	mscorlib
InternalEnumerator_1_System_Collections_IEnumerator_Reset_m3355902602_AdjustorThunk	System.Void System.Array/InternalEnumerator`1<UnityEngine.BeforeRenderHelper/OrderBlock>::System.Collections.IEnumerator.Reset()	mscorlib
InternalEnumerator_1_System_Collections_IEnumerator_get_Current_m690851430_AdjustorThunk	System.Object System.Array/InternalEnumerator`1<UnityEngine.BeforeRenderHelper/OrderBlock>::System.Collections.IEnumerator.get_Current()	mscorlib
InternalEnumerator_1_Dispose_m3566491637_AdjustorThunk	System.Void System.Array/InternalEnumerator`1<UnityEngine.BeforeRenderHelper/OrderBlock>::Dispose()	mscorlib
InternalEnumerator_1_MoveNext_m1524093431_AdjustorThunk	System.Boolean System.Array/InternalEnumerator`1<UnityEngine.BeforeRenderHelper/OrderBlock>::MoveNext()	mscorlib
InternalEnumerator_1_get_Current_m2112392701_AdjustorThunk	T System.Array/InternalEnumerator`1<UnityEngine.BeforeRenderHelper/OrderBlock>::get_Current()	mscorlib
InternalEnumerator_1__ctor_m2503697330_AdjustorThunk	System.Void System.Array/InternalEnumerator`1<UnityEngine.Color>::.ctor(System.Array)	mscorlib
InternalEnumerator_1_System_Collections_IEnumerator_Reset_m3274912808_AdjustorThunk	System.Void System.Array/InternalEnumerator`1<UnityEngine.Color>::System.Collections.IEnumerator.Reset()	mscorlib
InternalEnumerator_1_System_Collections_IEnumerator_get_Current_m3060923356_AdjustorThunk	System.Object System.Array/InternalEnumerator`1<UnityEngine.Color>::System.Collections.IEnumerator.get_Current()	mscorlib
InternalEnumerator_1_Dispose_m2015539009_AdjustorThunk	System.Void System.Array/InternalEnumerator`1<UnityEngine.Color>::Dispose()	mscorlib
InternalEnumerator_1_MoveNext_m683739489_AdjustorThunk	System.Boolean System.Array/InternalEnumerator`1<UnityEngine.Color>::MoveNext()	mscorlib
InternalEnumerator_1_get_Current_m3720421287_AdjustorThunk	T System.Array/InternalEnumerator`1<UnityEngine.Color>::get_Current()	mscorlib
InternalEnumerator_1__ctor_m539509188_AdjustorThunk	System.Void System.Array/InternalEnumerator`1<UnityEngine.Color32>::.ctor(System.Array)	mscorlib
InternalEnumerator_1_System_Collections_IEnumerator_Reset_m996811230_AdjustorThunk	System.Void System.Array/InternalEnumerator`1<UnityEngine.Color32>::System.Collections.IEnumerator.Reset()	mscorlib
InternalEnumerator_1_System_Collections_IEnumerator_get_Current_m4196752819_AdjustorThunk	System.Object System.Array/InternalEnumerator`1<UnityEngine.Color32>::System.Collections.IEnumerator.get_Current()	mscorlib
InternalEnumerator_1_Dispose_m3259955982_AdjustorThunk	System.Void System.Array/InternalEnumerator`1<UnityEngine.Color32>::Dispose()	mscorlib
InternalEnumerator_1_MoveNext_m1590908934_AdjustorThunk	System.Boolean System.Array/InternalEnumerator`1<UnityEngine.Color32>::MoveNext()	mscorlib
InternalEnumerator_1_get_Current_m1232221964_AdjustorThunk	T System.Array/InternalEnumerator`1<UnityEngine.Color32>::get_Current()	mscorlib
InternalEnumerator_1__ctor_m1352157576_AdjustorThunk	System.Void System.Array/InternalEnumerator`1<UnityEngine.ContactPoint>::.ctor(System.Array)	mscorlib
InternalEnumerator_1_System_Collections_IEnumerator_Reset_m1009155168_AdjustorThunk	System.Void System.Array/InternalEnumerator`1<UnityEngine.ContactPoint>::System.Collections.IEnumerator.Reset()	mscorlib
InternalEnumerator_1_System_Collections_IEnumerator_get_Current_m629296715_AdjustorThunk	System.Object System.Array/InternalEnumerator`1<UnityEngine.ContactPoint>::System.Collections.IEnumerator.get_Current()	mscorlib
InternalEnumerator_1_Dispose_m756188704_AdjustorThunk	System.Void System.Array/InternalEnumerator`1<UnityEngine.ContactPoint>::Dispose()	mscorlib
InternalEnumerator_1_MoveNext_m1187868016_AdjustorThunk	System.Boolean System.Array/InternalEnumerator`1<UnityEngine.ContactPoint>::MoveNext()	mscorlib
InternalEnumerator_1_get_Current_m2315302778_AdjustorThunk	T System.Array/InternalEnumerator`1<UnityEngine.ContactPoint>::get_Current()	mscorlib
InternalEnumerator_1__ctor_m2311732727_AdjustorThunk	System.Void System.Array/InternalEnumerator`1<UnityEngine.EventSystems.RaycastResult>::.ctor(System.Array)	mscorlib
InternalEnumerator_1_System_Collections_IEnumerator_Reset_m1686642781_AdjustorThunk	System.Void System.Array/InternalEnumerator`1<UnityEngine.EventSystems.RaycastResult>::System.Collections.IEnumerator.Reset()	mscorlib
InternalEnumerator_1_System_Collections_IEnumerator_get_Current_m923624021_AdjustorThunk	System.Object System.Array/InternalEnumerator`1<UnityEngine.EventSystems.RaycastResult>::System.Collections.IEnumerator.get_Current()	mscorlib
InternalEnumerator_1_Dispose_m3517794894_AdjustorThunk	System.Void System.Array/InternalEnumerator`1<UnityEngine.EventSystems.RaycastResult>::Dispose()	mscorlib
InternalEnumerator_1_MoveNext_m1344185775_AdjustorThunk	System.Boolean System.Array/InternalEnumerator`1<UnityEngine.EventSystems.RaycastResult>::MoveNext()	mscorlib
InternalEnumerator_1_get_Current_m254780543_AdjustorThunk	T System.Array/InternalEnumerator`1<UnityEngine.EventSystems.RaycastResult>::get_Current()	mscorlib
InternalEnumerator_1__ctor_m1744883412_AdjustorThunk	System.Void System.Array/InternalEnumerator`1<UnityEngine.Keyframe>::.ctor(System.Array)	mscorlib
InternalEnumerator_1_System_Collections_IEnumerator_Reset_m3217592429_AdjustorThunk	System.Void System.Array/InternalEnumerator`1<UnityEngine.Keyframe>::System.Collections.IEnumerator.Reset()	mscorlib
InternalEnumerator_1_System_Collections_IEnumerator_get_Current_m605068928_AdjustorThunk	System.Object System.Array/InternalEnumerator`1<UnityEngine.Keyframe>::System.Collections.IEnumerator.get_Current()	mscorlib
InternalEnumerator_1_Dispose_m3211169941_AdjustorThunk	System.Void System.Array/InternalEnumerator`1<UnityEngine.Keyframe>::Dispose()	mscorlib
InternalEnumerator_1_MoveNext_m1109261117_AdjustorThunk	System.Boolean System.Array/InternalEnumerator`1<UnityEngine.Keyframe>::MoveNext()	mscorlib
InternalEnumerator_1_get_Current_m2907722321_AdjustorThunk	T System.Array/InternalEnumerator`1<UnityEngine.Keyframe>::get_Current()	mscorlib
InternalEnumerator_1__ctor_m4124630986_AdjustorThunk	System.Void System.Array/InternalEnumerator`1<UnityEngine.Playables.PlayableBinding>::.ctor(System.Array)	mscorlib
InternalEnumerator_1_System_Collections_IEnumerator_Reset_m729791527_AdjustorThunk	System.Void System.Array/InternalEnumerator`1<UnityEngine.Playables.PlayableBinding>::System.Collections.IEnumerator.Reset()	mscorlib
InternalEnumerator_1_System_Collections_IEnumerator_get_Current_m3854084659_AdjustorThunk	System.Object System.Array/InternalEnumerator`1<UnityEngine.Playables.PlayableBinding>::System.Collections.IEnumerator.get_Current()	mscorlib
InternalEnumerator_1_Dispose_m3818541596_AdjustorThunk	System.Void System.Array/InternalEnumerator`1<UnityEngine.Playables.PlayableBinding>::Dispose()	mscorlib
InternalEnumerator_1_MoveNext_m1096095130_AdjustorThunk	System.Boolean System.Array/InternalEnumerator`1<UnityEngine.Playables.PlayableBinding>::MoveNext()	mscorlib
InternalEnumerator_1_get_Current_m2446410893_AdjustorThunk	T System.Array/InternalEnumerator`1<UnityEngine.Playables.PlayableBinding>::get_Current()	mscorlib
InternalEnumerator_1__ctor_m1879731542_AdjustorThunk	System.Void System.Array/InternalEnumerator`1<UnityEngine.PostProcessing.AntialiasingModel/FxaaConsoleSettings>::.ctor(System.Array)	mscorlib
InternalEnumerator_1_System_Collections_IEnumerator_Reset_m3048901100_AdjustorThunk	System.Void System.Array/InternalEnumerator`1<UnityEngine.PostProcessing.AntialiasingModel/FxaaConsoleSettings>::System.Collections.IEnumerator.Reset()	mscorlib
InternalEnumerator_1_System_Collections_IEnumerator_get_Current_m3689801624_AdjustorThunk	System.Object System.Array/InternalEnumerator`1<UnityEngine.PostProcessing.AntialiasingModel/FxaaConsoleSettings>::System.Collections.IEnumerator.get_Current()	mscorlib
InternalEnumerator_1_Dispose_m59596626_AdjustorThunk	System.Void System.Array/InternalEnumerator`1<UnityEngine.PostProcessing.AntialiasingModel/FxaaConsoleSettings>::Dispose()	mscorlib
InternalEnumerator_1_MoveNext_m713341820_AdjustorThunk	System.Boolean System.Array/InternalEnumerator`1<UnityEngine.PostProcessing.AntialiasingModel/FxaaConsoleSettings>::MoveNext()	mscorlib
InternalEnumerator_1_get_Current_m912040465_AdjustorThunk	T System.Array/InternalEnumerator`1<UnityEngine.PostProcessing.AntialiasingModel/FxaaConsoleSettings>::get_Current()	mscorlib
InternalEnumerator_1__ctor_m370679764_AdjustorThunk	System.Void System.Array/InternalEnumerator`1<UnityEngine.PostProcessing.AntialiasingModel/FxaaQualitySettings>::.ctor(System.Array)	mscorlib
InternalEnumerator_1_System_Collections_IEnumerator_Reset_m1823640235_AdjustorThunk	System.Void System.Array/InternalEnumerator`1<UnityEngine.PostProcessing.AntialiasingModel/FxaaQualitySettings>::System.Collections.IEnumerator.Reset()	mscorlib
InternalEnumerator_1_System_Collections_IEnumerator_get_Current_m1350293512_AdjustorThunk	System.Object System.Array/InternalEnumerator`1<UnityEngine.PostProcessing.AntialiasingModel/FxaaQualitySettings>::System.Collections.IEnumerator.get_Current()	mscorlib
InternalEnumerator_1_Dispose_m3339752170_AdjustorThunk	System.Void System.Array/InternalEnumerator`1<UnityEngine.PostProcessing.AntialiasingModel/FxaaQualitySettings>::Dispose()	mscorlib
InternalEnumerator_1_MoveNext_m3483718008_AdjustorThunk	System.Boolean System.Array/InternalEnumerator`1<UnityEngine.PostProcessing.AntialiasingModel/FxaaQualitySettings>::MoveNext()	mscorlib
InternalEnumerator_1_get_Current_m3627032923_AdjustorThunk	T System.Array/InternalEnumerator`1<UnityEngine.PostProcessing.AntialiasingModel/FxaaQualitySettings>::get_Current()	mscorlib
InternalEnumerator_1__ctor_m310653247_AdjustorThunk	System.Void System.Array/InternalEnumerator`1<UnityEngine.PostProcessing.MotionBlurComponent/FrameBlendingFilter/Frame>::.ctor(System.Array)	mscorlib
InternalEnumerator_1_System_Collections_IEnumerator_Reset_m515666053_AdjustorThunk	System.Void System.Array/InternalEnumerator`1<UnityEngine.PostProcessing.MotionBlurComponent/FrameBlendingFilter/Frame>::System.Collections.IEnumerator.Reset()	mscorlib
InternalEnumerator_1_System_Collections_IEnumerator_get_Current_m2517033834_AdjustorThunk	System.Object System.Array/InternalEnumerator`1<UnityEngine.PostProcessing.MotionBlurComponent/FrameBlendingFilter/Frame>::System.Collections.IEnumerator.get_Current()	mscorlib
InternalEnumerator_1_Dispose_m3486968111_AdjustorThunk	System.Void System.Array/InternalEnumerator`1<UnityEngine.PostProcessing.MotionBlurComponent/FrameBlendingFilter/Frame>::Dispose()	mscorlib
InternalEnumerator_1_MoveNext_m1609678597_AdjustorThunk	System.Boolean System.Array/InternalEnumerator`1<UnityEngine.PostProcessing.MotionBlurComponent/FrameBlendingFilter/Frame>::MoveNext()	mscorlib
InternalEnumerator_1_get_Current_m319611346_AdjustorThunk	T System.Array/InternalEnumerator`1<UnityEngine.PostProcessing.MotionBlurComponent/FrameBlendingFilter/Frame>::get_Current()	mscorlib
InternalEnumerator_1__ctor_m615777089_AdjustorThunk	System.Void System.Array/InternalEnumerator`1<UnityEngine.RaycastHit>::.ctor(System.Array)	mscorlib
InternalEnumerator_1_System_Collections_IEnumerator_Reset_m2621383412_AdjustorThunk	System.Void System.Array/InternalEnumerator`1<UnityEngine.RaycastHit>::System.Collections.IEnumerator.Reset()	mscorlib
InternalEnumerator_1_System_Collections_IEnumerator_get_Current_m1635397542_AdjustorThunk	System.Object System.Array/InternalEnumerator`1<UnityEngine.RaycastHit>::System.Collections.IEnumerator.get_Current()	mscorlib
InternalEnumerator_1_Dispose_m958164402_AdjustorThunk	System.Void System.Array/InternalEnumerator`1<UnityEngine.RaycastHit>::Dispose()	mscorlib
InternalEnumerator_1_MoveNext_m3164144724_AdjustorThunk	System.Boolean System.Array/InternalEnumerator`1<UnityEngine.RaycastHit>::MoveNext()	mscorlib
InternalEnumerator_1_get_Current_m114240259_AdjustorThunk	T System.Array/InternalEnumerator`1<UnityEngine.RaycastHit>::get_Current()	mscorlib
InternalEnumerator_1__ctor_m2635640285_AdjustorThunk	System.Void System.Array/InternalEnumerator`1<UnityEngine.RaycastHit2D>::.ctor(System.Array)	mscorlib
InternalEnumerator_1_System_Collections_IEnumerator_Reset_m1775752715_AdjustorThunk	System.Void System.Array/InternalEnumerator`1<UnityEngine.RaycastHit2D>::System.Collections.IEnumerator.Reset()	mscorlib
InternalEnumerator_1_System_Collections_IEnumerator_get_Current_m2424959150_AdjustorThunk	System.Object System.Array/InternalEnumerator`1<UnityEngine.RaycastHit2D>::System.Collections.IEnumerator.get_Current()	mscorlib
InternalEnumerator_1_Dispose_m555942266_AdjustorThunk	System.Void System.Array/InternalEnumerator`1<UnityEngine.RaycastHit2D>::Dispose()	mscorlib
InternalEnumerator_1_MoveNext_m2734554195_AdjustorThunk	System.Boolean System.Array/InternalEnumerator`1<UnityEngine.RaycastHit2D>::MoveNext()	mscorlib
InternalEnumerator_1_get_Current_m1655128652_AdjustorThunk	T System.Array/InternalEnumerator`1<UnityEngine.RaycastHit2D>::get_Current()	mscorlib
InternalEnumerator_1__ctor_m1373629286_AdjustorThunk	System.Void System.Array/InternalEnumerator`1<UnityEngine.RenderBuffer>::.ctor(System.Array)	mscorlib
InternalEnumerator_1_System_Collections_IEnumerator_Reset_m1326402863_AdjustorThunk	System.Void System.Array/InternalEnumerator`1<UnityEngine.RenderBuffer>::System.Collections.IEnumerator.Reset()	mscorlib
InternalEnumerator_1_System_Collections_IEnumerator_get_Current_m3974073314_AdjustorThunk	System.Object System.Array/InternalEnumerator`1<UnityEngine.RenderBuffer>::System.Collections.IEnumerator.get_Current()	mscorlib
InternalEnumerator_1_Dispose_m2711271369_AdjustorThunk	System.Void System.Array/InternalEnumerator`1<UnityEngine.RenderBuffer>::Dispose()	mscorlib
InternalEnumerator_1_MoveNext_m3937417242_AdjustorThunk	System.Boolean System.Array/InternalEnumerator`1<UnityEngine.RenderBuffer>::MoveNext()	mscorlib
InternalEnumerator_1_get_Current_m2761212257_AdjustorThunk	T System.Array/InternalEnumerator`1<UnityEngine.RenderBuffer>::get_Current()	mscorlib
InternalEnumerator_1__ctor_m2580758168_AdjustorThunk	System.Void System.Array/InternalEnumerator`1<UnityEngine.Rendering.RenderTargetIdentifier>::.ctor(System.Array)	mscorlib
InternalEnumerator_1_System_Collections_IEnumerator_Reset_m4183847387_AdjustorThunk	System.Void System.Array/InternalEnumerator`1<UnityEngine.Rendering.RenderTargetIdentifier>::System.Collections.IEnumerator.Reset()	mscorlib
InternalEnumerator_1_System_Collections_IEnumerator_get_Current_m2123096411_AdjustorThunk	System.Object System.Array/InternalEnumerator`1<UnityEngine.Rendering.RenderTargetIdentifier>::System.Collections.IEnumerator.get_Current()	mscorlib
InternalEnumerator_1_Dispose_m1560094307_AdjustorThunk	System.Void System.Array/InternalEnumerator`1<UnityEngine.Rendering.RenderTargetIdentifier>::Dispose()	mscorlib
InternalEnumerator_1_MoveNext_m2740384070_AdjustorThunk	System.Boolean System.Array/InternalEnumerator`1<UnityEngine.Rendering.RenderTargetIdentifier>::MoveNext()	mscorlib
InternalEnumerator_1_get_Current_m3321445825_AdjustorThunk	T System.Array/InternalEnumerator`1<UnityEngine.Rendering.RenderTargetIdentifier>::get_Current()	mscorlib
InternalEnumerator_1__ctor_m3892228675_AdjustorThunk	System.Void System.Array/InternalEnumerator`1<UnityEngine.RenderTextureFormat>::.ctor(System.Array)	mscorlib
InternalEnumerator_1_System_Collections_IEnumerator_Reset_m3877799317_AdjustorThunk	System.Void System.Array/InternalEnumerator`1<UnityEngine.RenderTextureFormat>::System.Collections.IEnumerator.Reset()	mscorlib
InternalEnumerator_1_System_Collections_IEnumerator_get_Current_m3570414603_AdjustorThunk	System.Object System.Array/InternalEnumerator`1<UnityEngine.RenderTextureFormat>::System.Collections.IEnumerator.get_Current()	mscorlib
InternalEnumerator_1_Dispose_m395831193_AdjustorThunk	System.Void System.Array/InternalEnumerator`1<UnityEngine.RenderTextureFormat>::Dispose()	mscorlib
InternalEnumerator_1_MoveNext_m1456183704_AdjustorThunk	System.Boolean System.Array/InternalEnumerator`1<UnityEngine.RenderTextureFormat>::MoveNext()	mscorlib
InternalEnumerator_1_get_Current_m4135990374_AdjustorThunk	T System.Array/InternalEnumerator`1<UnityEngine.RenderTextureFormat>::get_Current()	mscorlib
InternalEnumerator_1__ctor_m3913006324_AdjustorThunk	System.Void System.Array/InternalEnumerator`1<UnityEngine.SendMouseEvents/HitInfo>::.ctor(System.Array)	mscorlib
InternalEnumerator_1_System_Collections_IEnumerator_Reset_m1451164462_AdjustorThunk	System.Void System.Array/InternalEnumerator`1<UnityEngine.SendMouseEvents/HitInfo>::System.Collections.IEnumerator.Reset()	mscorlib
InternalEnumerator_1_System_Collections_IEnumerator_get_Current_m2032951142_AdjustorThunk	System.Object System.Array/InternalEnumerator`1<UnityEngine.SendMouseEvents/HitInfo>::System.Collections.IEnumerator.get_Current()	mscorlib
InternalEnumerator_1_Dispose_m3977286481_AdjustorThunk	System.Void System.Array/InternalEnumerator`1<UnityEngine.SendMouseEvents/HitInfo>::Dispose()	mscorlib
InternalEnumerator_1_MoveNext_m2088624192_AdjustorThunk	System.Boolean System.Array/InternalEnumerator`1<UnityEngine.SendMouseEvents/HitInfo>::MoveNext()	mscorlib
InternalEnumerator_1_get_Current_m4124877207_AdjustorThunk	T System.Array/InternalEnumerator`1<UnityEngine.SendMouseEvents/HitInfo>::get_Current()	mscorlib
InternalEnumerator_1__ctor_m1739091604_AdjustorThunk	System.Void System.Array/InternalEnumerator`1<UnityEngine.UI.InputField/ContentType>::.ctor(System.Array)	mscorlib
InternalEnumerator_1_System_Collections_IEnumerator_Reset_m1341907970_AdjustorThunk	System.Void System.Array/InternalEnumerator`1<UnityEngine.UI.InputField/ContentType>::System.Collections.IEnumerator.Reset()	mscorlib
InternalEnumerator_1_System_Collections_IEnumerator_get_Current_m2164048921_AdjustorThunk	System.Object System.Array/InternalEnumerator`1<UnityEngine.UI.InputField/ContentType>::System.Collections.IEnumerator.get_Current()	mscorlib
InternalEnumerator_1_Dispose_m28687982_AdjustorThunk	System.Void System.Array/InternalEnumerator`1<UnityEngine.UI.InputField/ContentType>::Dispose()	mscorlib
InternalEnumerator_1_MoveNext_m1555187632_AdjustorThunk	System.Boolean System.Array/InternalEnumerator`1<UnityEngine.UI.InputField/ContentType>::MoveNext()	mscorlib
InternalEnumerator_1_get_Current_m2350635577_AdjustorThunk	T System.Array/InternalEnumerator`1<UnityEngine.UI.InputField/ContentType>::get_Current()	mscorlib
InternalEnumerator_1__ctor_m4175030001_AdjustorThunk	System.Void System.Array/InternalEnumerator`1<UnityEngine.UICharInfo>::.ctor(System.Array)	mscorlib
InternalEnumerator_1_System_Collections_IEnumerator_Reset_m2305395628_AdjustorThunk	System.Void System.Array/InternalEnumerator`1<UnityEngine.UICharInfo>::System.Collections.IEnumerator.Reset()	mscorlib
InternalEnumerator_1_System_Collections_IEnumerator_get_Current_m2649471526_AdjustorThunk	System.Object System.Array/InternalEnumerator`1<UnityEngine.UICharInfo>::System.Collections.IEnumerator.get_Current()	mscorlib
InternalEnumerator_1_Dispose_m3790132913_AdjustorThunk	System.Void System.Array/InternalEnumerator`1<UnityEngine.UICharInfo>::Dispose()	mscorlib
InternalEnumerator_1_MoveNext_m3713722659_AdjustorThunk	System.Boolean System.Array/InternalEnumerator`1<UnityEngine.UICharInfo>::MoveNext()	mscorlib
InternalEnumerator_1_get_Current_m3792939945_AdjustorThunk	T System.Array/InternalEnumerator`1<UnityEngine.UICharInfo>::get_Current()	mscorlib
InternalEnumerator_1__ctor_m3322594868_AdjustorThunk	System.Void System.Array/InternalEnumerator`1<UnityEngine.UILineInfo>::.ctor(System.Array)	mscorlib
InternalEnumerator_1_System_Collections_IEnumerator_Reset_m1601477281_AdjustorThunk	System.Void System.Array/InternalEnumerator`1<UnityEngine.UILineInfo>::System.Collections.IEnumerator.Reset()	mscorlib
InternalEnumerator_1_System_Collections_IEnumerator_get_Current_m3553395619_AdjustorThunk	System.Object System.Array/InternalEnumerator`1<UnityEngine.UILineInfo>::System.Collections.IEnumerator.get_Current()	mscorlib
InternalEnumerator_1_Dispose_m2788308318_AdjustorThunk	System.Void System.Array/InternalEnumerator`1<UnityEngine.UILineInfo>::Dispose()	mscorlib
InternalEnumerator_1_MoveNext_m1396448578_AdjustorThunk	System.Boolean System.Array/InternalEnumerator`1<UnityEngine.UILineInfo>::MoveNext()	mscorlib
InternalEnumerator_1_get_Current_m1070921822_AdjustorThunk	T System.Array/InternalEnumerator`1<UnityEngine.UILineInfo>::get_Current()	mscorlib
InternalEnumerator_1__ctor_m2490839835_AdjustorThunk	System.Void System.Array/InternalEnumerator`1<UnityEngine.UIVertex>::.ctor(System.Array)	mscorlib
InternalEnumerator_1_System_Collections_IEnumerator_Reset_m4072625129_AdjustorThunk	System.Void System.Array/InternalEnumerator`1<UnityEngine.UIVertex>::System.Collections.IEnumerator.Reset()	mscorlib
InternalEnumerator_1_System_Collections_IEnumerator_get_Current_m2209458050_AdjustorThunk	System.Object System.Array/InternalEnumerator`1<UnityEngine.UIVertex>::System.Collections.IEnumerator.get_Current()	mscorlib
InternalEnumerator_1_Dispose_m365545176_AdjustorThunk	System.Void System.Array/InternalEnumerator`1<UnityEngine.UIVertex>::Dispose()	mscorlib
InternalEnumerator_1_MoveNext_m3686444574_AdjustorThunk	System.Boolean System.Array/InternalEnumerator`1<UnityEngine.UIVertex>::MoveNext()	mscorlib
InternalEnumerator_1_get_Current_m1534474313_AdjustorThunk	T System.Array/InternalEnumerator`1<UnityEngine.UIVertex>::get_Current()	mscorlib
InternalEnumerator_1__ctor_m3022010316_AdjustorThunk	System.Void System.Array/InternalEnumerator`1<UnityEngine.UnitySynchronizationContext/WorkRequest>::.ctor(System.Array)	mscorlib
InternalEnumerator_1_System_Collections_IEnumerator_Reset_m3613328076_AdjustorThunk	System.Void System.Array/InternalEnumerator`1<UnityEngine.UnitySynchronizationContext/WorkRequest>::System.Collections.IEnumerator.Reset()	mscorlib
InternalEnumerator_1_System_Collections_IEnumerator_get_Current_m3539708496_AdjustorThunk	System.Object System.Array/InternalEnumerator`1<UnityEngine.UnitySynchronizationContext/WorkRequest>::System.Collections.IEnumerator.get_Current()	mscorlib
InternalEnumerator_1_Dispose_m436383441_AdjustorThunk	System.Void System.Array/InternalEnumerator`1<UnityEngine.UnitySynchronizationContext/WorkRequest>::Dispose()	mscorlib
InternalEnumerator_1_MoveNext_m1269299718_AdjustorThunk	System.Boolean System.Array/InternalEnumerator`1<UnityEngine.UnitySynchronizationContext/WorkRequest>::MoveNext()	mscorlib
InternalEnumerator_1_get_Current_m2297647799_AdjustorThunk	T System.Array/InternalEnumerator`1<UnityEngine.UnitySynchronizationContext/WorkRequest>::get_Current()	mscorlib
InternalEnumerator_1__ctor_m945079686_AdjustorThunk	System.Void System.Array/InternalEnumerator`1<UnityEngine.Vector2>::.ctor(System.Array)	mscorlib
InternalEnumerator_1_System_Collections_IEnumerator_Reset_m158730371_AdjustorThunk	System.Void System.Array/InternalEnumerator`1<UnityEngine.Vector2>::System.Collections.IEnumerator.Reset()	mscorlib
InternalEnumerator_1_System_Collections_IEnumerator_get_Current_m1847780851_AdjustorThunk	System.Object System.Array/InternalEnumerator`1<UnityEngine.Vector2>::System.Collections.IEnumerator.get_Current()	mscorlib
InternalEnumerator_1_Dispose_m663714168_AdjustorThunk	System.Void System.Array/InternalEnumerator`1<UnityEngine.Vector2>::Dispose()	mscorlib
InternalEnumerator_1_MoveNext_m1262669372_AdjustorThunk	System.Boolean System.Array/InternalEnumerator`1<UnityEngine.Vector2>::MoveNext()	mscorlib
InternalEnumerator_1_get_Current_m3331252162_AdjustorThunk	T System.Array/InternalEnumerator`1<UnityEngine.Vector2>::get_Current()	mscorlib
InternalEnumerator_1__ctor_m4132027968_AdjustorThunk	System.Void System.Array/InternalEnumerator`1<UnityEngine.Vector3>::.ctor(System.Array)	mscorlib
InternalEnumerator_1_System_Collections_IEnumerator_Reset_m1916984356_AdjustorThunk	System.Void System.Array/InternalEnumerator`1<UnityEngine.Vector3>::System.Collections.IEnumerator.Reset()	mscorlib
InternalEnumerator_1_System_Collections_IEnumerator_get_Current_m3537550566_AdjustorThunk	System.Object System.Array/InternalEnumerator`1<UnityEngine.Vector3>::System.Collections.IEnumerator.get_Current()	mscorlib
InternalEnumerator_1_Dispose_m2188147046_AdjustorThunk	System.Void System.Array/InternalEnumerator`1<UnityEngine.Vector3>::Dispose()	mscorlib
InternalEnumerator_1_MoveNext_m1262906009_AdjustorThunk	System.Boolean System.Array/InternalEnumerator`1<UnityEngine.Vector3>::MoveNext()	mscorlib
InternalEnumerator_1_get_Current_m1477715453_AdjustorThunk	T System.Array/InternalEnumerator`1<UnityEngine.Vector3>::get_Current()	mscorlib
InternalEnumerator_1__ctor_m2307827786_AdjustorThunk	System.Void System.Array/InternalEnumerator`1<UnityEngine.Vector4>::.ctor(System.Array)	mscorlib
InternalEnumerator_1_System_Collections_IEnumerator_Reset_m1944844050_AdjustorThunk	System.Void System.Array/InternalEnumerator`1<UnityEngine.Vector4>::System.Collections.IEnumerator.Reset()	mscorlib
InternalEnumerator_1_System_Collections_IEnumerator_get_Current_m3982010935_AdjustorThunk	System.Object System.Array/InternalEnumerator`1<UnityEngine.Vector4>::System.Collections.IEnumerator.get_Current()	mscorlib
InternalEnumerator_1_Dispose_m987068791_AdjustorThunk	System.Void System.Array/InternalEnumerator`1<UnityEngine.Vector4>::Dispose()	mscorlib
InternalEnumerator_1_MoveNext_m1258813334_AdjustorThunk	System.Boolean System.Array/InternalEnumerator`1<UnityEngine.Vector4>::MoveNext()	mscorlib
InternalEnumerator_1_get_Current_m2356858238_AdjustorThunk	T System.Array/InternalEnumerator`1<UnityEngine.Vector4>::get_Current()	mscorlib
DefaultComparer__ctor_m757111150_gshared	System.Void System.Collections.Generic.Comparer`1/DefaultComparer<System.DateTime>::.ctor()	mscorlib
DefaultComparer_Compare_m732589824_gshared	System.Int32 System.Collections.Generic.Comparer`1/DefaultComparer<System.DateTime>::Compare(T,T)	mscorlib
DefaultComparer__ctor_m3288720761_gshared	System.Void System.Collections.Generic.Comparer`1/DefaultComparer<System.DateTimeOffset>::.ctor()	mscorlib
DefaultComparer_Compare_m655397166_gshared	System.Int32 System.Collections.Generic.Comparer`1/DefaultComparer<System.DateTimeOffset>::Compare(T,T)	mscorlib
DefaultComparer__ctor_m1236171334_gshared	System.Void System.Collections.Generic.Comparer`1/DefaultComparer<System.Guid>::.ctor()	mscorlib
DefaultComparer_Compare_m3591589106_gshared	System.Int32 System.Collections.Generic.Comparer`1/DefaultComparer<System.Guid>::Compare(T,T)	mscorlib
DefaultComparer__ctor_m2309314806_gshared	System.Void System.Collections.Generic.Comparer`1/DefaultComparer<System.Int32>::.ctor()	mscorlib
DefaultComparer_Compare_m1297750557_gshared	System.Int32 System.Collections.Generic.Comparer`1/DefaultComparer<System.Int32>::Compare(T,T)	mscorlib
DefaultComparer__ctor_m3333451630_gshared	System.Void System.Collections.Generic.Comparer`1/DefaultComparer<System.Reflection.CustomAttributeNamedArgument>::.ctor()	mscorlib
DefaultComparer_Compare_m982533255_gshared	System.Int32 System.Collections.Generic.Comparer`1/DefaultComparer<System.Reflection.CustomAttributeNamedArgument>::Compare(T,T)	mscorlib
DefaultComparer__ctor_m2039558311_gshared	System.Void System.Collections.Generic.Comparer`1/DefaultComparer<System.Reflection.CustomAttributeTypedArgument>::.ctor()	mscorlib
DefaultComparer_Compare_m947823904_gshared	System.Int32 System.Collections.Generic.Comparer`1/DefaultComparer<System.Reflection.CustomAttributeTypedArgument>::Compare(T,T)	mscorlib
DefaultComparer__ctor_m977417144_gshared	System.Void System.Collections.Generic.Comparer`1/DefaultComparer<System.TimeSpan>::.ctor()	mscorlib
DefaultComparer_Compare_m3967426329_gshared	System.Int32 System.Collections.Generic.Comparer`1/DefaultComparer<System.TimeSpan>::Compare(T,T)	mscorlib
DefaultComparer__ctor_m2420756525_gshared	System.Void System.Collections.Generic.Comparer`1/DefaultComparer<UnityEngine.BeforeRenderHelper/OrderBlock>::.ctor()	mscorlib
DefaultComparer_Compare_m2875223111_gshared	System.Int32 System.Collections.Generic.Comparer`1/DefaultComparer<UnityEngine.BeforeRenderHelper/OrderBlock>::Compare(T,T)	mscorlib
DefaultComparer__ctor_m704436039_gshared	System.Void System.Collections.Generic.Comparer`1/DefaultComparer<UnityEngine.Color32>::.ctor()	mscorlib
DefaultComparer_Compare_m3278268937_gshared	System.Int32 System.Collections.Generic.Comparer`1/DefaultComparer<UnityEngine.Color32>::Compare(T,T)	mscorlib
DefaultComparer__ctor_m1036717011_gshared	System.Void System.Collections.Generic.Comparer`1/DefaultComparer<UnityEngine.EventSystems.RaycastResult>::.ctor()	mscorlib
DefaultComparer_Compare_m1920986590_gshared	System.Int32 System.Collections.Generic.Comparer`1/DefaultComparer<UnityEngine.EventSystems.RaycastResult>::Compare(T,T)	mscorlib
DefaultComparer__ctor_m1074181621_gshared	System.Void System.Collections.Generic.Comparer`1/DefaultComparer<UnityEngine.UICharInfo>::.ctor()	mscorlib
DefaultComparer_Compare_m3931992727_gshared	System.Int32 System.Collections.Generic.Comparer`1/DefaultComparer<UnityEngine.UICharInfo>::Compare(T,T)	mscorlib
DefaultComparer__ctor_m631060898_gshared	System.Void System.Collections.Generic.Comparer`1/DefaultComparer<UnityEngine.UILineInfo>::.ctor()	mscorlib
DefaultComparer_Compare_m1916473435_gshared	System.Int32 System.Collections.Generic.Comparer`1/DefaultComparer<UnityEngine.UILineInfo>::Compare(T,T)	mscorlib
DefaultComparer__ctor_m2906090291_gshared	System.Void System.Collections.Generic.Comparer`1/DefaultComparer<UnityEngine.UIVertex>::.ctor()	mscorlib
DefaultComparer_Compare_m1932373082_gshared	System.Int32 System.Collections.Generic.Comparer`1/DefaultComparer<UnityEngine.UIVertex>::Compare(T,T)	mscorlib
DefaultComparer__ctor_m3508212919_gshared	System.Void System.Collections.Generic.Comparer`1/DefaultComparer<UnityEngine.Vector2>::.ctor()	mscorlib
DefaultComparer_Compare_m3648806637_gshared	System.Int32 System.Collections.Generic.Comparer`1/DefaultComparer<UnityEngine.Vector2>::Compare(T,T)	mscorlib
DefaultComparer__ctor_m3432518839_gshared	System.Void System.Collections.Generic.Comparer`1/DefaultComparer<UnityEngine.Vector3>::.ctor()	mscorlib
DefaultComparer_Compare_m1369122336_gshared	System.Int32 System.Collections.Generic.Comparer`1/DefaultComparer<UnityEngine.Vector3>::Compare(T,T)	mscorlib
DefaultComparer__ctor_m3373864119_gshared	System.Void System.Collections.Generic.Comparer`1/DefaultComparer<UnityEngine.Vector4>::.ctor()	mscorlib
DefaultComparer_Compare_m297694671_gshared	System.Int32 System.Collections.Generic.Comparer`1/DefaultComparer<UnityEngine.Vector4>::Compare(T,T)	mscorlib
Comparer_1__ctor_m1078828713_gshared	System.Void System.Collections.Generic.Comparer`1<System.DateTime>::.ctor()	mscorlib
Comparer_1__cctor_m1018589532_gshared	System.Void System.Collections.Generic.Comparer`1<System.DateTime>::.cctor()	mscorlib
Comparer_1_System_Collections_IComparer_Compare_m4280289861_gshared	System.Int32 System.Collections.Generic.Comparer`1<System.DateTime>::System.Collections.IComparer.Compare(System.Object,System.Object)	mscorlib
Comparer_1_get_Default_m2298505598_gshared	System.Collections.Generic.Comparer`1<T> System.Collections.Generic.Comparer`1<System.DateTime>::get_Default()	mscorlib
Comparer_1__ctor_m3812484202_gshared	System.Void System.Collections.Generic.Comparer`1<System.DateTimeOffset>::.ctor()	mscorlib
Comparer_1__cctor_m3761458313_gshared	System.Void System.Collections.Generic.Comparer`1<System.DateTimeOffset>::.cctor()	mscorlib
Comparer_1_System_Collections_IComparer_Compare_m2537217645_gshared	System.Int32 System.Collections.Generic.Comparer`1<System.DateTimeOffset>::System.Collections.IComparer.Compare(System.Object,System.Object)	mscorlib
Comparer_1_get_Default_m4129565825_gshared	System.Collections.Generic.Comparer`1<T> System.Collections.Generic.Comparer`1<System.DateTimeOffset>::get_Default()	mscorlib
Comparer_1__ctor_m4224961417_gshared	System.Void System.Collections.Generic.Comparer`1<System.Guid>::.ctor()	mscorlib
Comparer_1__cctor_m1360765445_gshared	System.Void System.Collections.Generic.Comparer`1<System.Guid>::.cctor()	mscorlib
Comparer_1_System_Collections_IComparer_Compare_m3331561281_gshared	System.Int32 System.Collections.Generic.Comparer`1<System.Guid>::System.Collections.IComparer.Compare(System.Object,System.Object)	mscorlib
Comparer_1_get_Default_m695486409_gshared	System.Collections.Generic.Comparer`1<T> System.Collections.Generic.Comparer`1<System.Guid>::get_Default()	mscorlib
Comparer_1__ctor_m319670016_gshared	System.Void System.Collections.Generic.Comparer`1<System.Int32>::.ctor()	mscorlib
Comparer_1__cctor_m1333080997_gshared	System.Void System.Collections.Generic.Comparer`1<System.Int32>::.cctor()	mscorlib
Comparer_1_System_Collections_IComparer_Compare_m3319128700_gshared	System.Int32 System.Collections.Generic.Comparer`1<System.Int32>::System.Collections.IComparer.Compare(System.Object,System.Object)	mscorlib
Comparer_1_get_Default_m1370910612_gshared	System.Collections.Generic.Comparer`1<T> System.Collections.Generic.Comparer`1<System.Int32>::get_Default()	mscorlib
Comparer_1__ctor_m2651131752_gshared	System.Void System.Collections.Generic.Comparer`1<System.Reflection.CustomAttributeNamedArgument>::.ctor()	mscorlib
Comparer_1__cctor_m3074762297_gshared	System.Void System.Collections.Generic.Comparer`1<System.Reflection.CustomAttributeNamedArgument>::.cctor()	mscorlib
Comparer_1_System_Collections_IComparer_Compare_m4179495191_gshared	System.Int32 System.Collections.Generic.Comparer`1<System.Reflection.CustomAttributeNamedArgument>::System.Collections.IComparer.Compare(System.Object,System.Object)	mscorlib
Comparer_1_get_Default_m570833748_gshared	System.Collections.Generic.Comparer`1<T> System.Collections.Generic.Comparer`1<System.Reflection.CustomAttributeNamedArgument>::get_Default()	mscorlib
Comparer_1__ctor_m554522841_gshared	System.Void System.Collections.Generic.Comparer`1<System.Reflection.CustomAttributeTypedArgument>::.ctor()	mscorlib
Comparer_1__cctor_m3726381774_gshared	System.Void System.Collections.Generic.Comparer`1<System.Reflection.CustomAttributeTypedArgument>::.cctor()	mscorlib
Comparer_1_System_Collections_IComparer_Compare_m2314014408_gshared	System.Int32 System.Collections.Generic.Comparer`1<System.Reflection.CustomAttributeTypedArgument>::System.Collections.IComparer.Compare(System.Object,System.Object)	mscorlib
Comparer_1_get_Default_m4049309396_gshared	System.Collections.Generic.Comparer`1<T> System.Collections.Generic.Comparer`1<System.Reflection.CustomAttributeTypedArgument>::get_Default()	mscorlib
Comparer_1__ctor_m1627921623_gshared	System.Void System.Collections.Generic.Comparer`1<System.TimeSpan>::.ctor()	mscorlib
Comparer_1__cctor_m2471218188_gshared	System.Void System.Collections.Generic.Comparer`1<System.TimeSpan>::.cctor()	mscorlib
Comparer_1_System_Collections_IComparer_Compare_m664132038_gshared	System.Int32 System.Collections.Generic.Comparer`1<System.TimeSpan>::System.Collections.IComparer.Compare(System.Object,System.Object)	mscorlib
Comparer_1_get_Default_m3102373764_gshared	System.Collections.Generic.Comparer`1<T> System.Collections.Generic.Comparer`1<System.TimeSpan>::get_Default()	mscorlib
Comparer_1__ctor_m598934217_gshared	System.Void System.Collections.Generic.Comparer`1<UnityEngine.BeforeRenderHelper/OrderBlock>::.ctor()	mscorlib
Comparer_1__cctor_m298632577_gshared	System.Void System.Collections.Generic.Comparer`1<UnityEngine.BeforeRenderHelper/OrderBlock>::.cctor()	mscorlib
Comparer_1_System_Collections_IComparer_Compare_m2018996185_gshared	System.Int32 System.Collections.Generic.Comparer`1<UnityEngine.BeforeRenderHelper/OrderBlock>::System.Collections.IComparer.Compare(System.Object,System.Object)	mscorlib
Comparer_1_get_Default_m1947376189_gshared	System.Collections.Generic.Comparer`1<T> System.Collections.Generic.Comparer`1<UnityEngine.BeforeRenderHelper/OrderBlock>::get_Default()	mscorlib
Comparer_1__ctor_m191896560_gshared	System.Void System.Collections.Generic.Comparer`1<UnityEngine.Color32>::.ctor()	mscorlib
Comparer_1__cctor_m257787468_gshared	System.Void System.Collections.Generic.Comparer`1<UnityEngine.Color32>::.cctor()	mscorlib
Comparer_1_System_Collections_IComparer_Compare_m3846404545_gshared	System.Int32 System.Collections.Generic.Comparer`1<UnityEngine.Color32>::System.Collections.IComparer.Compare(System.Object,System.Object)	mscorlib
Comparer_1_get_Default_m600741125_gshared	System.Collections.Generic.Comparer`1<T> System.Collections.Generic.Comparer`1<UnityEngine.Color32>::get_Default()	mscorlib
Comparer_1__ctor_m3649041856_gshared	System.Void System.Collections.Generic.Comparer`1<UnityEngine.EventSystems.RaycastResult>::.ctor()	mscorlib
Comparer_1__cctor_m3918410391_gshared	System.Void System.Collections.Generic.Comparer`1<UnityEngine.EventSystems.RaycastResult>::.cctor()	mscorlib
Comparer_1_System_Collections_IComparer_Compare_m2674146735_gshared	System.Int32 System.Collections.Generic.Comparer`1<UnityEngine.EventSystems.RaycastResult>::System.Collections.IComparer.Compare(System.Object,System.Object)	mscorlib
Comparer_1_get_Default_m1057501344_gshared	System.Collections.Generic.Comparer`1<T> System.Collections.Generic.Comparer`1<UnityEngine.EventSystems.RaycastResult>::get_Default()	mscorlib
Comparer_1__ctor_m3822922119_gshared	System.Void System.Collections.Generic.Comparer`1<UnityEngine.UICharInfo>::.ctor()	mscorlib
Comparer_1__cctor_m951016718_gshared	System.Void System.Collections.Generic.Comparer`1<UnityEngine.UICharInfo>::.cctor()	mscorlib
Comparer_1_System_Collections_IComparer_Compare_m85666262_gshared	System.Int32 System.Collections.Generic.Comparer`1<UnityEngine.UICharInfo>::System.Collections.IComparer.Compare(System.Object,System.Object)	mscorlib
Comparer_1_get_Default_m2176685125_gshared	System.Collections.Generic.Comparer`1<T> System.Collections.Generic.Comparer`1<UnityEngine.UICharInfo>::get_Default()	mscorlib
Comparer_1__ctor_m1537709280_gshared	System.Void System.Collections.Generic.Comparer`1<UnityEngine.UILineInfo>::.ctor()	mscorlib
Comparer_1__cctor_m3470905005_gshared	System.Void System.Collections.Generic.Comparer`1<UnityEngine.UILineInfo>::.cctor()	mscorlib
Comparer_1_System_Collections_IComparer_Compare_m1313384821_gshared	System.Int32 System.Collections.Generic.Comparer`1<UnityEngine.UILineInfo>::System.Collections.IComparer.Compare(System.Object,System.Object)	mscorlib
Comparer_1_get_Default_m1596450988_gshared	System.Collections.Generic.Comparer`1<T> System.Collections.Generic.Comparer`1<UnityEngine.UILineInfo>::get_Default()	mscorlib
Comparer_1__ctor_m2001768893_gshared	System.Void System.Collections.Generic.Comparer`1<UnityEngine.UIVertex>::.ctor()	mscorlib
Comparer_1__cctor_m1190408572_gshared	System.Void System.Collections.Generic.Comparer`1<UnityEngine.UIVertex>::.cctor()	mscorlib
Comparer_1_System_Collections_IComparer_Compare_m1716300968_gshared	System.Int32 System.Collections.Generic.Comparer`1<UnityEngine.UIVertex>::System.Collections.IComparer.Compare(System.Object,System.Object)	mscorlib
Comparer_1_get_Default_m1513846993_gshared	System.Collections.Generic.Comparer`1<T> System.Collections.Generic.Comparer`1<UnityEngine.UIVertex>::get_Default()	mscorlib
Comparer_1__ctor_m1970789054_gshared	System.Void System.Collections.Generic.Comparer`1<UnityEngine.Vector2>::.ctor()	mscorlib
Comparer_1__cctor_m4224664544_gshared	System.Void System.Collections.Generic.Comparer`1<UnityEngine.Vector2>::.cctor()	mscorlib
Comparer_1_System_Collections_IComparer_Compare_m1649952021_gshared	System.Int32 System.Collections.Generic.Comparer`1<UnityEngine.Vector2>::System.Collections.IComparer.Compare(System.Object,System.Object)	mscorlib
Comparer_1_get_Default_m3328503315_gshared	System.Collections.Generic.Comparer`1<T> System.Collections.Generic.Comparer`1<UnityEngine.Vector2>::get_Default()	mscorlib
Comparer_1__ctor_m2171919038_gshared	System.Void System.Collections.Generic.Comparer`1<UnityEngine.Vector3>::.ctor()	mscorlib
Comparer_1__cctor_m2284995539_gshared	System.Void System.Collections.Generic.Comparer`1<UnityEngine.Vector3>::.cctor()	mscorlib
Comparer_1_System_Collections_IComparer_Compare_m1050967453_gshared	System.Int32 System.Collections.Generic.Comparer`1<UnityEngine.Vector3>::System.Collections.IComparer.Compare(System.Object,System.Object)	mscorlib
Comparer_1_get_Default_m3410302214_gshared	System.Collections.Generic.Comparer`1<T> System.Collections.Generic.Comparer`1<UnityEngine.Vector3>::get_Default()	mscorlib
Comparer_1__ctor_m1647958718_gshared	System.Void System.Collections.Generic.Comparer`1<UnityEngine.Vector4>::.ctor()	mscorlib
Comparer_1__cctor_m2282308543_gshared	System.Void System.Collections.Generic.Comparer`1<UnityEngine.Vector4>::.cctor()	mscorlib
Comparer_1_System_Collections_IComparer_Compare_m2016223770_gshared	System.Int32 System.Collections.Generic.Comparer`1<UnityEngine.Vector4>::System.Collections.IComparer.Compare(System.Object,System.Object)	mscorlib
Comparer_1_get_Default_m3607833401_gshared	System.Collections.Generic.Comparer`1<T> System.Collections.Generic.Comparer`1<UnityEngine.Vector4>::get_Default()	mscorlib
Enumerator__ctor_m2150997492_AdjustorThunk	System.Void System.Collections.Generic.Dictionary`2/Enumerator<System.Int32,System.Object>::.ctor(System.Collections.Generic.Dictionary`2<TKey,TValue>)	mscorlib
Enumerator_System_Collections_IEnumerator_get_Current_m2979767597_AdjustorThunk	System.Object System.Collections.Generic.Dictionary`2/Enumerator<System.Int32,System.Object>::System.Collections.IEnumerator.get_Current()	mscorlib
Enumerator_System_Collections_IEnumerator_Reset_m4080198166_AdjustorThunk	System.Void System.Collections.Generic.Dictionary`2/Enumerator<System.Int32,System.Object>::System.Collections.IEnumerator.Reset()	mscorlib
Enumerator_System_Collections_IDictionaryEnumerator_get_Entry_m522483686_AdjustorThunk	System.Collections.DictionaryEntry System.Collections.Generic.Dictionary`2/Enumerator<System.Int32,System.Object>::System.Collections.IDictionaryEnumerator.get_Entry()	mscorlib
Enumerator_System_Collections_IDictionaryEnumerator_get_Key_m195047678_AdjustorThunk	System.Object System.Collections.Generic.Dictionary`2/Enumerator<System.Int32,System.Object>::System.Collections.IDictionaryEnumerator.get_Key()	mscorlib
Enumerator_System_Collections_IDictionaryEnumerator_get_Value_m3325938730_AdjustorThunk	System.Object System.Collections.Generic.Dictionary`2/Enumerator<System.Int32,System.Object>::System.Collections.IDictionaryEnumerator.get_Value()	mscorlib
Enumerator_MoveNext_m3398155861_AdjustorThunk	System.Boolean System.Collections.Generic.Dictionary`2/Enumerator<System.Int32,System.Object>::MoveNext()	mscorlib
Enumerator_get_Current_m3431285658_AdjustorThunk	System.Collections.Generic.KeyValuePair`2<TKey,TValue> System.Collections.Generic.Dictionary`2/Enumerator<System.Int32,System.Object>::get_Current()	mscorlib
Enumerator_get_CurrentKey_m2230405065_AdjustorThunk	TKey System.Collections.Generic.Dictionary`2/Enumerator<System.Int32,System.Object>::get_CurrentKey()	mscorlib
Enumerator_get_CurrentValue_m1016112330_AdjustorThunk	TValue System.Collections.Generic.Dictionary`2/Enumerator<System.Int32,System.Object>::get_CurrentValue()	mscorlib
Enumerator_Reset_m1314900927_AdjustorThunk	System.Void System.Collections.Generic.Dictionary`2/Enumerator<System.Int32,System.Object>::Reset()	mscorlib
Enumerator_VerifyState_m194137655_AdjustorThunk	System.Void System.Collections.Generic.Dictionary`2/Enumerator<System.Int32,System.Object>::VerifyState()	mscorlib
Enumerator_VerifyCurrent_m2197239943_AdjustorThunk	System.Void System.Collections.Generic.Dictionary`2/Enumerator<System.Int32,System.Object>::VerifyCurrent()	mscorlib
Enumerator_Dispose_m562365603_AdjustorThunk	System.Void System.Collections.Generic.Dictionary`2/Enumerator<System.Int32,System.Object>::Dispose()	mscorlib
Enumerator__ctor_m2609246966_AdjustorThunk	System.Void System.Collections.Generic.Dictionary`2/Enumerator<System.IntPtr,System.Object>::.ctor(System.Collections.Generic.Dictionary`2<TKey,TValue>)	mscorlib
Enumerator_System_Collections_IEnumerator_get_Current_m361750367_AdjustorThunk	System.Object System.Collections.Generic.Dictionary`2/Enumerator<System.IntPtr,System.Object>::System.Collections.IEnumerator.get_Current()	mscorlib
Enumerator_System_Collections_IEnumerator_Reset_m2020903703_AdjustorThunk	System.Void System.Collections.Generic.Dictionary`2/Enumerator<System.IntPtr,System.Object>::System.Collections.IEnumerator.Reset()	mscorlib
Enumerator_System_Collections_IDictionaryEnumerator_get_Entry_m2772123357_AdjustorThunk	System.Collections.DictionaryEntry System.Collections.Generic.Dictionary`2/Enumerator<System.IntPtr,System.Object>::System.Collections.IDictionaryEnumerator.get_Entry()	mscorlib
Enumerator_System_Collections_IDictionaryEnumerator_get_Key_m3435754782_AdjustorThunk	System.Object System.Collections.Generic.Dictionary`2/Enumerator<System.IntPtr,System.Object>::System.Collections.IDictionaryEnumerator.get_Key()	mscorlib
Enumerator_System_Collections_IDictionaryEnumerator_get_Value_m512771145_AdjustorThunk	System.Object System.Collections.Generic.Dictionary`2/Enumerator<System.IntPtr,System.Object>::System.Collections.IDictionaryEnumerator.get_Value()	mscorlib
Enumerator_MoveNext_m465222849_AdjustorThunk	System.Boolean System.Collections.Generic.Dictionary`2/Enumerator<System.IntPtr,System.Object>::MoveNext()	mscorlib
Enumerator_get_Current_m3040197570_AdjustorThunk	System.Collections.Generic.KeyValuePair`2<TKey,TValue> System.Collections.Generic.Dictionary`2/Enumerator<System.IntPtr,System.Object>::get_Current()	mscorlib
Enumerator_get_CurrentKey_m627428048_AdjustorThunk	TKey System.Collections.Generic.Dictionary`2/Enumerator<System.IntPtr,System.Object>::get_CurrentKey()	mscorlib
Enumerator_get_CurrentValue_m3584858404_AdjustorThunk	TValue System.Collections.Generic.Dictionary`2/Enumerator<System.IntPtr,System.Object>::get_CurrentValue()	mscorlib
Enumerator_Reset_m627751027_AdjustorThunk	System.Void System.Collections.Generic.Dictionary`2/Enumerator<System.IntPtr,System.Object>::Reset()	mscorlib
Enumerator_VerifyState_m533306036_AdjustorThunk	System.Void System.Collections.Generic.Dictionary`2/Enumerator<System.IntPtr,System.Object>::VerifyState()	mscorlib
Enumerator_VerifyCurrent_m318822266_AdjustorThunk	System.Void System.Collections.Generic.Dictionary`2/Enumerator<System.IntPtr,System.Object>::VerifyCurrent()	mscorlib
Enumerator_Dispose_m2845720270_AdjustorThunk	System.Void System.Collections.Generic.Dictionary`2/Enumerator<System.IntPtr,System.Object>::Dispose()	mscorlib
Enumerator__ctor_m1195706188_AdjustorThunk	System.Void System.Collections.Generic.Dictionary`2/Enumerator<System.Object,System.Boolean>::.ctor(System.Collections.Generic.Dictionary`2<TKey,TValue>)	mscorlib
Enumerator_System_Collections_IEnumerator_get_Current_m3816090481_AdjustorThunk	System.Object System.Collections.Generic.Dictionary`2/Enumerator<System.Object,System.Boolean>::System.Collections.IEnumerator.get_Current()	mscorlib
Enumerator_System_Collections_IEnumerator_Reset_m3673734757_AdjustorThunk	System.Void System.Collections.Generic.Dictionary`2/Enumerator<System.Object,System.Boolean>::System.Collections.IEnumerator.Reset()	mscorlib
Enumerator_System_Collections_IDictionaryEnumerator_get_Entry_m3249874482_AdjustorThunk	System.Collections.DictionaryEntry System.Collections.Generic.Dictionary`2/Enumerator<System.Object,System.Boolean>::System.Collections.IDictionaryEnumerator.get_Entry()	mscorlib
Enumerator_System_Collections_IDictionaryEnumerator_get_Key_m2502357460_AdjustorThunk	System.Object System.Collections.Generic.Dictionary`2/Enumerator<System.Object,System.Boolean>::System.Collections.IDictionaryEnumerator.get_Key()	mscorlib
Enumerator_System_Collections_IDictionaryEnumerator_get_Value_m1554573429_AdjustorThunk	System.Object System.Collections.Generic.Dictionary`2/Enumerator<System.Object,System.Boolean>::System.Collections.IDictionaryEnumerator.get_Value()	mscorlib
Enumerator_MoveNext_m481679286_AdjustorThunk	System.Boolean System.Collections.Generic.Dictionary`2/Enumerator<System.Object,System.Boolean>::MoveNext()	mscorlib
Enumerator_get_Current_m2190540846_AdjustorThunk	System.Collections.Generic.KeyValuePair`2<TKey,TValue> System.Collections.Generic.Dictionary`2/Enumerator<System.Object,System.Boolean>::get_Current()	mscorlib
Enumerator_get_CurrentKey_m739604894_AdjustorThunk	TKey System.Collections.Generic.Dictionary`2/Enumerator<System.Object,System.Boolean>::get_CurrentKey()	mscorlib
Enumerator_get_CurrentValue_m90765011_AdjustorThunk	TValue System.Collections.Generic.Dictionary`2/Enumerator<System.Object,System.Boolean>::get_CurrentValue()	mscorlib
Enumerator_Reset_m188913985_AdjustorThunk	System.Void System.Collections.Generic.Dictionary`2/Enumerator<System.Object,System.Boolean>::Reset()	mscorlib
Enumerator_VerifyState_m4003066746_AdjustorThunk	System.Void System.Collections.Generic.Dictionary`2/Enumerator<System.Object,System.Boolean>::VerifyState()	mscorlib
Enumerator_VerifyCurrent_m829026141_AdjustorThunk	System.Void System.Collections.Generic.Dictionary`2/Enumerator<System.Object,System.Boolean>::VerifyCurrent()	mscorlib
Enumerator_Dispose_m3834169052_AdjustorThunk	System.Void System.Collections.Generic.Dictionary`2/Enumerator<System.Object,System.Boolean>::Dispose()	mscorlib
Enumerator__ctor_m4060647791_AdjustorThunk	System.Void System.Collections.Generic.Dictionary`2/Enumerator<System.Object,System.Collections.Generic.KeyValuePair`2<UnityEngine.Rendering.CameraEvent,System.Object>>::.ctor(System.Collections.Generic.Dictionary`2<TKey,TValue>)	mscorlib
Enumerator_System_Collections_IEnumerator_get_Current_m846062917_AdjustorThunk	System.Object System.Collections.Generic.Dictionary`2/Enumerator<System.Object,System.Collections.Generic.KeyValuePair`2<UnityEngine.Rendering.CameraEvent,System.Object>>::System.Collections.IEnumerator.get_Current()	mscorlib
Enumerator_System_Collections_IEnumerator_Reset_m1679122545_AdjustorThunk	System.Void System.Collections.Generic.Dictionary`2/Enumerator<System.Object,System.Collections.Generic.KeyValuePair`2<UnityEngine.Rendering.CameraEvent,System.Object>>::System.Collections.IEnumerator.Reset()	mscorlib
Enumerator_System_Collections_IDictionaryEnumerator_get_Entry_m197731452_AdjustorThunk	System.Collections.DictionaryEntry System.Collections.Generic.Dictionary`2/Enumerator<System.Object,System.Collections.Generic.KeyValuePair`2<UnityEngine.Rendering.CameraEvent,System.Object>>::System.Collections.IDictionaryEnumerator.get_Entry()	mscorlib
Enumerator_System_Collections_IDictionaryEnumerator_get_Key_m2240743970_AdjustorThunk	System.Object System.Collections.Generic.Dictionary`2/Enumerator<System.Object,System.Collections.Generic.KeyValuePair`2<UnityEngine.Rendering.CameraEvent,System.Object>>::System.Collections.IDictionaryEnumerator.get_Key()	mscorlib
Enumerator_System_Collections_IDictionaryEnumerator_get_Value_m1044626629_AdjustorThunk	System.Object System.Collections.Generic.Dictionary`2/Enumerator<System.Object,System.Collections.Generic.KeyValuePair`2<UnityEngine.Rendering.CameraEvent,System.Object>>::System.Collections.IDictionaryEnumerator.get_Value()	mscorlib
Enumerator_MoveNext_m456062492_AdjustorThunk	System.Boolean System.Collections.Generic.Dictionary`2/Enumerator<System.Object,System.Collections.Generic.KeyValuePair`2<UnityEngine.Rendering.CameraEvent,System.Object>>::MoveNext()	mscorlib
Enumerator_get_Current_m3659317980_AdjustorThunk	System.Collections.Generic.KeyValuePair`2<TKey,TValue> System.Collections.Generic.Dictionary`2/Enumerator<System.Object,System.Collections.Generic.KeyValuePair`2<UnityEngine.Rendering.CameraEvent,System.Object>>::get_Current()	mscorlib
Enumerator_get_CurrentKey_m2211649808_AdjustorThunk	TKey System.Collections.Generic.Dictionary`2/Enumerator<System.Object,System.Collections.Generic.KeyValuePair`2<UnityEngine.Rendering.CameraEvent,System.Object>>::get_CurrentKey()	mscorlib
Enumerator_get_CurrentValue_m3984017082_AdjustorThunk	TValue System.Collections.Generic.Dictionary`2/Enumerator<System.Object,System.Collections.Generic.KeyValuePair`2<UnityEngine.Rendering.CameraEvent,System.Object>>::get_CurrentValue()	mscorlib
Enumerator_Reset_m2261555805_AdjustorThunk	System.Void System.Collections.Generic.Dictionary`2/Enumerator<System.Object,System.Collections.Generic.KeyValuePair`2<UnityEngine.Rendering.CameraEvent,System.Object>>::Reset()	mscorlib
Enumerator_VerifyState_m4089341569_AdjustorThunk	System.Void System.Collections.Generic.Dictionary`2/Enumerator<System.Object,System.Collections.Generic.KeyValuePair`2<UnityEngine.Rendering.CameraEvent,System.Object>>::VerifyState()	mscorlib
Enumerator_VerifyCurrent_m965148839_AdjustorThunk	System.Void System.Collections.Generic.Dictionary`2/Enumerator<System.Object,System.Collections.Generic.KeyValuePair`2<UnityEngine.Rendering.CameraEvent,System.Object>>::VerifyCurrent()	mscorlib
Enumerator_Dispose_m1688113148_AdjustorThunk	System.Void System.Collections.Generic.Dictionary`2/Enumerator<System.Object,System.Collections.Generic.KeyValuePair`2<UnityEngine.Rendering.CameraEvent,System.Object>>::Dispose()	mscorlib
Enumerator__ctor_m65667165_AdjustorThunk	System.Void System.Collections.Generic.Dictionary`2/Enumerator<System.Object,System.Int32>::.ctor(System.Collections.Generic.Dictionary`2<TKey,TValue>)	mscorlib
Enumerator_System_Collections_IEnumerator_get_Current_m1890150222_AdjustorThunk	System.Object System.Collections.Generic.Dictionary`2/Enumerator<System.Object,System.Int32>::System.Collections.IEnumerator.get_Current()	mscorlib
Enumerator_System_Collections_IEnumerator_Reset_m2915047493_AdjustorThunk	System.Void System.Collections.Generic.Dictionary`2/Enumerator<System.Object,System.Int32>::System.Collections.IEnumerator.Reset()	mscorlib
Enumerator_System_Collections_IDictionaryEnumerator_get_Entry_m859540448_AdjustorThunk	System.Collections.DictionaryEntry System.Collections.Generic.Dictionary`2/Enumerator<System.Object,System.Int32>::System.Collections.IDictionaryEnumerator.get_Entry()	mscorlib
Enumerator_System_Collections_IDictionaryEnumerator_get_Key_m4039922590_AdjustorThunk	System.Object System.Collections.Generic.Dictionary`2/Enumerator<System.Object,System.Int32>::System.Collections.IDictionaryEnumerator.get_Key()	mscorlib
Enumerator_System_Collections_IDictionaryEnumerator_get_Value_m684446183_AdjustorThunk	System.Object System.Collections.Generic.Dictionary`2/Enumerator<System.Object,System.Int32>::System.Collections.IDictionaryEnumerator.get_Value()	mscorlib
Enumerator_MoveNext_m1556953412_AdjustorThunk	System.Boolean System.Collections.Generic.Dictionary`2/Enumerator<System.Object,System.Int32>::MoveNext()	mscorlib
Enumerator_get_Current_m2727535848_AdjustorThunk	System.Collections.Generic.KeyValuePair`2<TKey,TValue> System.Collections.Generic.Dictionary`2/Enumerator<System.Object,System.Int32>::get_Current()	mscorlib
Enumerator_get_CurrentKey_m889650866_AdjustorThunk	TKey System.Collections.Generic.Dictionary`2/Enumerator<System.Object,System.Int32>::get_CurrentKey()	mscorlib
Enumerator_get_CurrentValue_m3103267885_AdjustorThunk	TValue System.Collections.Generic.Dictionary`2/Enumerator<System.Object,System.Int32>::get_CurrentValue()	mscorlib
Enumerator_Reset_m2443320674_AdjustorThunk	System.Void System.Collections.Generic.Dictionary`2/Enumerator<System.Object,System.Int32>::Reset()	mscorlib
Enumerator_VerifyState_m1203790900_AdjustorThunk	System.Void System.Collections.Generic.Dictionary`2/Enumerator<System.Object,System.Int32>::VerifyState()	mscorlib
Enumerator_VerifyCurrent_m3071620407_AdjustorThunk	System.Void System.Collections.Generic.Dictionary`2/Enumerator<System.Object,System.Int32>::VerifyCurrent()	mscorlib
Enumerator_Dispose_m1360775770_AdjustorThunk	System.Void System.Collections.Generic.Dictionary`2/Enumerator<System.Object,System.Int32>::Dispose()	mscorlib
ShimEnumerator__ctor_m2682554310_gshared	System.Void System.Collections.Generic.Dictionary`2/ShimEnumerator<System.Int32,System.Object>::.ctor(System.Collections.Generic.Dictionary`2<TKey,TValue>)	mscorlib
ShimEnumerator_MoveNext_m885796689_gshared	System.Boolean System.Collections.Generic.Dictionary`2/ShimEnumerator<System.Int32,System.Object>::MoveNext()	mscorlib
ShimEnumerator_get_Entry_m537093886_gshared	System.Collections.DictionaryEntry System.Collections.Generic.Dictionary`2/ShimEnumerator<System.Int32,System.Object>::get_Entry()	mscorlib
ShimEnumerator_get_Key_m2888790658_gshared	System.Object System.Collections.Generic.Dictionary`2/ShimEnumerator<System.Int32,System.Object>::get_Key()	mscorlib
ShimEnumerator_get_Value_m2673520591_gshared	System.Object System.Collections.Generic.Dictionary`2/ShimEnumerator<System.Int32,System.Object>::get_Value()	mscorlib
ShimEnumerator_get_Current_m467786447_gshared	System.Object System.Collections.Generic.Dictionary`2/ShimEnumerator<System.Int32,System.Object>::get_Current()	mscorlib
ShimEnumerator_Reset_m2537508675_gshared	System.Void System.Collections.Generic.Dictionary`2/ShimEnumerator<System.Int32,System.Object>::Reset()	mscorlib
ShimEnumerator__ctor_m3603118471_gshared	System.Void System.Collections.Generic.Dictionary`2/ShimEnumerator<System.IntPtr,System.Object>::.ctor(System.Collections.Generic.Dictionary`2<TKey,TValue>)	mscorlib
ShimEnumerator_MoveNext_m3445276132_gshared	System.Boolean System.Collections.Generic.Dictionary`2/ShimEnumerator<System.IntPtr,System.Object>::MoveNext()	mscorlib
ShimEnumerator_get_Entry_m404682385_gshared	System.Collections.DictionaryEntry System.Collections.Generic.Dictionary`2/ShimEnumerator<System.IntPtr,System.Object>::get_Entry()	mscorlib
ShimEnumerator_get_Key_m666985717_gshared	System.Object System.Collections.Generic.Dictionary`2/ShimEnumerator<System.IntPtr,System.Object>::get_Key()	mscorlib
ShimEnumerator_get_Value_m4202615588_gshared	System.Object System.Collections.Generic.Dictionary`2/ShimEnumerator<System.IntPtr,System.Object>::get_Value()	mscorlib
ShimEnumerator_get_Current_m353093614_gshared	System.Object System.Collections.Generic.Dictionary`2/ShimEnumerator<System.IntPtr,System.Object>::get_Current()	mscorlib
ShimEnumerator_Reset_m1592905520_gshared	System.Void System.Collections.Generic.Dictionary`2/ShimEnumerator<System.IntPtr,System.Object>::Reset()	mscorlib
ShimEnumerator__ctor_m4148301180_gshared	System.Void System.Collections.Generic.Dictionary`2/ShimEnumerator<System.Object,System.Boolean>::.ctor(System.Collections.Generic.Dictionary`2<TKey,TValue>)	mscorlib
ShimEnumerator_MoveNext_m242844913_gshared	System.Boolean System.Collections.Generic.Dictionary`2/ShimEnumerator<System.Object,System.Boolean>::MoveNext()	mscorlib
ShimEnumerator_get_Entry_m1811677795_gshared	System.Collections.DictionaryEntry System.Collections.Generic.Dictionary`2/ShimEnumerator<System.Object,System.Boolean>::get_Entry()	mscorlib
ShimEnumerator_get_Key_m3066712861_gshared	System.Object System.Collections.Generic.Dictionary`2/ShimEnumerator<System.Object,System.Boolean>::get_Key()	mscorlib
ShimEnumerator_get_Value_m3807405297_gshared	System.Object System.Collections.Generic.Dictionary`2/ShimEnumerator<System.Object,System.Boolean>::get_Value()	mscorlib
ShimEnumerator_get_Current_m3504536618_gshared	System.Object System.Collections.Generic.Dictionary`2/ShimEnumerator<System.Object,System.Boolean>::get_Current()	mscorlib
ShimEnumerator_Reset_m2548503932_gshared	System.Void System.Collections.Generic.Dictionary`2/ShimEnumerator<System.Object,System.Boolean>::Reset()	mscorlib
ShimEnumerator__ctor_m3261964944_gshared	System.Void System.Collections.Generic.Dictionary`2/ShimEnumerator<System.Object,System.Collections.Generic.KeyValuePair`2<UnityEngine.Rendering.CameraEvent,System.Object>>::.ctor(System.Collections.Generic.Dictionary`2<TKey,TValue>)	mscorlib
ShimEnumerator_MoveNext_m4162290952_gshared	System.Boolean System.Collections.Generic.Dictionary`2/ShimEnumerator<System.Object,System.Collections.Generic.KeyValuePair`2<UnityEngine.Rendering.CameraEvent,System.Object>>::MoveNext()	mscorlib
ShimEnumerator_get_Entry_m2336848607_gshared	System.Collections.DictionaryEntry System.Collections.Generic.Dictionary`2/ShimEnumerator<System.Object,System.Collections.Generic.KeyValuePair`2<UnityEngine.Rendering.CameraEvent,System.Object>>::get_Entry()	mscorlib
ShimEnumerator_get_Key_m3882338851_gshared	System.Object System.Collections.Generic.Dictionary`2/ShimEnumerator<System.Object,System.Collections.Generic.KeyValuePair`2<UnityEngine.Rendering.CameraEvent,System.Object>>::get_Key()	mscorlib
ShimEnumerator_get_Value_m2793275708_gshared	System.Object System.Collections.Generic.Dictionary`2/ShimEnumerator<System.Object,System.Collections.Generic.KeyValuePair`2<UnityEngine.Rendering.CameraEvent,System.Object>>::get_Value()	mscorlib
ShimEnumerator_get_Current_m1093099168_gshared	System.Object System.Collections.Generic.Dictionary`2/ShimEnumerator<System.Object,System.Collections.Generic.KeyValuePair`2<UnityEngine.Rendering.CameraEvent,System.Object>>::get_Current()	mscorlib
ShimEnumerator_Reset_m3361925659_gshared	System.Void System.Collections.Generic.Dictionary`2/ShimEnumerator<System.Object,System.Collections.Generic.KeyValuePair`2<UnityEngine.Rendering.CameraEvent,System.Object>>::Reset()	mscorlib
ShimEnumerator__ctor_m266390322_gshared	System.Void System.Collections.Generic.Dictionary`2/ShimEnumerator<System.Object,System.Int32>::.ctor(System.Collections.Generic.Dictionary`2<TKey,TValue>)	mscorlib
ShimEnumerator_MoveNext_m3637037813_gshared	System.Boolean System.Collections.Generic.Dictionary`2/ShimEnumerator<System.Object,System.Int32>::MoveNext()	mscorlib
ShimEnumerator_get_Entry_m2018664724_gshared	System.Collections.DictionaryEntry System.Collections.Generic.Dictionary`2/ShimEnumerator<System.Object,System.Int32>::get_Entry()	mscorlib
ShimEnumerator_get_Key_m317201915_gshared	System.Object System.Collections.Generic.Dictionary`2/ShimEnumerator<System.Object,System.Int32>::get_Key()	mscorlib
ShimEnumerator_get_Value_m153531060_gshared	System.Object System.Collections.Generic.Dictionary`2/ShimEnumerator<System.Object,System.Int32>::get_Value()	mscorlib
ShimEnumerator_get_Current_m3395837292_gshared	System.Object System.Collections.Generic.Dictionary`2/ShimEnumerator<System.Object,System.Int32>::get_Current()	mscorlib
ShimEnumerator_Reset_m381506072_gshared	System.Void System.Collections.Generic.Dictionary`2/ShimEnumerator<System.Object,System.Int32>::Reset()	mscorlib
Transform_1__ctor_m2638607165_gshared	System.Void System.Collections.Generic.Dictionary`2/Transform`1<System.Int32,System.Object,System.Collections.DictionaryEntry>::.ctor(System.Object,System.IntPtr)	mscorlib
Transform_1_Invoke_m3750720560_gshared	TRet System.Collections.Generic.Dictionary`2/Transform`1<System.Int32,System.Object,System.Collections.DictionaryEntry>::Invoke(TKey,TValue)	mscorlib
Transform_1_BeginInvoke_m1757796657_gshared	System.IAsyncResult System.Collections.Generic.Dictionary`2/Transform`1<System.Int32,System.Object,System.Collections.DictionaryEntry>::BeginInvoke(TKey,TValue,System.AsyncCallback,System.Object)	mscorlib
Transform_1_EndInvoke_m1589228604_gshared	TRet System.Collections.Generic.Dictionary`2/Transform`1<System.Int32,System.Object,System.Collections.DictionaryEntry>::EndInvoke(System.IAsyncResult)	mscorlib
Transform_1__ctor_m2810088858_gshared	System.Void System.Collections.Generic.Dictionary`2/Transform`1<System.Int32,System.Object,System.Collections.Generic.KeyValuePair`2<System.Int32,System.Object>>::.ctor(System.Object,System.IntPtr)	mscorlib
Transform_1_Invoke_m1839683782_gshared	TRet System.Collections.Generic.Dictionary`2/Transform`1<System.Int32,System.Object,System.Collections.Generic.KeyValuePair`2<System.Int32,System.Object>>::Invoke(TKey,TValue)	mscorlib
Transform_1_BeginInvoke_m2888556735_gshared	System.IAsyncResult System.Collections.Generic.Dictionary`2/Transform`1<System.Int32,System.Object,System.Collections.Generic.KeyValuePair`2<System.Int32,System.Object>>::BeginInvoke(TKey,TValue,System.AsyncCallback,System.Object)	mscorlib
Transform_1_EndInvoke_m2985662404_gshared	TRet System.Collections.Generic.Dictionary`2/Transform`1<System.Int32,System.Object,System.Collections.Generic.KeyValuePair`2<System.Int32,System.Object>>::EndInvoke(System.IAsyncResult)	mscorlib
Transform_1__ctor_m3743080137_gshared	System.Void System.Collections.Generic.Dictionary`2/Transform`1<System.Int32,System.Object,System.Object>::.ctor(System.Object,System.IntPtr)	mscorlib
Transform_1_Invoke_m4135861535_gshared	TRet System.Collections.Generic.Dictionary`2/Transform`1<System.Int32,System.Object,System.Object>::Invoke(TKey,TValue)	mscorlib
Transform_1_BeginInvoke_m490223026_gshared	System.IAsyncResult System.Collections.Generic.Dictionary`2/Transform`1<System.Int32,System.Object,System.Object>::BeginInvoke(TKey,TValue,System.AsyncCallback,System.Object)	mscorlib
Transform_1_EndInvoke_m1599247989_gshared	TRet System.Collections.Generic.Dictionary`2/Transform`1<System.Int32,System.Object,System.Object>::EndInvoke(System.IAsyncResult)	mscorlib
Transform_1__ctor_m1156109844_gshared	System.Void System.Collections.Generic.Dictionary`2/Transform`1<System.IntPtr,System.Object,System.Collections.DictionaryEntry>::.ctor(System.Object,System.IntPtr)	mscorlib
Transform_1_Invoke_m2102385228_gshared	TRet System.Collections.Generic.Dictionary`2/Transform`1<System.IntPtr,System.Object,System.Collections.DictionaryEntry>::Invoke(TKey,TValue)	mscorlib
Transform_1_BeginInvoke_m1970702669_gshared	System.IAsyncResult System.Collections.Generic.Dictionary`2/Transform`1<System.IntPtr,System.Object,System.Collections.DictionaryEntry>::BeginInvoke(TKey,TValue,System.AsyncCallback,System.Object)	mscorlib
Transform_1_EndInvoke_m510138046_gshared	TRet System.Collections.Generic.Dictionary`2/Transform`1<System.IntPtr,System.Object,System.Collections.DictionaryEntry>::EndInvoke(System.IAsyncResult)	mscorlib
Transform_1__ctor_m2047091453_gshared	System.Void System.Collections.Generic.Dictionary`2/Transform`1<System.IntPtr,System.Object,System.Collections.Generic.KeyValuePair`2<System.IntPtr,System.Object>>::.ctor(System.Object,System.IntPtr)	mscorlib
Transform_1_Invoke_m1920930563_gshared	TRet System.Collections.Generic.Dictionary`2/Transform`1<System.IntPtr,System.Object,System.Collections.Generic.KeyValuePair`2<System.IntPtr,System.Object>>::Invoke(TKey,TValue)	mscorlib
Transform_1_BeginInvoke_m156303877_gshared	System.IAsyncResult System.Collections.Generic.Dictionary`2/Transform`1<System.IntPtr,System.Object,System.Collections.Generic.KeyValuePair`2<System.IntPtr,System.Object>>::BeginInvoke(TKey,TValue,System.AsyncCallback,System.Object)	mscorlib
Transform_1_EndInvoke_m1204015506_gshared	TRet System.Collections.Generic.Dictionary`2/Transform`1<System.IntPtr,System.Object,System.Collections.Generic.KeyValuePair`2<System.IntPtr,System.Object>>::EndInvoke(System.IAsyncResult)	mscorlib
Transform_1__ctor_m1366599656_gshared	System.Void System.Collections.Generic.Dictionary`2/Transform`1<System.IntPtr,System.Object,System.Object>::.ctor(System.Object,System.IntPtr)	mscorlib
Transform_1_Invoke_m2385719192_gshared	TRet System.Collections.Generic.Dictionary`2/Transform`1<System.IntPtr,System.Object,System.Object>::Invoke(TKey,TValue)	mscorlib
Transform_1_BeginInvoke_m2602374817_gshared	System.IAsyncResult System.Collections.Generic.Dictionary`2/Transform`1<System.IntPtr,System.Object,System.Object>::BeginInvoke(TKey,TValue,System.AsyncCallback,System.Object)	mscorlib
Transform_1_EndInvoke_m2457265692_gshared	TRet System.Collections.Generic.Dictionary`2/Transform`1<System.IntPtr,System.Object,System.Object>::EndInvoke(System.IAsyncResult)	mscorlib
Transform_1__ctor_m3395112498_gshared	System.Void System.Collections.Generic.Dictionary`2/Transform`1<System.Object,System.Boolean,System.Boolean>::.ctor(System.Object,System.IntPtr)	mscorlib
Transform_1_Invoke_m3827729552_gshared	TRet System.Collections.Generic.Dictionary`2/Transform`1<System.Object,System.Boolean,System.Boolean>::Invoke(TKey,TValue)	mscorlib
Transform_1_BeginInvoke_m2643675321_gshared	System.IAsyncResult System.Collections.Generic.Dictionary`2/Transform`1<System.Object,System.Boolean,System.Boolean>::BeginInvoke(TKey,TValue,System.AsyncCallback,System.Object)	mscorlib
Transform_1_EndInvoke_m2748969988_gshared	TRet System.Collections.Generic.Dictionary`2/Transform`1<System.Object,System.Boolean,System.Boolean>::EndInvoke(System.IAsyncResult)	mscorlib
Transform_1__ctor_m1371731675_gshared	System.Void System.Collections.Generic.Dictionary`2/Transform`1<System.Object,System.Boolean,System.Collections.DictionaryEntry>::.ctor(System.Object,System.IntPtr)	mscorlib
Transform_1_Invoke_m1839759353_gshared	TRet System.Collections.Generic.Dictionary`2/Transform`1<System.Object,System.Boolean,System.Collections.DictionaryEntry>::Invoke(TKey,TValue)	mscorlib
Transform_1_BeginInvoke_m2300688636_gshared	System.IAsyncResult System.Collections.Generic.Dictionary`2/Transform`1<System.Object,System.Boolean,System.Collections.DictionaryEntry>::BeginInvoke(TKey,TValue,System.AsyncCallback,System.Object)	mscorlib
Transform_1_EndInvoke_m1824035816_gshared	TRet System.Collections.Generic.Dictionary`2/Transform`1<System.Object,System.Boolean,System.Collections.DictionaryEntry>::EndInvoke(System.IAsyncResult)	mscorlib
Transform_1__ctor_m677223493_gshared	System.Void System.Collections.Generic.Dictionary`2/Transform`1<System.Object,System.Boolean,System.Collections.Generic.KeyValuePair`2<System.Object,System.Boolean>>::.ctor(System.Object,System.IntPtr)	mscorlib
Transform_1_Invoke_m2468053724_gshared	TRet System.Collections.Generic.Dictionary`2/Transform`1<System.Object,System.Boolean,System.Collections.Generic.KeyValuePair`2<System.Object,System.Boolean>>::Invoke(TKey,TValue)	mscorlib
Transform_1_BeginInvoke_m669197031_gshared	System.IAsyncResult System.Collections.Generic.Dictionary`2/Transform`1<System.Object,System.Boolean,System.Collections.Generic.KeyValuePair`2<System.Object,System.Boolean>>::BeginInvoke(TKey,TValue,System.AsyncCallback,System.Object)	mscorlib
Transform_1_EndInvoke_m2716226219_gshared	TRet System.Collections.Generic.Dictionary`2/Transform`1<System.Object,System.Boolean,System.Collections.Generic.KeyValuePair`2<System.Object,System.Boolean>>::EndInvoke(System.IAsyncResult)	mscorlib
Transform_1__ctor_m3632656250_gshared	System.Void System.Collections.Generic.Dictionary`2/Transform`1<System.Object,System.Collections.Generic.KeyValuePair`2<UnityEngine.Rendering.CameraEvent,System.Object>,System.Collections.DictionaryEntry>::.ctor(System.Object,System.IntPtr)	mscorlib
Transform_1_Invoke_m1574078495_gshared	TRet System.Collections.Generic.Dictionary`2/Transform`1<System.Object,System.Collections.Generic.KeyValuePair`2<UnityEngine.Rendering.CameraEvent,System.Object>,System.Collections.DictionaryEntry>::Invoke(TKey,TValue)	mscorlib
Transform_1_BeginInvoke_m894632377_gshared	System.IAsyncResult System.Collections.Generic.Dictionary`2/Transform`1<System.Object,System.Collections.Generic.KeyValuePair`2<UnityEngine.Rendering.CameraEvent,System.Object>,System.Collections.DictionaryEntry>::BeginInvoke(TKey,TValue,System.AsyncCallback,System.Object)	mscorlib
Transform_1_EndInvoke_m22230392_gshared	TRet System.Collections.Generic.Dictionary`2/Transform`1<System.Object,System.Collections.Generic.KeyValuePair`2<UnityEngine.Rendering.CameraEvent,System.Object>,System.Collections.DictionaryEntry>::EndInvoke(System.IAsyncResult)	mscorlib
Transform_1__ctor_m3731306902_gshared	System.Void System.Collections.Generic.Dictionary`2/Transform`1<System.Object,System.Collections.Generic.KeyValuePair`2<UnityEngine.Rendering.CameraEvent,System.Object>,System.Collections.Generic.KeyValuePair`2<System.Object,System.Collections.Generic.KeyValuePair`2<UnityEngine.Rendering.CameraEvent,System.Object>>>::.ctor(System.Object,System.IntPtr)	mscorlib
Transform_1_Invoke_m3799980442_gshared	TRet System.Collections.Generic.Dictionary`2/Transform`1<System.Object,System.Collections.Generic.KeyValuePair`2<UnityEngine.Rendering.CameraEvent,System.Object>,System.Collections.Generic.KeyValuePair`2<System.Object,System.Collections.Generic.KeyValuePair`2<UnityEngine.Rendering.CameraEvent,System.Object>>>::Invoke(TKey,TValue)	mscorlib
Transform_1_BeginInvoke_m1972306222_gshared	System.IAsyncResult System.Collections.Generic.Dictionary`2/Transform`1<System.Object,System.Collections.Generic.KeyValuePair`2<UnityEngine.Rendering.CameraEvent,System.Object>,System.Collections.Generic.KeyValuePair`2<System.Object,System.Collections.Generic.KeyValuePair`2<UnityEngine.Rendering.CameraEvent,System.Object>>>::BeginInvoke(TKey,TValue,System.AsyncCallback,System.Object)	mscorlib
Transform_1_EndInvoke_m2732094503_gshared	TRet System.Collections.Generic.Dictionary`2/Transform`1<System.Object,System.Collections.Generic.KeyValuePair`2<UnityEngine.Rendering.CameraEvent,System.Object>,System.Collections.Generic.KeyValuePair`2<System.Object,System.Collections.Generic.KeyValuePair`2<UnityEngine.Rendering.CameraEvent,System.Object>>>::EndInvoke(System.IAsyncResult)	mscorlib
Transform_1__ctor_m3824145452_gshared	System.Void System.Collections.Generic.Dictionary`2/Transform`1<System.Object,System.Collections.Generic.KeyValuePair`2<UnityEngine.Rendering.CameraEvent,System.Object>,System.Collections.Generic.KeyValuePair`2<UnityEngine.Rendering.CameraEvent,System.Object>>::.ctor(System.Object,System.IntPtr)	mscorlib
Transform_1_Invoke_m1634792731_gshared	TRet System.Collections.Generic.Dictionary`2/Transform`1<System.Object,System.Collections.Generic.KeyValuePair`2<UnityEngine.Rendering.CameraEvent,System.Object>,System.Collections.Generic.KeyValuePair`2<UnityEngine.Rendering.CameraEvent,System.Object>>::Invoke(TKey,TValue)	mscorlib
Transform_1_BeginInvoke_m1083101448_gshared	System.IAsyncResult System.Collections.Generic.Dictionary`2/Transform`1<System.Object,System.Collections.Generic.KeyValuePair`2<UnityEngine.Rendering.CameraEvent,System.Object>,System.Collections.Generic.KeyValuePair`2<UnityEngine.Rendering.CameraEvent,System.Object>>::BeginInvoke(TKey,TValue,System.AsyncCallback,System.Object)	mscorlib
Transform_1_EndInvoke_m789740635_gshared	TRet System.Collections.Generic.Dictionary`2/Transform`1<System.Object,System.Collections.Generic.KeyValuePair`2<UnityEngine.Rendering.CameraEvent,System.Object>,System.Collections.Generic.KeyValuePair`2<UnityEngine.Rendering.CameraEvent,System.Object>>::EndInvoke(System.IAsyncResult)	mscorlib
Transform_1__ctor_m4142159300_gshared	System.Void System.Collections.Generic.Dictionary`2/Transform`1<System.Object,System.Int32,System.Collections.DictionaryEntry>::.ctor(System.Object,System.IntPtr)	mscorlib
Transform_1_Invoke_m2424077850_gshared	TRet System.Collections.Generic.Dictionary`2/Transform`1<System.Object,System.Int32,System.Collections.DictionaryEntry>::Invoke(TKey,TValue)	mscorlib
Transform_1_BeginInvoke_m410735052_gshared	System.IAsyncResult System.Collections.Generic.Dictionary`2/Transform`1<System.Object,System.Int32,System.Collections.DictionaryEntry>::BeginInvoke(TKey,TValue,System.AsyncCallback,System.Object)	mscorlib
Transform_1_EndInvoke_m2182030084_gshared	TRet System.Collections.Generic.Dictionary`2/Transform`1<System.Object,System.Int32,System.Collections.DictionaryEntry>::EndInvoke(System.IAsyncResult)	mscorlib
Transform_1__ctor_m3369371265_gshared	System.Void System.Collections.Generic.Dictionary`2/Transform`1<System.Object,System.Int32,System.Collections.Generic.KeyValuePair`2<System.Object,System.Int32>>::.ctor(System.Object,System.IntPtr)	mscorlib
Transform_1_Invoke_m484886507_gshared	TRet System.Collections.Generic.Dictionary`2/Transform`1<System.Object,System.Int32,System.Collections.Generic.KeyValuePair`2<System.Object,System.Int32>>::Invoke(TKey,TValue)	mscorlib
Transform_1_BeginInvoke_m3802763823_gshared	System.IAsyncResult System.Collections.Generic.Dictionary`2/Transform`1<System.Object,System.Int32,System.Collections.Generic.KeyValuePair`2<System.Object,System.Int32>>::BeginInvoke(TKey,TValue,System.AsyncCallback,System.Object)	mscorlib
Transform_1_EndInvoke_m988340631_gshared	TRet System.Collections.Generic.Dictionary`2/Transform`1<System.Object,System.Int32,System.Collections.Generic.KeyValuePair`2<System.Object,System.Int32>>::EndInvoke(System.IAsyncResult)	mscorlib
Transform_1__ctor_m1931395988_gshared	System.Void System.Collections.Generic.Dictionary`2/Transform`1<System.Object,System.Int32,System.Int32>::.ctor(System.Object,System.IntPtr)	mscorlib
Transform_1_Invoke_m561030424_gshared	TRet System.Collections.Generic.Dictionary`2/Transform`1<System.Object,System.Int32,System.Int32>::Invoke(TKey,TValue)	mscorlib
Transform_1_BeginInvoke_m2849783396_gshared	System.IAsyncResult System.Collections.Generic.Dictionary`2/Transform`1<System.Object,System.Int32,System.Int32>::BeginInvoke(TKey,TValue,System.AsyncCallback,System.Object)	mscorlib
Transform_1_EndInvoke_m4080596031_gshared	TRet System.Collections.Generic.Dictionary`2/Transform`1<System.Object,System.Int32,System.Int32>::EndInvoke(System.IAsyncResult)	mscorlib
Transform_1__ctor_m1781248964_gshared	System.Void System.Collections.Generic.Dictionary`2/Transform`1<System.Object,System.Object,System.Collections.DictionaryEntry>::.ctor(System.Object,System.IntPtr)	mscorlib
Transform_1_Invoke_m841737656_gshared	TRet System.Collections.Generic.Dictionary`2/Transform`1<System.Object,System.Object,System.Collections.DictionaryEntry>::Invoke(TKey,TValue)	mscorlib
Transform_1_BeginInvoke_m3697921475_gshared	System.IAsyncResult System.Collections.Generic.Dictionary`2/Transform`1<System.Object,System.Object,System.Collections.DictionaryEntry>::BeginInvoke(TKey,TValue,System.AsyncCallback,System.Object)	mscorlib
Transform_1_EndInvoke_m1973275694_gshared	TRet System.Collections.Generic.Dictionary`2/Transform`1<System.Object,System.Object,System.Collections.DictionaryEntry>::EndInvoke(System.IAsyncResult)	mscorlib
Transform_1__ctor_m498158356_gshared	System.Void System.Collections.Generic.Dictionary`2/Transform`1<System.Object,System.Object,System.Collections.Generic.KeyValuePair`2<System.Object,System.Object>>::.ctor(System.Object,System.IntPtr)	mscorlib
Transform_1_Invoke_m1731820209_gshared	TRet System.Collections.Generic.Dictionary`2/Transform`1<System.Object,System.Object,System.Collections.Generic.KeyValuePair`2<System.Object,System.Object>>::Invoke(TKey,TValue)	mscorlib
Transform_1_BeginInvoke_m912085017_gshared	System.IAsyncResult System.Collections.Generic.Dictionary`2/Transform`1<System.Object,System.Object,System.Collections.Generic.KeyValuePair`2<System.Object,System.Object>>::BeginInvoke(TKey,TValue,System.AsyncCallback,System.Object)	mscorlib
Transform_1_EndInvoke_m1701794896_gshared	TRet System.Collections.Generic.Dictionary`2/Transform`1<System.Object,System.Object,System.Collections.Generic.KeyValuePair`2<System.Object,System.Object>>::EndInvoke(System.IAsyncResult)	mscorlib
Enumerator__ctor_m1849900510_AdjustorThunk	System.Void System.Collections.Generic.Dictionary`2/ValueCollection/Enumerator<System.Int32,System.Object>::.ctor(System.Collections.Generic.Dictionary`2<TKey,TValue>)	mscorlib
Enumerator_System_Collections_IEnumerator_get_Current_m1657817602_AdjustorThunk	System.Object System.Collections.Generic.Dictionary`2/ValueCollection/Enumerator<System.Int32,System.Object>::System.Collections.IEnumerator.get_Current()	mscorlib
Enumerator_System_Collections_IEnumerator_Reset_m2917956982_AdjustorThunk	System.Void System.Collections.Generic.Dictionary`2/ValueCollection/Enumerator<System.Int32,System.Object>::System.Collections.IEnumerator.Reset()	mscorlib
Enumerator_Dispose_m3503748991_AdjustorThunk	System.Void System.Collections.Generic.Dictionary`2/ValueCollection/Enumerator<System.Int32,System.Object>::Dispose()	mscorlib
Enumerator_MoveNext_m2602845255_AdjustorThunk	System.Boolean System.Collections.Generic.Dictionary`2/ValueCollection/Enumerator<System.Int32,System.Object>::MoveNext()	mscorlib
Enumerator_get_Current_m2250080680_AdjustorThunk	TValue System.Collections.Generic.Dictionary`2/ValueCollection/Enumerator<System.Int32,System.Object>::get_Current()	mscorlib
Enumerator__ctor_m920120158_AdjustorThunk	System.Void System.Collections.Generic.Dictionary`2/ValueCollection/Enumerator<System.IntPtr,System.Object>::.ctor(System.Collections.Generic.Dictionary`2<TKey,TValue>)	mscorlib
Enumerator_System_Collections_IEnumerator_get_Current_m3263171317_AdjustorThunk	System.Object System.Collections.Generic.Dictionary`2/ValueCollection/Enumerator<System.IntPtr,System.Object>::System.Collections.IEnumerator.get_Current()	mscorlib
Enumerator_System_Collections_IEnumerator_Reset_m278261807_AdjustorThunk	System.Void System.Collections.Generic.Dictionary`2/ValueCollection/Enumerator<System.IntPtr,System.Object>::System.Collections.IEnumerator.Reset()	mscorlib
Enumerator_Dispose_m323750103_AdjustorThunk	System.Void System.Collections.Generic.Dictionary`2/ValueCollection/Enumerator<System.IntPtr,System.Object>::Dispose()	mscorlib
Enumerator_MoveNext_m3051926902_AdjustorThunk	System.Boolean System.Collections.Generic.Dictionary`2/ValueCollection/Enumerator<System.IntPtr,System.Object>::MoveNext()	mscorlib
Enumerator_get_Current_m2897627569_AdjustorThunk	TValue System.Collections.Generic.Dictionary`2/ValueCollection/Enumerator<System.IntPtr,System.Object>::get_Current()	mscorlib
Enumerator__ctor_m1558933899_AdjustorThunk	System.Void System.Collections.Generic.Dictionary`2/ValueCollection/Enumerator<System.Object,System.Boolean>::.ctor(System.Collections.Generic.Dictionary`2<TKey,TValue>)	mscorlib
Enumerator_System_Collections_IEnumerator_get_Current_m1975949486_AdjustorThunk	System.Object System.Collections.Generic.Dictionary`2/ValueCollection/Enumerator<System.Object,System.Boolean>::System.Collections.IEnumerator.get_Current()	mscorlib
Enumerator_System_Collections_IEnumerator_Reset_m53411943_AdjustorThunk	System.Void System.Collections.Generic.Dictionary`2/ValueCollection/Enumerator<System.Object,System.Boolean>::System.Collections.IEnumerator.Reset()	mscorlib
Enumerator_Dispose_m4166166038_AdjustorThunk	System.Void System.Collections.Generic.Dictionary`2/ValueCollection/Enumerator<System.Object,System.Boolean>::Dispose()	mscorlib
Enumerator_MoveNext_m339600382_AdjustorThunk	System.Boolean System.Collections.Generic.Dictionary`2/ValueCollection/Enumerator<System.Object,System.Boolean>::MoveNext()	mscorlib
Enumerator_get_Current_m1908012892_AdjustorThunk	TValue System.Collections.Generic.Dictionary`2/ValueCollection/Enumerator<System.Object,System.Boolean>::get_Current()	mscorlib
Enumerator__ctor_m3460405403_AdjustorThunk	System.Void System.Collections.Generic.Dictionary`2/ValueCollection/Enumerator<System.Object,System.Collections.Generic.KeyValuePair`2<UnityEngine.Rendering.CameraEvent,System.Object>>::.ctor(System.Collections.Generic.Dictionary`2<TKey,TValue>)	mscorlib
Enumerator_System_Collections_IEnumerator_get_Current_m3014706605_AdjustorThunk	System.Object System.Collections.Generic.Dictionary`2/ValueCollection/Enumerator<System.Object,System.Collections.Generic.KeyValuePair`2<UnityEngine.Rendering.CameraEvent,System.Object>>::System.Collections.IEnumerator.get_Current()	mscorlib
Enumerator_System_Collections_IEnumerator_Reset_m1089881463_AdjustorThunk	System.Void System.Collections.Generic.Dictionary`2/ValueCollection/Enumerator<System.Object,System.Collections.Generic.KeyValuePair`2<UnityEngine.Rendering.CameraEvent,System.Object>>::System.Collections.IEnumerator.Reset()	mscorlib
Enumerator_Dispose_m1063065379_AdjustorThunk	System.Void System.Collections.Generic.Dictionary`2/ValueCollection/Enumerator<System.Object,System.Collections.Generic.KeyValuePair`2<UnityEngine.Rendering.CameraEvent,System.Object>>::Dispose()	mscorlib
Enumerator_MoveNext_m3836715879_AdjustorThunk	System.Boolean System.Collections.Generic.Dictionary`2/ValueCollection/Enumerator<System.Object,System.Collections.Generic.KeyValuePair`2<UnityEngine.Rendering.CameraEvent,System.Object>>::MoveNext()	mscorlib
Enumerator_get_Current_m2779034449_AdjustorThunk	TValue System.Collections.Generic.Dictionary`2/ValueCollection/Enumerator<System.Object,System.Collections.Generic.KeyValuePair`2<UnityEngine.Rendering.CameraEvent,System.Object>>::get_Current()	mscorlib
Enumerator__ctor_m1734342590_AdjustorThunk	System.Void System.Collections.Generic.Dictionary`2/ValueCollection/Enumerator<System.Object,System.Int32>::.ctor(System.Collections.Generic.Dictionary`2<TKey,TValue>)	mscorlib
Enumerator_System_Collections_IEnumerator_get_Current_m1987977288_AdjustorThunk	System.Object System.Collections.Generic.Dictionary`2/ValueCollection/Enumerator<System.Object,System.Int32>::System.Collections.IEnumerator.get_Current()	mscorlib
Enumerator_System_Collections_IEnumerator_Reset_m4283504067_AdjustorThunk	System.Void System.Collections.Generic.Dictionary`2/ValueCollection/Enumerator<System.Object,System.Int32>::System.Collections.IEnumerator.Reset()	mscorlib
Enumerator_Dispose_m3040896940_AdjustorThunk	System.Void System.Collections.Generic.Dictionary`2/ValueCollection/Enumerator<System.Object,System.Int32>::Dispose()	mscorlib
Enumerator_MoveNext_m3045873697_AdjustorThunk	System.Boolean System.Collections.Generic.Dictionary`2/ValueCollection/Enumerator<System.Object,System.Int32>::MoveNext()	mscorlib
Enumerator_get_Current_m926428745_AdjustorThunk	TValue System.Collections.Generic.Dictionary`2/ValueCollection/Enumerator<System.Object,System.Int32>::get_Current()	mscorlib
ValueCollection__ctor_m278735622_gshared	System.Void System.Collections.Generic.Dictionary`2/ValueCollection<System.Int32,System.Object>::.ctor(System.Collections.Generic.Dictionary`2<TKey,TValue>)	mscorlib
ValueCollection_System_Collections_Generic_ICollectionU3CTValueU3E_Add_m3298059628_gshared	System.Void System.Collections.Generic.Dictionary`2/ValueCollection<System.Int32,System.Object>::System.Collections.Generic.ICollection<TValue>.Add(TValue)	mscorlib
ValueCollection_System_Collections_Generic_ICollectionU3CTValueU3E_Clear_m442731484_gshared	System.Void System.Collections.Generic.Dictionary`2/ValueCollection<System.Int32,System.Object>::System.Collections.Generic.ICollection<TValue>.Clear()	mscorlib
ValueCollection_System_Collections_Generic_ICollectionU3CTValueU3E_Contains_m1842955046_gshared	System.Boolean System.Collections.Generic.Dictionary`2/ValueCollection<System.Int32,System.Object>::System.Collections.Generic.ICollection<TValue>.Contains(TValue)	mscorlib
ValueCollection_System_Collections_Generic_ICollectionU3CTValueU3E_Remove_m2980345068_gshared	System.Boolean System.Collections.Generic.Dictionary`2/ValueCollection<System.Int32,System.Object>::System.Collections.Generic.ICollection<TValue>.Remove(TValue)	mscorlib
ValueCollection_System_Collections_Generic_IEnumerableU3CTValueU3E_GetEnumerator_m2916591636_gshared	System.Collections.Generic.IEnumerator`1<TValue> System.Collections.Generic.Dictionary`2/ValueCollection<System.Int32,System.Object>::System.Collections.Generic.IEnumerable<TValue>.GetEnumerator()	mscorlib
ValueCollection_System_Collections_ICollection_CopyTo_m1349573889_gshared	System.Void System.Collections.Generic.Dictionary`2/ValueCollection<System.Int32,System.Object>::System.Collections.ICollection.CopyTo(System.Array,System.Int32)	mscorlib
ValueCollection_System_Collections_IEnumerable_GetEnumerator_m3842040412_gshared	System.Collections.IEnumerator System.Collections.Generic.Dictionary`2/ValueCollection<System.Int32,System.Object>::System.Collections.IEnumerable.GetEnumerator()	mscorlib
ValueCollection_System_Collections_Generic_ICollectionU3CTValueU3E_get_IsReadOnly_m3469759275_gshared	System.Boolean System.Collections.Generic.Dictionary`2/ValueCollection<System.Int32,System.Object>::System.Collections.Generic.ICollection<TValue>.get_IsReadOnly()	mscorlib
ValueCollection_System_Collections_ICollection_get_IsSynchronized_m745730085_gshared	System.Boolean System.Collections.Generic.Dictionary`2/ValueCollection<System.Int32,System.Object>::System.Collections.ICollection.get_IsSynchronized()	mscorlib
ValueCollection_System_Collections_ICollection_get_SyncRoot_m4058779411_gshared	System.Object System.Collections.Generic.Dictionary`2/ValueCollection<System.Int32,System.Object>::System.Collections.ICollection.get_SyncRoot()	mscorlib
ValueCollection_CopyTo_m1392757640_gshared	System.Void System.Collections.Generic.Dictionary`2/ValueCollection<System.Int32,System.Object>::CopyTo(TValue[],System.Int32)	mscorlib
ValueCollection_GetEnumerator_m616748621_gshared	System.Collections.Generic.Dictionary`2/ValueCollection/Enumerator<TKey,TValue> System.Collections.Generic.Dictionary`2/ValueCollection<System.Int32,System.Object>::GetEnumerator()	mscorlib
ValueCollection_get_Count_m3453282768_gshared	System.Int32 System.Collections.Generic.Dictionary`2/ValueCollection<System.Int32,System.Object>::get_Count()	mscorlib
ValueCollection__ctor_m2826247062_gshared	System.Void System.Collections.Generic.Dictionary`2/ValueCollection<System.IntPtr,System.Object>::.ctor(System.Collections.Generic.Dictionary`2<TKey,TValue>)	mscorlib
ValueCollection_System_Collections_Generic_ICollectionU3CTValueU3E_Add_m3187775475_gshared	System.Void System.Collections.Generic.Dictionary`2/ValueCollection<System.IntPtr,System.Object>::System.Collections.Generic.ICollection<TValue>.Add(TValue)	mscorlib
ValueCollection_System_Collections_Generic_ICollectionU3CTValueU3E_Clear_m2132821526_gshared	System.Void System.Collections.Generic.Dictionary`2/ValueCollection<System.IntPtr,System.Object>::System.Collections.Generic.ICollection<TValue>.Clear()	mscorlib
ValueCollection_System_Collections_Generic_ICollectionU3CTValueU3E_Contains_m1602961051_gshared	System.Boolean System.Collections.Generic.Dictionary`2/ValueCollection<System.IntPtr,System.Object>::System.Collections.Generic.ICollection<TValue>.Contains(TValue)	mscorlib
ValueCollection_System_Collections_Generic_ICollectionU3CTValueU3E_Remove_m3673494156_gshared	System.Boolean System.Collections.Generic.Dictionary`2/ValueCollection<System.IntPtr,System.Object>::System.Collections.Generic.ICollection<TValue>.Remove(TValue)	mscorlib
ValueCollection_System_Collections_Generic_IEnumerableU3CTValueU3E_GetEnumerator_m631222770_gshared	System.Collections.Generic.IEnumerator`1<TValue> System.Collections.Generic.Dictionary`2/ValueCollection<System.IntPtr,System.Object>::System.Collections.Generic.IEnumerable<TValue>.GetEnumerator()	mscorlib
ValueCollection_System_Collections_ICollection_CopyTo_m1486385427_gshared	System.Void System.Collections.Generic.Dictionary`2/ValueCollection<System.IntPtr,System.Object>::System.Collections.ICollection.CopyTo(System.Array,System.Int32)	mscorlib
ValueCollection_System_Collections_IEnumerable_GetEnumerator_m2535969909_gshared	System.Collections.IEnumerator System.Collections.Generic.Dictionary`2/ValueCollection<System.IntPtr,System.Object>::System.Collections.IEnumerable.GetEnumerator()	mscorlib
ValueCollection_System_Collections_Generic_ICollectionU3CTValueU3E_get_IsReadOnly_m2087940548_gshared	System.Boolean System.Collections.Generic.Dictionary`2/ValueCollection<System.IntPtr,System.Object>::System.Collections.Generic.ICollection<TValue>.get_IsReadOnly()	mscorlib
ValueCollection_System_Collections_ICollection_get_IsSynchronized_m1214363625_gshared	System.Boolean System.Collections.Generic.Dictionary`2/ValueCollection<System.IntPtr,System.Object>::System.Collections.ICollection.get_IsSynchronized()	mscorlib
ValueCollection_System_Collections_ICollection_get_SyncRoot_m3381653267_gshared	System.Object System.Collections.Generic.Dictionary`2/ValueCollection<System.IntPtr,System.Object>::System.Collections.ICollection.get_SyncRoot()	mscorlib
ValueCollection_CopyTo_m2110717364_gshared	System.Void System.Collections.Generic.Dictionary`2/ValueCollection<System.IntPtr,System.Object>::CopyTo(TValue[],System.Int32)	mscorlib
ValueCollection_GetEnumerator_m3402316790_gshared	System.Collections.Generic.Dictionary`2/ValueCollection/Enumerator<TKey,TValue> System.Collections.Generic.Dictionary`2/ValueCollection<System.IntPtr,System.Object>::GetEnumerator()	mscorlib
ValueCollection_get_Count_m571621030_gshared	System.Int32 System.Collections.Generic.Dictionary`2/ValueCollection<System.IntPtr,System.Object>::get_Count()	mscorlib
ValueCollection__ctor_m3001501704_gshared	System.Void System.Collections.Generic.Dictionary`2/ValueCollection<System.Object,System.Boolean>::.ctor(System.Collections.Generic.Dictionary`2<TKey,TValue>)	mscorlib
ValueCollection_System_Collections_Generic_ICollectionU3CTValueU3E_Add_m2448180692_gshared	System.Void System.Collections.Generic.Dictionary`2/ValueCollection<System.Object,System.Boolean>::System.Collections.Generic.ICollection<TValue>.Add(TValue)	mscorlib
ValueCollection_System_Collections_Generic_ICollectionU3CTValueU3E_Clear_m283414414_gshared	System.Void System.Collections.Generic.Dictionary`2/ValueCollection<System.Object,System.Boolean>::System.Collections.Generic.ICollection<TValue>.Clear()	mscorlib
ValueCollection_System_Collections_Generic_ICollectionU3CTValueU3E_Contains_m3110959791_gshared	System.Boolean System.Collections.Generic.Dictionary`2/ValueCollection<System.Object,System.Boolean>::System.Collections.Generic.ICollection<TValue>.Contains(TValue)	mscorlib
ValueCollection_System_Collections_Generic_ICollectionU3CTValueU3E_Remove_m1748672125_gshared	System.Boolean System.Collections.Generic.Dictionary`2/ValueCollection<System.Object,System.Boolean>::System.Collections.Generic.ICollection<TValue>.Remove(TValue)	mscorlib
ValueCollection_System_Collections_Generic_IEnumerableU3CTValueU3E_GetEnumerator_m216590304_gshared	System.Collections.Generic.IEnumerator`1<TValue> System.Collections.Generic.Dictionary`2/ValueCollection<System.Object,System.Boolean>::System.Collections.Generic.IEnumerable<TValue>.GetEnumerator()	mscorlib
ValueCollection_System_Collections_ICollection_CopyTo_m2317060457_gshared	System.Void System.Collections.Generic.Dictionary`2/ValueCollection<System.Object,System.Boolean>::System.Collections.ICollection.CopyTo(System.Array,System.Int32)	mscorlib
ValueCollection_System_Collections_IEnumerable_GetEnumerator_m2059570604_gshared	System.Collections.IEnumerator System.Collections.Generic.Dictionary`2/ValueCollection<System.Object,System.Boolean>::System.Collections.IEnumerable.GetEnumerator()	mscorlib
ValueCollection_System_Collections_Generic_ICollectionU3CTValueU3E_get_IsReadOnly_m3374443700_gshared	System.Boolean System.Collections.Generic.Dictionary`2/ValueCollection<System.Object,System.Boolean>::System.Collections.Generic.ICollection<TValue>.get_IsReadOnly()	mscorlib
ValueCollection_System_Collections_ICollection_get_IsSynchronized_m624493528_gshared	System.Boolean System.Collections.Generic.Dictionary`2/ValueCollection<System.Object,System.Boolean>::System.Collections.ICollection.get_IsSynchronized()	mscorlib
ValueCollection_System_Collections_ICollection_get_SyncRoot_m1114275063_gshared	System.Object System.Collections.Generic.Dictionary`2/ValueCollection<System.Object,System.Boolean>::System.Collections.ICollection.get_SyncRoot()	mscorlib
ValueCollection_CopyTo_m2188334703_gshared	System.Void System.Collections.Generic.Dictionary`2/ValueCollection<System.Object,System.Boolean>::CopyTo(TValue[],System.Int32)	mscorlib
ValueCollection_GetEnumerator_m728585672_gshared	System.Collections.Generic.Dictionary`2/ValueCollection/Enumerator<TKey,TValue> System.Collections.Generic.Dictionary`2/ValueCollection<System.Object,System.Boolean>::GetEnumerator()	mscorlib
ValueCollection_get_Count_m994935123_gshared	System.Int32 System.Collections.Generic.Dictionary`2/ValueCollection<System.Object,System.Boolean>::get_Count()	mscorlib
ValueCollection__ctor_m486838689_gshared	System.Void System.Collections.Generic.Dictionary`2/ValueCollection<System.Object,System.Collections.Generic.KeyValuePair`2<UnityEngine.Rendering.CameraEvent,System.Object>>::.ctor(System.Collections.Generic.Dictionary`2<TKey,TValue>)	mscorlib
ValueCollection_System_Collections_Generic_ICollectionU3CTValueU3E_Add_m1573765721_gshared	System.Void System.Collections.Generic.Dictionary`2/ValueCollection<System.Object,System.Collections.Generic.KeyValuePair`2<UnityEngine.Rendering.CameraEvent,System.Object>>::System.Collections.Generic.ICollection<TValue>.Add(TValue)	mscorlib
ValueCollection_System_Collections_Generic_ICollectionU3CTValueU3E_Clear_m1649069569_gshared	System.Void System.Collections.Generic.Dictionary`2/ValueCollection<System.Object,System.Collections.Generic.KeyValuePair`2<UnityEngine.Rendering.CameraEvent,System.Object>>::System.Collections.Generic.ICollection<TValue>.Clear()	mscorlib
ValueCollection_System_Collections_Generic_ICollectionU3CTValueU3E_Contains_m3974355629_gshared	System.Boolean System.Collections.Generic.Dictionary`2/ValueCollection<System.Object,System.Collections.Generic.KeyValuePair`2<UnityEngine.Rendering.CameraEvent,System.Object>>::System.Collections.Generic.ICollection<TValue>.Contains(TValue)	mscorlib
ValueCollection_System_Collections_Generic_ICollectionU3CTValueU3E_Remove_m1583276576_gshared	System.Boolean System.Collections.Generic.Dictionary`2/ValueCollection<System.Object,System.Collections.Generic.KeyValuePair`2<UnityEngine.Rendering.CameraEvent,System.Object>>::System.Collections.Generic.ICollection<TValue>.Remove(TValue)	mscorlib
ValueCollection_System_Collections_Generic_IEnumerableU3CTValueU3E_GetEnumerator_m3176016276_gshared	System.Collections.Generic.IEnumerator`1<TValue> System.Collections.Generic.Dictionary`2/ValueCollection<System.Object,System.Collections.Generic.KeyValuePair`2<UnityEngine.Rendering.CameraEvent,System.Object>>::System.Collections.Generic.IEnumerable<TValue>.GetEnumerator()	mscorlib
ValueCollection_System_Collections_ICollection_CopyTo_m2415450408_gshared	System.Void System.Collections.Generic.Dictionary`2/ValueCollection<System.Object,System.Collections.Generic.KeyValuePair`2<UnityEngine.Rendering.CameraEvent,System.Object>>::System.Collections.ICollection.CopyTo(System.Array,System.Int32)	mscorlib
ValueCollection_System_Collections_IEnumerable_GetEnumerator_m3433495565_gshared	System.Collections.IEnumerator System.Collections.Generic.Dictionary`2/ValueCollection<System.Object,System.Collections.Generic.KeyValuePair`2<UnityEngine.Rendering.CameraEvent,System.Object>>::System.Collections.IEnumerable.GetEnumerator()	mscorlib
ValueCollection_System_Collections_Generic_ICollectionU3CTValueU3E_get_IsReadOnly_m467543687_gshared	System.Boolean System.Collections.Generic.Dictionary`2/ValueCollection<System.Object,System.Collections.Generic.KeyValuePair`2<UnityEngine.Rendering.CameraEvent,System.Object>>::System.Collections.Generic.ICollection<TValue>.get_IsReadOnly()	mscorlib
ValueCollection_System_Collections_ICollection_get_IsSynchronized_m2045965855_gshared	System.Boolean System.Collections.Generic.Dictionary`2/ValueCollection<System.Object,System.Collections.Generic.KeyValuePair`2<UnityEngine.Rendering.CameraEvent,System.Object>>::System.Collections.ICollection.get_IsSynchronized()	mscorlib
ValueCollection_System_Collections_ICollection_get_SyncRoot_m1480848669_gshared	System.Object System.Collections.Generic.Dictionary`2/ValueCollection<System.Object,System.Collections.Generic.KeyValuePair`2<UnityEngine.Rendering.CameraEvent,System.Object>>::System.Collections.ICollection.get_SyncRoot()	mscorlib
ValueCollection_CopyTo_m3213699833_gshared	System.Void System.Collections.Generic.Dictionary`2/ValueCollection<System.Object,System.Collections.Generic.KeyValuePair`2<UnityEngine.Rendering.CameraEvent,System.Object>>::CopyTo(TValue[],System.Int32)	mscorlib
ValueCollection_GetEnumerator_m3831944692_gshared	System.Collections.Generic.Dictionary`2/ValueCollection/Enumerator<TKey,TValue> System.Collections.Generic.Dictionary`2/ValueCollection<System.Object,System.Collections.Generic.KeyValuePair`2<UnityEngine.Rendering.CameraEvent,System.Object>>::GetEnumerator()	mscorlib
ValueCollection_get_Count_m3282147520_gshared	System.Int32 System.Collections.Generic.Dictionary`2/ValueCollection<System.Object,System.Collections.Generic.KeyValuePair`2<UnityEngine.Rendering.CameraEvent,System.Object>>::get_Count()	mscorlib
ValueCollection__ctor_m2584527071_gshared	System.Void System.Collections.Generic.Dictionary`2/ValueCollection<System.Object,System.Int32>::.ctor(System.Collections.Generic.Dictionary`2<TKey,TValue>)	mscorlib
ValueCollection_System_Collections_Generic_ICollectionU3CTValueU3E_Add_m3538092350_gshared	System.Void System.Collections.Generic.Dictionary`2/ValueCollection<System.Object,System.Int32>::System.Collections.Generic.ICollection<TValue>.Add(TValue)	mscorlib
ValueCollection_System_Collections_Generic_ICollectionU3CTValueU3E_Clear_m3566470663_gshared	System.Void System.Collections.Generic.Dictionary`2/ValueCollection<System.Object,System.Int32>::System.Collections.Generic.ICollection<TValue>.Clear()	mscorlib
ValueCollection_System_Collections_Generic_ICollectionU3CTValueU3E_Contains_m3207510784_gshared	System.Boolean System.Collections.Generic.Dictionary`2/ValueCollection<System.Object,System.Int32>::System.Collections.Generic.ICollection<TValue>.Contains(TValue)	mscorlib
ValueCollection_System_Collections_Generic_ICollectionU3CTValueU3E_Remove_m2815410150_gshared	System.Boolean System.Collections.Generic.Dictionary`2/ValueCollection<System.Object,System.Int32>::System.Collections.Generic.ICollection<TValue>.Remove(TValue)	mscorlib
ValueCollection_System_Collections_Generic_IEnumerableU3CTValueU3E_GetEnumerator_m2147530360_gshared	System.Collections.Generic.IEnumerator`1<TValue> System.Collections.Generic.Dictionary`2/ValueCollection<System.Object,System.Int32>::System.Collections.Generic.IEnumerable<TValue>.GetEnumerator()	mscorlib
ValueCollection_System_Collections_ICollection_CopyTo_m4266973977_gshared	System.Void System.Collections.Generic.Dictionary`2/ValueCollection<System.Object,System.Int32>::System.Collections.ICollection.CopyTo(System.Array,System.Int32)	mscorlib
ValueCollection_System_Collections_IEnumerable_GetEnumerator_m1685688505_gshared	System.Collections.IEnumerator System.Collections.Generic.Dictionary`2/ValueCollection<System.Object,System.Int32>::System.Collections.IEnumerable.GetEnumerator()	mscorlib
ValueCollection_System_Collections_Generic_ICollectionU3CTValueU3E_get_IsReadOnly_m1110422367_gshared	System.Boolean System.Collections.Generic.Dictionary`2/ValueCollection<System.Object,System.Int32>::System.Collections.Generic.ICollection<TValue>.get_IsReadOnly()	mscorlib
ValueCollection_System_Collections_ICollection_get_IsSynchronized_m2813565637_gshared	System.Boolean System.Collections.Generic.Dictionary`2/ValueCollection<System.Object,System.Int32>::System.Collections.ICollection.get_IsSynchronized()	mscorlib
ValueCollection_System_Collections_ICollection_get_SyncRoot_m3020187163_gshared	System.Object System.Collections.Generic.Dictionary`2/ValueCollection<System.Object,System.Int32>::System.Collections.ICollection.get_SyncRoot()	mscorlib
ValueCollection_CopyTo_m427013126_gshared	System.Void System.Collections.Generic.Dictionary`2/ValueCollection<System.Object,System.Int32>::CopyTo(TValue[],System.Int32)	mscorlib
ValueCollection_GetEnumerator_m245977334_gshared	System.Collections.Generic.Dictionary`2/ValueCollection/Enumerator<TKey,TValue> System.Collections.Generic.Dictionary`2/ValueCollection<System.Object,System.Int32>::GetEnumerator()	mscorlib
ValueCollection_get_Count_m1974895064_gshared	System.Int32 System.Collections.Generic.Dictionary`2/ValueCollection<System.Object,System.Int32>::get_Count()	mscorlib
Dictionary_2__ctor_m2601736566_gshared	System.Void System.Collections.Generic.Dictionary`2<System.Int32,System.Object>::.ctor()	mscorlib
Dictionary_2__ctor_m1060663922_gshared	System.Void System.Collections.Generic.Dictionary`2<System.Int32,System.Object>::.ctor(System.Collections.Generic.IEqualityComparer`1<TKey>)	mscorlib
Dictionary_2__ctor_m2399340297_gshared	System.Void System.Collections.Generic.Dictionary`2<System.Int32,System.Object>::.ctor(System.Int32)	mscorlib
Dictionary_2__ctor_m2744724763_gshared	System.Void System.Collections.Generic.Dictionary`2<System.Int32,System.Object>::.ctor(System.Runtime.Serialization.SerializationInfo,System.Runtime.Serialization.StreamingContext)	mscorlib
Dictionary_2_System_Collections_IDictionary_get_Item_m787919239_gshared	System.Object System.Collections.Generic.Dictionary`2<System.Int32,System.Object>::System.Collections.IDictionary.get_Item(System.Object)	mscorlib
Dictionary_2_System_Collections_IDictionary_set_Item_m439946704_gshared	System.Void System.Collections.Generic.Dictionary`2<System.Int32,System.Object>::System.Collections.IDictionary.set_Item(System.Object,System.Object)	mscorlib
Dictionary_2_System_Collections_IDictionary_Add_m776121614_gshared	System.Void System.Collections.Generic.Dictionary`2<System.Int32,System.Object>::System.Collections.IDictionary.Add(System.Object,System.Object)	mscorlib
Dictionary_2_System_Collections_IDictionary_Remove_m1909892810_gshared	System.Void System.Collections.Generic.Dictionary`2<System.Int32,System.Object>::System.Collections.IDictionary.Remove(System.Object)	mscorlib
Dictionary_2_System_Collections_ICollection_get_IsSynchronized_m2067840963_gshared	System.Boolean System.Collections.Generic.Dictionary`2<System.Int32,System.Object>::System.Collections.ICollection.get_IsSynchronized()	mscorlib
Dictionary_2_System_Collections_ICollection_get_SyncRoot_m2020472285_gshared	System.Object System.Collections.Generic.Dictionary`2<System.Int32,System.Object>::System.Collections.ICollection.get_SyncRoot()	mscorlib
Dictionary_2_System_Collections_Generic_ICollectionU3CSystem_Collections_Generic_KeyValuePairU3CTKeyU2CTValueU3EU3E_get_IsReadOnly_m1491257236_gshared	System.Boolean System.Collections.Generic.Dictionary`2<System.Int32,System.Object>::System.Collections.Generic.ICollection<System.Collections.Generic.KeyValuePair<TKey,TValue>>.get_IsReadOnly()	mscorlib
Dictionary_2_System_Collections_Generic_ICollectionU3CSystem_Collections_Generic_KeyValuePairU3CTKeyU2CTValueU3EU3E_Add_m3401902714_gshared	System.Void System.Collections.Generic.Dictionary`2<System.Int32,System.Object>::System.Collections.Generic.ICollection<System.Collections.Generic.KeyValuePair<TKey,TValue>>.Add(System.Collections.Generic.KeyValuePair`2<TKey,TValue>)	mscorlib
Dictionary_2_System_Collections_Generic_ICollectionU3CSystem_Collections_Generic_KeyValuePairU3CTKeyU2CTValueU3EU3E_Contains_m1823197466_gshared	System.Boolean System.Collections.Generic.Dictionary`2<System.Int32,System.Object>::System.Collections.Generic.ICollection<System.Collections.Generic.KeyValuePair<TKey,TValue>>.Contains(System.Collections.Generic.KeyValuePair`2<TKey,TValue>)	mscorlib
Dictionary_2_System_Collections_Generic_ICollectionU3CSystem_Collections_Generic_KeyValuePairU3CTKeyU2CTValueU3EU3E_CopyTo_m1123458898_gshared	System.Void System.Collections.Generic.Dictionary`2<System.Int32,System.Object>::System.Collections.Generic.ICollection<System.Collections.Generic.KeyValuePair<TKey,TValue>>.CopyTo(System.Collections.Generic.KeyValuePair`2<TKey,TValue>[],System.Int32)	mscorlib
Dictionary_2_System_Collections_Generic_ICollectionU3CSystem_Collections_Generic_KeyValuePairU3CTKeyU2CTValueU3EU3E_Remove_m2915825929_gshared	System.Boolean System.Collections.Generic.Dictionary`2<System.Int32,System.Object>::System.Collections.Generic.ICollection<System.Collections.Generic.KeyValuePair<TKey,TValue>>.Remove(System.Collections.Generic.KeyValuePair`2<TKey,TValue>)	mscorlib
Dictionary_2_System_Collections_ICollection_CopyTo_m3143696177_gshared	System.Void System.Collections.Generic.Dictionary`2<System.Int32,System.Object>::System.Collections.ICollection.CopyTo(System.Array,System.Int32)	mscorlib
Dictionary_2_System_Collections_IEnumerable_GetEnumerator_m3993325289_gshared	System.Collections.IEnumerator System.Collections.Generic.Dictionary`2<System.Int32,System.Object>::System.Collections.IEnumerable.GetEnumerator()	mscorlib
Dictionary_2_System_Collections_Generic_IEnumerableU3CSystem_Collections_Generic_KeyValuePairU3CTKeyU2CTValueU3EU3E_GetEnumerator_m4109180678_gshared	System.Collections.Generic.IEnumerator`1<System.Collections.Generic.KeyValuePair`2<TKey,TValue>> System.Collections.Generic.Dictionary`2<System.Int32,System.Object>::System.Collections.Generic.IEnumerable<System.Collections.Generic.KeyValuePair<TKey,TValue>>.GetEnumerator()	mscorlib
Dictionary_2_System_Collections_IDictionary_GetEnumerator_m751864982_gshared	System.Collections.IDictionaryEnumerator System.Collections.Generic.Dictionary`2<System.Int32,System.Object>::System.Collections.IDictionary.GetEnumerator()	mscorlib
Dictionary_2_get_Count_m3300912776_gshared	System.Int32 System.Collections.Generic.Dictionary`2<System.Int32,System.Object>::get_Count()	mscorlib
Dictionary_2_get_Item_m193757924_gshared	TValue System.Collections.Generic.Dictionary`2<System.Int32,System.Object>::get_Item(TKey)	mscorlib
Dictionary_2_set_Item_m3327106492_gshared	System.Void System.Collections.Generic.Dictionary`2<System.Int32,System.Object>::set_Item(TKey,TValue)	mscorlib
Dictionary_2_Init_m15475088_gshared	System.Void System.Collections.Generic.Dictionary`2<System.Int32,System.Object>::Init(System.Int32,System.Collections.Generic.IEqualityComparer`1<TKey>)	mscorlib
Dictionary_2_InitArrays_m1664917084_gshared	System.Void System.Collections.Generic.Dictionary`2<System.Int32,System.Object>::InitArrays(System.Int32)	mscorlib
Dictionary_2_CopyToCheck_m45332585_gshared	System.Void System.Collections.Generic.Dictionary`2<System.Int32,System.Object>::CopyToCheck(System.Array,System.Int32)	mscorlib
Dictionary_2_make_pair_m2465326463_gshared	System.Collections.Generic.KeyValuePair`2<TKey,TValue> System.Collections.Generic.Dictionary`2<System.Int32,System.Object>::make_pair(TKey,TValue)	mscorlib
Dictionary_2_pick_value_m3014302136_gshared	TValue System.Collections.Generic.Dictionary`2<System.Int32,System.Object>::pick_value(TKey,TValue)	mscorlib
Dictionary_2_CopyTo_m1376953690_gshared	System.Void System.Collections.Generic.Dictionary`2<System.Int32,System.Object>::CopyTo(System.Collections.Generic.KeyValuePair`2<TKey,TValue>[],System.Int32)	mscorlib
Dictionary_2_Resize_m1156965638_gshared	System.Void System.Collections.Generic.Dictionary`2<System.Int32,System.Object>::Resize()	mscorlib
Dictionary_2_Add_m2059424751_gshared	System.Void System.Collections.Generic.Dictionary`2<System.Int32,System.Object>::Add(TKey,TValue)	mscorlib
Dictionary_2_Clear_m212974362_gshared	System.Void System.Collections.Generic.Dictionary`2<System.Int32,System.Object>::Clear()	mscorlib
Dictionary_2_ContainsKey_m2585338612_gshared	System.Boolean System.Collections.Generic.Dictionary`2<System.Int32,System.Object>::ContainsKey(TKey)	mscorlib
Dictionary_2_ContainsValue_m3161585138_gshared	System.Boolean System.Collections.Generic.Dictionary`2<System.Int32,System.Object>::ContainsValue(TValue)	mscorlib
Dictionary_2_OnDeserialization_m4209543208_gshared	System.Void System.Collections.Generic.Dictionary`2<System.Int32,System.Object>::OnDeserialization(System.Object)	mscorlib
Dictionary_2_Remove_m4193450060_gshared	System.Boolean System.Collections.Generic.Dictionary`2<System.Int32,System.Object>::Remove(TKey)	mscorlib
Dictionary_2_TryGetValue_m3411363121_gshared	System.Boolean System.Collections.Generic.Dictionary`2<System.Int32,System.Object>::TryGetValue(TKey,TValue&)	mscorlib
Dictionary_2_get_Values_m683714624_gshared	System.Collections.Generic.Dictionary`2/ValueCollection<TKey,TValue> System.Collections.Generic.Dictionary`2<System.Int32,System.Object>::get_Values()	mscorlib
Dictionary_2_ToTKey_m224697230_gshared	TKey System.Collections.Generic.Dictionary`2<System.Int32,System.Object>::ToTKey(System.Object)	mscorlib
Dictionary_2_ToTValue_m692436965_gshared	TValue System.Collections.Generic.Dictionary`2<System.Int32,System.Object>::ToTValue(System.Object)	mscorlib
Dictionary_2_ContainsKeyValuePair_m3478027727_gshared	System.Boolean System.Collections.Generic.Dictionary`2<System.Int32,System.Object>::ContainsKeyValuePair(System.Collections.Generic.KeyValuePair`2<TKey,TValue>)	mscorlib
Dictionary_2_GetEnumerator_m1087370259_gshared	System.Collections.Generic.Dictionary`2/Enumerator<TKey,TValue> System.Collections.Generic.Dictionary`2<System.Int32,System.Object>::GetEnumerator()	mscorlib
Dictionary_2_U3CCopyToU3Em__0_m583642638_gshared	System.Collections.DictionaryEntry System.Collections.Generic.Dictionary`2<System.Int32,System.Object>::<CopyTo>m__0(TKey,TValue)	mscorlib
Dictionary_2__ctor_m517598155_gshared	System.Void System.Collections.Generic.Dictionary`2<System.IntPtr,System.Object>::.ctor()	mscorlib
Dictionary_2__ctor_m1615361656_gshared	System.Void System.Collections.Generic.Dictionary`2<System.IntPtr,System.Object>::.ctor(System.Collections.Generic.IEqualityComparer`1<TKey>)	mscorlib
Dictionary_2__ctor_m536498921_gshared	System.Void System.Collections.Generic.Dictionary`2<System.IntPtr,System.Object>::.ctor(System.Int32)	mscorlib
Dictionary_2__ctor_m3922793767_gshared	System.Void System.Collections.Generic.Dictionary`2<System.IntPtr,System.Object>::.ctor(System.Runtime.Serialization.SerializationInfo,System.Runtime.Serialization.StreamingContext)	mscorlib
Dictionary_2_System_Collections_IDictionary_get_Item_m1524611028_gshared	System.Object System.Collections.Generic.Dictionary`2<System.IntPtr,System.Object>::System.Collections.IDictionary.get_Item(System.Object)	mscorlib
Dictionary_2_System_Collections_IDictionary_set_Item_m532364140_gshared	System.Void System.Collections.Generic.Dictionary`2<System.IntPtr,System.Object>::System.Collections.IDictionary.set_Item(System.Object,System.Object)	mscorlib
Dictionary_2_System_Collections_IDictionary_Add_m1765038143_gshared	System.Void System.Collections.Generic.Dictionary`2<System.IntPtr,System.Object>::System.Collections.IDictionary.Add(System.Object,System.Object)	mscorlib
Dictionary_2_System_Collections_IDictionary_Remove_m615884538_gshared	System.Void System.Collections.Generic.Dictionary`2<System.IntPtr,System.Object>::System.Collections.IDictionary.Remove(System.Object)	mscorlib
Dictionary_2_System_Collections_ICollection_get_IsSynchronized_m256515291_gshared	System.Boolean System.Collections.Generic.Dictionary`2<System.IntPtr,System.Object>::System.Collections.ICollection.get_IsSynchronized()	mscorlib
Dictionary_2_System_Collections_ICollection_get_SyncRoot_m3729321703_gshared	System.Object System.Collections.Generic.Dictionary`2<System.IntPtr,System.Object>::System.Collections.ICollection.get_SyncRoot()	mscorlib
Dictionary_2_System_Collections_Generic_ICollectionU3CSystem_Collections_Generic_KeyValuePairU3CTKeyU2CTValueU3EU3E_get_IsReadOnly_m1292277535_gshared	System.Boolean System.Collections.Generic.Dictionary`2<System.IntPtr,System.Object>::System.Collections.Generic.ICollection<System.Collections.Generic.KeyValuePair<TKey,TValue>>.get_IsReadOnly()	mscorlib
Dictionary_2_System_Collections_Generic_ICollectionU3CSystem_Collections_Generic_KeyValuePairU3CTKeyU2CTValueU3EU3E_Add_m1006189042_gshared	System.Void System.Collections.Generic.Dictionary`2<System.IntPtr,System.Object>::System.Collections.Generic.ICollection<System.Collections.Generic.KeyValuePair<TKey,TValue>>.Add(System.Collections.Generic.KeyValuePair`2<TKey,TValue>)	mscorlib
Dictionary_2_System_Collections_Generic_ICollectionU3CSystem_Collections_Generic_KeyValuePairU3CTKeyU2CTValueU3EU3E_Contains_m3724727653_gshared	System.Boolean System.Collections.Generic.Dictionary`2<System.IntPtr,System.Object>::System.Collections.Generic.ICollection<System.Collections.Generic.KeyValuePair<TKey,TValue>>.Contains(System.Collections.Generic.KeyValuePair`2<TKey,TValue>)	mscorlib
Dictionary_2_System_Collections_Generic_ICollectionU3CSystem_Collections_Generic_KeyValuePairU3CTKeyU2CTValueU3EU3E_CopyTo_m4225453563_gshared	System.Void System.Collections.Generic.Dictionary`2<System.IntPtr,System.Object>::System.Collections.Generic.ICollection<System.Collections.Generic.KeyValuePair<TKey,TValue>>.CopyTo(System.Collections.Generic.KeyValuePair`2<TKey,TValue>[],System.Int32)	mscorlib
Dictionary_2_System_Collections_Generic_ICollectionU3CSystem_Collections_Generic_KeyValuePairU3CTKeyU2CTValueU3EU3E_Remove_m3227875526_gshared	System.Boolean System.Collections.Generic.Dictionary`2<System.IntPtr,System.Object>::System.Collections.Generic.ICollection<System.Collections.Generic.KeyValuePair<TKey,TValue>>.Remove(System.Collections.Generic.KeyValuePair`2<TKey,TValue>)	mscorlib
Dictionary_2_System_Collections_ICollection_CopyTo_m534867526_gshared	System.Void System.Collections.Generic.Dictionary`2<System.IntPtr,System.Object>::System.Collections.ICollection.CopyTo(System.Array,System.Int32)	mscorlib
Dictionary_2_System_Collections_IEnumerable_GetEnumerator_m4081758886_gshared	System.Collections.IEnumerator System.Collections.Generic.Dictionary`2<System.IntPtr,System.Object>::System.Collections.IEnumerable.GetEnumerator()	mscorlib
Dictionary_2_System_Collections_Generic_IEnumerableU3CSystem_Collections_Generic_KeyValuePairU3CTKeyU2CTValueU3EU3E_GetEnumerator_m2459597059_gshared	System.Collections.Generic.IEnumerator`1<System.Collections.Generic.KeyValuePair`2<TKey,TValue>> System.Collections.Generic.Dictionary`2<System.IntPtr,System.Object>::System.Collections.Generic.IEnumerable<System.Collections.Generic.KeyValuePair<TKey,TValue>>.GetEnumerator()	mscorlib
Dictionary_2_System_Collections_IDictionary_GetEnumerator_m1854463635_gshared	System.Collections.IDictionaryEnumerator System.Collections.Generic.Dictionary`2<System.IntPtr,System.Object>::System.Collections.IDictionary.GetEnumerator()	mscorlib
Dictionary_2_get_Count_m2449135560_gshared	System.Int32 System.Collections.Generic.Dictionary`2<System.IntPtr,System.Object>::get_Count()	mscorlib
Dictionary_2_get_Item_m3819809351_gshared	TValue System.Collections.Generic.Dictionary`2<System.IntPtr,System.Object>::get_Item(TKey)	mscorlib
Dictionary_2_set_Item_m3086740455_gshared	System.Void System.Collections.Generic.Dictionary`2<System.IntPtr,System.Object>::set_Item(TKey,TValue)	mscorlib
Dictionary_2_Init_m1051918563_gshared	System.Void System.Collections.Generic.Dictionary`2<System.IntPtr,System.Object>::Init(System.Int32,System.Collections.Generic.IEqualityComparer`1<TKey>)	mscorlib
Dictionary_2_InitArrays_m3169807397_gshared	System.Void System.Collections.Generic.Dictionary`2<System.IntPtr,System.Object>::InitArrays(System.Int32)	mscorlib
Dictionary_2_CopyToCheck_m2575584315_gshared	System.Void System.Collections.Generic.Dictionary`2<System.IntPtr,System.Object>::CopyToCheck(System.Array,System.Int32)	mscorlib
Dictionary_2_make_pair_m3116882385_gshared	System.Collections.Generic.KeyValuePair`2<TKey,TValue> System.Collections.Generic.Dictionary`2<System.IntPtr,System.Object>::make_pair(TKey,TValue)	mscorlib
Dictionary_2_pick_value_m4268517353_gshared	TValue System.Collections.Generic.Dictionary`2<System.IntPtr,System.Object>::pick_value(TKey,TValue)	mscorlib
Dictionary_2_CopyTo_m3468884170_gshared	System.Void System.Collections.Generic.Dictionary`2<System.IntPtr,System.Object>::CopyTo(System.Collections.Generic.KeyValuePair`2<TKey,TValue>[],System.Int32)	mscorlib
Dictionary_2_Resize_m2794652808_gshared	System.Void System.Collections.Generic.Dictionary`2<System.IntPtr,System.Object>::Resize()	mscorlib
Dictionary_2_Add_m653869716_gshared	System.Void System.Collections.Generic.Dictionary`2<System.IntPtr,System.Object>::Add(TKey,TValue)	mscorlib
Dictionary_2_Clear_m2004527236_gshared	System.Void System.Collections.Generic.Dictionary`2<System.IntPtr,System.Object>::Clear()	mscorlib
Dictionary_2_ContainsKey_m415531417_gshared	System.Boolean System.Collections.Generic.Dictionary`2<System.IntPtr,System.Object>::ContainsKey(TKey)	mscorlib
Dictionary_2_ContainsValue_m152032383_gshared	System.Boolean System.Collections.Generic.Dictionary`2<System.IntPtr,System.Object>::ContainsValue(TValue)	mscorlib
Dictionary_2_OnDeserialization_m2513480556_gshared	System.Void System.Collections.Generic.Dictionary`2<System.IntPtr,System.Object>::OnDeserialization(System.Object)	mscorlib
Dictionary_2_Remove_m578306649_gshared	System.Boolean System.Collections.Generic.Dictionary`2<System.IntPtr,System.Object>::Remove(TKey)	mscorlib
Dictionary_2_TryGetValue_m3495031886_gshared	System.Boolean System.Collections.Generic.Dictionary`2<System.IntPtr,System.Object>::TryGetValue(TKey,TValue&)	mscorlib
Dictionary_2_get_Values_m2635319538_gshared	System.Collections.Generic.Dictionary`2/ValueCollection<TKey,TValue> System.Collections.Generic.Dictionary`2<System.IntPtr,System.Object>::get_Values()	mscorlib
Dictionary_2_ToTKey_m2055624458_gshared	TKey System.Collections.Generic.Dictionary`2<System.IntPtr,System.Object>::ToTKey(System.Object)	mscorlib
Dictionary_2_ToTValue_m2547681060_gshared	TValue System.Collections.Generic.Dictionary`2<System.IntPtr,System.Object>::ToTValue(System.Object)	mscorlib
Dictionary_2_ContainsKeyValuePair_m3198329119_gshared	System.Boolean System.Collections.Generic.Dictionary`2<System.IntPtr,System.Object>::ContainsKeyValuePair(System.Collections.Generic.KeyValuePair`2<TKey,TValue>)	mscorlib
Dictionary_2_GetEnumerator_m3671769855_gshared	System.Collections.Generic.Dictionary`2/Enumerator<TKey,TValue> System.Collections.Generic.Dictionary`2<System.IntPtr,System.Object>::GetEnumerator()	mscorlib
Dictionary_2_U3CCopyToU3Em__0_m3293121680_gshared	System.Collections.DictionaryEntry System.Collections.Generic.Dictionary`2<System.IntPtr,System.Object>::<CopyTo>m__0(TKey,TValue)	mscorlib
Dictionary_2__ctor_m236774955_gshared	System.Void System.Collections.Generic.Dictionary`2<System.Object,System.Boolean>::.ctor()	mscorlib
Dictionary_2__ctor_m1324730059_gshared	System.Void System.Collections.Generic.Dictionary`2<System.Object,System.Boolean>::.ctor(System.Collections.Generic.IEqualityComparer`1<TKey>)	mscorlib
Dictionary_2__ctor_m791993954_gshared	System.Void System.Collections.Generic.Dictionary`2<System.Object,System.Boolean>::.ctor(System.Int32)	mscorlib
Dictionary_2__ctor_m1307299592_gshared	System.Void System.Collections.Generic.Dictionary`2<System.Object,System.Boolean>::.ctor(System.Runtime.Serialization.SerializationInfo,System.Runtime.Serialization.StreamingContext)	mscorlib
Dictionary_2_System_Collections_IDictionary_get_Item_m2914870965_gshared	System.Object System.Collections.Generic.Dictionary`2<System.Object,System.Boolean>::System.Collections.IDictionary.get_Item(System.Object)	mscorlib
Dictionary_2_System_Collections_IDictionary_set_Item_m1961574870_gshared	System.Void System.Collections.Generic.Dictionary`2<System.Object,System.Boolean>::System.Collections.IDictionary.set_Item(System.Object,System.Object)	mscorlib
Dictionary_2_System_Collections_IDictionary_Add_m439212047_gshared	System.Void System.Collections.Generic.Dictionary`2<System.Object,System.Boolean>::System.Collections.IDictionary.Add(System.Object,System.Object)	mscorlib
Dictionary_2_System_Collections_IDictionary_Remove_m316877720_gshared	System.Void System.Collections.Generic.Dictionary`2<System.Object,System.Boolean>::System.Collections.IDictionary.Remove(System.Object)	mscorlib
Dictionary_2_System_Collections_ICollection_get_IsSynchronized_m2284396836_gshared	System.Boolean System.Collections.Generic.Dictionary`2<System.Object,System.Boolean>::System.Collections.ICollection.get_IsSynchronized()	mscorlib
Dictionary_2_System_Collections_ICollection_get_SyncRoot_m2069913662_gshared	System.Object System.Collections.Generic.Dictionary`2<System.Object,System.Boolean>::System.Collections.ICollection.get_SyncRoot()	mscorlib
Dictionary_2_System_Collections_Generic_ICollectionU3CSystem_Collections_Generic_KeyValuePairU3CTKeyU2CTValueU3EU3E_get_IsReadOnly_m1038585934_gshared	System.Boolean System.Collections.Generic.Dictionary`2<System.Object,System.Boolean>::System.Collections.Generic.ICollection<System.Collections.Generic.KeyValuePair<TKey,TValue>>.get_IsReadOnly()	mscorlib
Dictionary_2_System_Collections_Generic_ICollectionU3CSystem_Collections_Generic_KeyValuePairU3CTKeyU2CTValueU3EU3E_Add_m3652125112_gshared	System.Void System.Collections.Generic.Dictionary`2<System.Object,System.Boolean>::System.Collections.Generic.ICollection<System.Collections.Generic.KeyValuePair<TKey,TValue>>.Add(System.Collections.Generic.KeyValuePair`2<TKey,TValue>)	mscorlib
Dictionary_2_System_Collections_Generic_ICollectionU3CSystem_Collections_Generic_KeyValuePairU3CTKeyU2CTValueU3EU3E_Contains_m2712947999_gshared	System.Boolean System.Collections.Generic.Dictionary`2<System.Object,System.Boolean>::System.Collections.Generic.ICollection<System.Collections.Generic.KeyValuePair<TKey,TValue>>.Contains(System.Collections.Generic.KeyValuePair`2<TKey,TValue>)	mscorlib
Dictionary_2_System_Collections_Generic_ICollectionU3CSystem_Collections_Generic_KeyValuePairU3CTKeyU2CTValueU3EU3E_CopyTo_m331407443_gshared	System.Void System.Collections.Generic.Dictionary`2<System.Object,System.Boolean>::System.Collections.Generic.ICollection<System.Collections.Generic.KeyValuePair<TKey,TValue>>.CopyTo(System.Collections.Generic.KeyValuePair`2<TKey,TValue>[],System.Int32)	mscorlib
Dictionary_2_System_Collections_Generic_ICollectionU3CSystem_Collections_Generic_KeyValuePairU3CTKeyU2CTValueU3EU3E_Remove_m924730333_gshared	System.Boolean System.Collections.Generic.Dictionary`2<System.Object,System.Boolean>::System.Collections.Generic.ICollection<System.Collections.Generic.KeyValuePair<TKey,TValue>>.Remove(System.Collections.Generic.KeyValuePair`2<TKey,TValue>)	mscorlib
Dictionary_2_System_Collections_ICollection_CopyTo_m2996651331_gshared	System.Void System.Collections.Generic.Dictionary`2<System.Object,System.Boolean>::System.Collections.ICollection.CopyTo(System.Array,System.Int32)	mscorlib
Dictionary_2_System_Collections_IEnumerable_GetEnumerator_m3057868448_gshared	System.Collections.IEnumerator System.Collections.Generic.Dictionary`2<System.Object,System.Boolean>::System.Collections.IEnumerable.GetEnumerator()	mscorlib
Dictionary_2_System_Collections_Generic_IEnumerableU3CSystem_Collections_Generic_KeyValuePairU3CTKeyU2CTValueU3EU3E_GetEnumerator_m1650921893_gshared	System.Collections.Generic.IEnumerator`1<System.Collections.Generic.KeyValuePair`2<TKey,TValue>> System.Collections.Generic.Dictionary`2<System.Object,System.Boolean>::System.Collections.Generic.IEnumerable<System.Collections.Generic.KeyValuePair<TKey,TValue>>.GetEnumerator()	mscorlib
Dictionary_2_System_Collections_IDictionary_GetEnumerator_m972834308_gshared	System.Collections.IDictionaryEnumerator System.Collections.Generic.Dictionary`2<System.Object,System.Boolean>::System.Collections.IDictionary.GetEnumerator()	mscorlib
Dictionary_2_get_Count_m281475734_gshared	System.Int32 System.Collections.Generic.Dictionary`2<System.Object,System.Boolean>::get_Count()	mscorlib
Dictionary_2_get_Item_m1749337561_gshared	TValue System.Collections.Generic.Dictionary`2<System.Object,System.Boolean>::get_Item(TKey)	mscorlib
Dictionary_2_set_Item_m351745166_gshared	System.Void System.Collections.Generic.Dictionary`2<System.Object,System.Boolean>::set_Item(TKey,TValue)	mscorlib
Dictionary_2_Init_m670528624_gshared	System.Void System.Collections.Generic.Dictionary`2<System.Object,System.Boolean>::Init(System.Int32,System.Collections.Generic.IEqualityComparer`1<TKey>)	mscorlib
Dictionary_2_InitArrays_m1134821249_gshared	System.Void System.Collections.Generic.Dictionary`2<System.Object,System.Boolean>::InitArrays(System.Int32)	mscorlib
Dictionary_2_CopyToCheck_m1037433946_gshared	System.Void System.Collections.Generic.Dictionary`2<System.Object,System.Boolean>::CopyToCheck(System.Array,System.Int32)	mscorlib
Dictionary_2_make_pair_m2250450206_gshared	System.Collections.Generic.KeyValuePair`2<TKey,TValue> System.Collections.Generic.Dictionary`2<System.Object,System.Boolean>::make_pair(TKey,TValue)	mscorlib
Dictionary_2_pick_value_m837438397_gshared	TValue System.Collections.Generic.Dictionary`2<System.Object,System.Boolean>::pick_value(TKey,TValue)	mscorlib
Dictionary_2_CopyTo_m2343158210_gshared	System.Void System.Collections.Generic.Dictionary`2<System.Object,System.Boolean>::CopyTo(System.Collections.Generic.KeyValuePair`2<TKey,TValue>[],System.Int32)	mscorlib
Dictionary_2_Resize_m3177517427_gshared	System.Void System.Collections.Generic.Dictionary`2<System.Object,System.Boolean>::Resize()	mscorlib
Dictionary_2_Add_m4262304220_gshared	System.Void System.Collections.Generic.Dictionary`2<System.Object,System.Boolean>::Add(TKey,TValue)	mscorlib
Dictionary_2_Clear_m3572306323_gshared	System.Void System.Collections.Generic.Dictionary`2<System.Object,System.Boolean>::Clear()	mscorlib
Dictionary_2_ContainsKey_m2720200141_gshared	System.Boolean System.Collections.Generic.Dictionary`2<System.Object,System.Boolean>::ContainsKey(TKey)	mscorlib
Dictionary_2_ContainsValue_m256968015_gshared	System.Boolean System.Collections.Generic.Dictionary`2<System.Object,System.Boolean>::ContainsValue(TValue)	mscorlib
Dictionary_2_OnDeserialization_m1254782141_gshared	System.Void System.Collections.Generic.Dictionary`2<System.Object,System.Boolean>::OnDeserialization(System.Object)	mscorlib
Dictionary_2_Remove_m2535635334_gshared	System.Boolean System.Collections.Generic.Dictionary`2<System.Object,System.Boolean>::Remove(TKey)	mscorlib
Dictionary_2_TryGetValue_m3693906426_gshared	System.Boolean System.Collections.Generic.Dictionary`2<System.Object,System.Boolean>::TryGetValue(TKey,TValue&)	mscorlib
Dictionary_2_get_Values_m3778148536_gshared	System.Collections.Generic.Dictionary`2/ValueCollection<TKey,TValue> System.Collections.Generic.Dictionary`2<System.Object,System.Boolean>::get_Values()	mscorlib
Dictionary_2_ToTKey_m4214980210_gshared	TKey System.Collections.Generic.Dictionary`2<System.Object,System.Boolean>::ToTKey(System.Object)	mscorlib
Dictionary_2_ToTValue_m2185916777_gshared	TValue System.Collections.Generic.Dictionary`2<System.Object,System.Boolean>::ToTValue(System.Object)	mscorlib
Dictionary_2_ContainsKeyValuePair_m3003569745_gshared	System.Boolean System.Collections.Generic.Dictionary`2<System.Object,System.Boolean>::ContainsKeyValuePair(System.Collections.Generic.KeyValuePair`2<TKey,TValue>)	mscorlib
Dictionary_2_GetEnumerator_m2978988825_gshared	System.Collections.Generic.Dictionary`2/Enumerator<TKey,TValue> System.Collections.Generic.Dictionary`2<System.Object,System.Boolean>::GetEnumerator()	mscorlib
Dictionary_2_U3CCopyToU3Em__0_m341181653_gshared	System.Collections.DictionaryEntry System.Collections.Generic.Dictionary`2<System.Object,System.Boolean>::<CopyTo>m__0(TKey,TValue)	mscorlib
Dictionary_2__ctor_m3471890303_gshared	System.Void System.Collections.Generic.Dictionary`2<System.Object,System.Collections.Generic.KeyValuePair`2<UnityEngine.Rendering.CameraEvent,System.Object>>::.ctor()	mscorlib
Dictionary_2__ctor_m2048778666_gshared	System.Void System.Collections.Generic.Dictionary`2<System.Object,System.Collections.Generic.KeyValuePair`2<UnityEngine.Rendering.CameraEvent,System.Object>>::.ctor(System.Collections.Generic.IEqualityComparer`1<TKey>)	mscorlib
Dictionary_2__ctor_m2405888023_gshared	System.Void System.Collections.Generic.Dictionary`2<System.Object,System.Collections.Generic.KeyValuePair`2<UnityEngine.Rendering.CameraEvent,System.Object>>::.ctor(System.Int32)	mscorlib
Dictionary_2__ctor_m2752136053_gshared	System.Void System.Collections.Generic.Dictionary`2<System.Object,System.Collections.Generic.KeyValuePair`2<UnityEngine.Rendering.CameraEvent,System.Object>>::.ctor(System.Runtime.Serialization.SerializationInfo,System.Runtime.Serialization.StreamingContext)	mscorlib
Dictionary_2_System_Collections_IDictionary_get_Item_m2909764047_gshared	System.Object System.Collections.Generic.Dictionary`2<System.Object,System.Collections.Generic.KeyValuePair`2<UnityEngine.Rendering.CameraEvent,System.Object>>::System.Collections.IDictionary.get_Item(System.Object)	mscorlib
Dictionary_2_System_Collections_IDictionary_set_Item_m2706191120_gshared	System.Void System.Collections.Generic.Dictionary`2<System.Object,System.Collections.Generic.KeyValuePair`2<UnityEngine.Rendering.CameraEvent,System.Object>>::System.Collections.IDictionary.set_Item(System.Object,System.Object)	mscorlib
Dictionary_2_System_Collections_IDictionary_Add_m771088024_gshared	System.Void System.Collections.Generic.Dictionary`2<System.Object,System.Collections.Generic.KeyValuePair`2<UnityEngine.Rendering.CameraEvent,System.Object>>::System.Collections.IDictionary.Add(System.Object,System.Object)	mscorlib
Dictionary_2_System_Collections_IDictionary_Remove_m1122418528_gshared	System.Void System.Collections.Generic.Dictionary`2<System.Object,System.Collections.Generic.KeyValuePair`2<UnityEngine.Rendering.CameraEvent,System.Object>>::System.Collections.IDictionary.Remove(System.Object)	mscorlib
Dictionary_2_System_Collections_ICollection_get_IsSynchronized_m539045216_gshared	System.Boolean System.Collections.Generic.Dictionary`2<System.Object,System.Collections.Generic.KeyValuePair`2<UnityEngine.Rendering.CameraEvent,System.Object>>::System.Collections.ICollection.get_IsSynchronized()	mscorlib
Dictionary_2_System_Collections_ICollection_get_SyncRoot_m2149720254_gshared	System.Object System.Collections.Generic.Dictionary`2<System.Object,System.Collections.Generic.KeyValuePair`2<UnityEngine.Rendering.CameraEvent,System.Object>>::System.Collections.ICollection.get_SyncRoot()	mscorlib
Dictionary_2_System_Collections_Generic_ICollectionU3CSystem_Collections_Generic_KeyValuePairU3CTKeyU2CTValueU3EU3E_get_IsReadOnly_m3306994018_gshared	System.Boolean System.Collections.Generic.Dictionary`2<System.Object,System.Collections.Generic.KeyValuePair`2<UnityEngine.Rendering.CameraEvent,System.Object>>::System.Collections.Generic.ICollection<System.Collections.Generic.KeyValuePair<TKey,TValue>>.get_IsReadOnly()	mscorlib
Dictionary_2_System_Collections_Generic_ICollectionU3CSystem_Collections_Generic_KeyValuePairU3CTKeyU2CTValueU3EU3E_Add_m2963016725_gshared	System.Void System.Collections.Generic.Dictionary`2<System.Object,System.Collections.Generic.KeyValuePair`2<UnityEngine.Rendering.CameraEvent,System.Object>>::System.Collections.Generic.ICollection<System.Collections.Generic.KeyValuePair<TKey,TValue>>.Add(System.Collections.Generic.KeyValuePair`2<TKey,TValue>)	mscorlib
Dictionary_2_System_Collections_Generic_ICollectionU3CSystem_Collections_Generic_KeyValuePairU3CTKeyU2CTValueU3EU3E_Contains_m411444164_gshared	System.Boolean System.Collections.Generic.Dictionary`2<System.Object,System.Collections.Generic.KeyValuePair`2<UnityEngine.Rendering.CameraEvent,System.Object>>::System.Collections.Generic.ICollection<System.Collections.Generic.KeyValuePair<TKey,TValue>>.Contains(System.Collections.Generic.KeyValuePair`2<TKey,TValue>)	mscorlib
Dictionary_2_System_Collections_Generic_ICollectionU3CSystem_Collections_Generic_KeyValuePairU3CTKeyU2CTValueU3EU3E_CopyTo_m1633045049_gshared	System.Void System.Collections.Generic.Dictionary`2<System.Object,System.Collections.Generic.KeyValuePair`2<UnityEngine.Rendering.CameraEvent,System.Object>>::System.Collections.Generic.ICollection<System.Collections.Generic.KeyValuePair<TKey,TValue>>.CopyTo(System.Collections.Generic.KeyValuePair`2<TKey,TValue>[],System.Int32)	mscorlib
Dictionary_2_System_Collections_Generic_ICollectionU3CSystem_Collections_Generic_KeyValuePairU3CTKeyU2CTValueU3EU3E_Remove_m3653604579_gshared	System.Boolean System.Collections.Generic.Dictionary`2<System.Object,System.Collections.Generic.KeyValuePair`2<UnityEngine.Rendering.CameraEvent,System.Object>>::System.Collections.Generic.ICollection<System.Collections.Generic.KeyValuePair<TKey,TValue>>.Remove(System.Collections.Generic.KeyValuePair`2<TKey,TValue>)	mscorlib
Dictionary_2_System_Collections_ICollection_CopyTo_m883514372_gshared	System.Void System.Collections.Generic.Dictionary`2<System.Object,System.Collections.Generic.KeyValuePair`2<UnityEngine.Rendering.CameraEvent,System.Object>>::System.Collections.ICollection.CopyTo(System.Array,System.Int32)	mscorlib
Dictionary_2_System_Collections_IEnumerable_GetEnumerator_m4009156985_gshared	System.Collections.IEnumerator System.Collections.Generic.Dictionary`2<System.Object,System.Collections.Generic.KeyValuePair`2<UnityEngine.Rendering.CameraEvent,System.Object>>::System.Collections.IEnumerable.GetEnumerator()	mscorlib
Dictionary_2_System_Collections_Generic_IEnumerableU3CSystem_Collections_Generic_KeyValuePairU3CTKeyU2CTValueU3EU3E_GetEnumerator_m2368772534_gshared	System.Collections.Generic.IEnumerator`1<System.Collections.Generic.KeyValuePair`2<TKey,TValue>> System.Collections.Generic.Dictionary`2<System.Object,System.Collections.Generic.KeyValuePair`2<UnityEngine.Rendering.CameraEvent,System.Object>>::System.Collections.Generic.IEnumerable<System.Collections.Generic.KeyValuePair<TKey,TValue>>.GetEnumerator()	mscorlib
Dictionary_2_System_Collections_IDictionary_GetEnumerator_m4086385227_gshared	System.Collections.IDictionaryEnumerator System.Collections.Generic.Dictionary`2<System.Object,System.Collections.Generic.KeyValuePair`2<UnityEngine.Rendering.CameraEvent,System.Object>>::System.Collections.IDictionary.GetEnumerator()	mscorlib
Dictionary_2_get_Count_m4054054946_gshared	System.Int32 System.Collections.Generic.Dictionary`2<System.Object,System.Collections.Generic.KeyValuePair`2<UnityEngine.Rendering.CameraEvent,System.Object>>::get_Count()	mscorlib
Dictionary_2_get_Item_m2543876243_gshared	TValue System.Collections.Generic.Dictionary`2<System.Object,System.Collections.Generic.KeyValuePair`2<UnityEngine.Rendering.CameraEvent,System.Object>>::get_Item(TKey)	mscorlib
Dictionary_2_set_Item_m2231740292_gshared	System.Void System.Collections.Generic.Dictionary`2<System.Object,System.Collections.Generic.KeyValuePair`2<UnityEngine.Rendering.CameraEvent,System.Object>>::set_Item(TKey,TValue)	mscorlib
Dictionary_2_Init_m3670369967_gshared	System.Void System.Collections.Generic.Dictionary`2<System.Object,System.Collections.Generic.KeyValuePair`2<UnityEngine.Rendering.CameraEvent,System.Object>>::Init(System.Int32,System.Collections.Generic.IEqualityComparer`1<TKey>)	mscorlib
Dictionary_2_InitArrays_m4284215794_gshared	System.Void System.Collections.Generic.Dictionary`2<System.Object,System.Collections.Generic.KeyValuePair`2<UnityEngine.Rendering.CameraEvent,System.Object>>::InitArrays(System.Int32)	mscorlib
Dictionary_2_CopyToCheck_m1036452646_gshared	System.Void System.Collections.Generic.Dictionary`2<System.Object,System.Collections.Generic.KeyValuePair`2<UnityEngine.Rendering.CameraEvent,System.Object>>::CopyToCheck(System.Array,System.Int32)	mscorlib
Dictionary_2_make_pair_m1505403596_gshared	System.Collections.Generic.KeyValuePair`2<TKey,TValue> System.Collections.Generic.Dictionary`2<System.Object,System.Collections.Generic.KeyValuePair`2<UnityEngine.Rendering.CameraEvent,System.Object>>::make_pair(TKey,TValue)	mscorlib
Dictionary_2_pick_value_m2731453469_gshared	TValue System.Collections.Generic.Dictionary`2<System.Object,System.Collections.Generic.KeyValuePair`2<UnityEngine.Rendering.CameraEvent,System.Object>>::pick_value(TKey,TValue)	mscorlib
Dictionary_2_CopyTo_m995022795_gshared	System.Void System.Collections.Generic.Dictionary`2<System.Object,System.Collections.Generic.KeyValuePair`2<UnityEngine.Rendering.CameraEvent,System.Object>>::CopyTo(System.Collections.Generic.KeyValuePair`2<TKey,TValue>[],System.Int32)	mscorlib
Dictionary_2_Resize_m1186877771_gshared	System.Void System.Collections.Generic.Dictionary`2<System.Object,System.Collections.Generic.KeyValuePair`2<UnityEngine.Rendering.CameraEvent,System.Object>>::Resize()	mscorlib
Dictionary_2_Add_m2722281220_gshared	System.Void System.Collections.Generic.Dictionary`2<System.Object,System.Collections.Generic.KeyValuePair`2<UnityEngine.Rendering.CameraEvent,System.Object>>::Add(TKey,TValue)	mscorlib
Dictionary_2_Clear_m676003809_gshared	System.Void System.Collections.Generic.Dictionary`2<System.Object,System.Collections.Generic.KeyValuePair`2<UnityEngine.Rendering.CameraEvent,System.Object>>::Clear()	mscorlib
Dictionary_2_ContainsKey_m1035185004_gshared	System.Boolean System.Collections.Generic.Dictionary`2<System.Object,System.Collections.Generic.KeyValuePair`2<UnityEngine.Rendering.CameraEvent,System.Object>>::ContainsKey(TKey)	mscorlib
Dictionary_2_ContainsValue_m2400434630_gshared	System.Boolean System.Collections.Generic.Dictionary`2<System.Object,System.Collections.Generic.KeyValuePair`2<UnityEngine.Rendering.CameraEvent,System.Object>>::ContainsValue(TValue)	mscorlib
Dictionary_2_OnDeserialization_m1456200954_gshared	System.Void System.Collections.Generic.Dictionary`2<System.Object,System.Collections.Generic.KeyValuePair`2<UnityEngine.Rendering.CameraEvent,System.Object>>::OnDeserialization(System.Object)	mscorlib
Dictionary_2_Remove_m1725473522_gshared	System.Boolean System.Collections.Generic.Dictionary`2<System.Object,System.Collections.Generic.KeyValuePair`2<UnityEngine.Rendering.CameraEvent,System.Object>>::Remove(TKey)	mscorlib
Dictionary_2_TryGetValue_m1097097881_gshared	System.Boolean System.Collections.Generic.Dictionary`2<System.Object,System.Collections.Generic.KeyValuePair`2<UnityEngine.Rendering.CameraEvent,System.Object>>::TryGetValue(TKey,TValue&)	mscorlib
Dictionary_2_get_Values_m897995681_gshared	System.Collections.Generic.Dictionary`2/ValueCollection<TKey,TValue> System.Collections.Generic.Dictionary`2<System.Object,System.Collections.Generic.KeyValuePair`2<UnityEngine.Rendering.CameraEvent,System.Object>>::get_Values()	mscorlib
Dictionary_2_ToTKey_m1611389948_gshared	TKey System.Collections.Generic.Dictionary`2<System.Object,System.Collections.Generic.KeyValuePair`2<UnityEngine.Rendering.CameraEvent,System.Object>>::ToTKey(System.Object)	mscorlib
Dictionary_2_ToTValue_m4003642606_gshared	TValue System.Collections.Generic.Dictionary`2<System.Object,System.Collections.Generic.KeyValuePair`2<UnityEngine.Rendering.CameraEvent,System.Object>>::ToTValue(System.Object)	mscorlib
Dictionary_2_ContainsKeyValuePair_m2339858767_gshared	System.Boolean System.Collections.Generic.Dictionary`2<System.Object,System.Collections.Generic.KeyValuePair`2<UnityEngine.Rendering.CameraEvent,System.Object>>::ContainsKeyValuePair(System.Collections.Generic.KeyValuePair`2<TKey,TValue>)	mscorlib
Dictionary_2_GetEnumerator_m2545760894_gshared	System.Collections.Generic.Dictionary`2/Enumerator<TKey,TValue> System.Collections.Generic.Dictionary`2<System.Object,System.Collections.Generic.KeyValuePair`2<UnityEngine.Rendering.CameraEvent,System.Object>>::GetEnumerator()	mscorlib
Dictionary_2_U3CCopyToU3Em__0_m3389913471_gshared	System.Collections.DictionaryEntry System.Collections.Generic.Dictionary`2<System.Object,System.Collections.Generic.KeyValuePair`2<UnityEngine.Rendering.CameraEvent,System.Object>>::<CopyTo>m__0(TKey,TValue)	mscorlib
Dictionary_2__ctor_m2253601317_gshared	System.Void System.Collections.Generic.Dictionary`2<System.Object,System.Int32>::.ctor()	mscorlib
Dictionary_2__ctor_m764937586_gshared	System.Void System.Collections.Generic.Dictionary`2<System.Object,System.Int32>::.ctor(System.Collections.Generic.IEqualityComparer`1<TKey>)	mscorlib
Dictionary_2__ctor_m182537451_gshared	System.Void System.Collections.Generic.Dictionary`2<System.Object,System.Int32>::.ctor(System.Int32)	mscorlib
Dictionary_2__ctor_m3638779579_gshared	System.Void System.Collections.Generic.Dictionary`2<System.Object,System.Int32>::.ctor(System.Runtime.Serialization.SerializationInfo,System.Runtime.Serialization.StreamingContext)	mscorlib
Dictionary_2_System_Collections_IDictionary_get_Item_m631554335_gshared	System.Object System.Collections.Generic.Dictionary`2<System.Object,System.Int32>::System.Collections.IDictionary.get_Item(System.Object)	mscorlib
Dictionary_2_System_Collections_IDictionary_set_Item_m2350349032_gshared	System.Void System.Collections.Generic.Dictionary`2<System.Object,System.Int32>::System.Collections.IDictionary.set_Item(System.Object,System.Object)	mscorlib
Dictionary_2_System_Collections_IDictionary_Add_m3809330293_gshared	System.Void System.Collections.Generic.Dictionary`2<System.Object,System.Int32>::System.Collections.IDictionary.Add(System.Object,System.Object)	mscorlib
Dictionary_2_System_Collections_IDictionary_Remove_m1899540215_gshared	System.Void System.Collections.Generic.Dictionary`2<System.Object,System.Int32>::System.Collections.IDictionary.Remove(System.Object)	mscorlib
Dictionary_2_System_Collections_ICollection_get_IsSynchronized_m183840776_gshared	System.Boolean System.Collections.Generic.Dictionary`2<System.Object,System.Int32>::System.Collections.ICollection.get_IsSynchronized()	mscorlib
Dictionary_2_System_Collections_ICollection_get_SyncRoot_m2969597331_gshared	System.Object System.Collections.Generic.Dictionary`2<System.Object,System.Int32>::System.Collections.ICollection.get_SyncRoot()	mscorlib
Dictionary_2_System_Collections_Generic_ICollectionU3CSystem_Collections_Generic_KeyValuePairU3CTKeyU2CTValueU3EU3E_get_IsReadOnly_m1179334353_gshared	System.Boolean System.Collections.Generic.Dictionary`2<System.Object,System.Int32>::System.Collections.Generic.ICollection<System.Collections.Generic.KeyValuePair<TKey,TValue>>.get_IsReadOnly()	mscorlib
Dictionary_2_System_Collections_Generic_ICollectionU3CSystem_Collections_Generic_KeyValuePairU3CTKeyU2CTValueU3EU3E_Add_m1448015620_gshared	System.Void System.Collections.Generic.Dictionary`2<System.Object,System.Int32>::System.Collections.Generic.ICollection<System.Collections.Generic.KeyValuePair<TKey,TValue>>.Add(System.Collections.Generic.KeyValuePair`2<TKey,TValue>)	mscorlib
Dictionary_2_System_Collections_Generic_ICollectionU3CSystem_Collections_Generic_KeyValuePairU3CTKeyU2CTValueU3EU3E_Contains_m3033743418_gshared	System.Boolean System.Collections.Generic.Dictionary`2<System.Object,System.Int32>::System.Collections.Generic.ICollection<System.Collections.Generic.KeyValuePair<TKey,TValue>>.Contains(System.Collections.Generic.KeyValuePair`2<TKey,TValue>)	mscorlib
Dictionary_2_System_Collections_Generic_ICollectionU3CSystem_Collections_Generic_KeyValuePairU3CTKeyU2CTValueU3EU3E_CopyTo_m2396221587_gshared	System.Void System.Collections.Generic.Dictionary`2<System.Object,System.Int32>::System.Collections.Generic.ICollection<System.Collections.Generic.KeyValuePair<TKey,TValue>>.CopyTo(System.Collections.Generic.KeyValuePair`2<TKey,TValue>[],System.Int32)	mscorlib
Dictionary_2_System_Collections_Generic_ICollectionU3CSystem_Collections_Generic_KeyValuePairU3CTKeyU2CTValueU3EU3E_Remove_m722713446_gshared	System.Boolean System.Collections.Generic.Dictionary`2<System.Object,System.Int32>::System.Collections.Generic.ICollection<System.Collections.Generic.KeyValuePair<TKey,TValue>>.Remove(System.Collections.Generic.KeyValuePair`2<TKey,TValue>)	mscorlib
Dictionary_2_System_Collections_ICollection_CopyTo_m4047192178_gshared	System.Void System.Collections.Generic.Dictionary`2<System.Object,System.Int32>::System.Collections.ICollection.CopyTo(System.Array,System.Int32)	mscorlib
Dictionary_2_System_Collections_IEnumerable_GetEnumerator_m846488821_gshared	System.Collections.IEnumerator System.Collections.Generic.Dictionary`2<System.Object,System.Int32>::System.Collections.IEnumerable.GetEnumerator()	mscorlib
Dictionary_2_System_Collections_Generic_IEnumerableU3CSystem_Collections_Generic_KeyValuePairU3CTKeyU2CTValueU3EU3E_GetEnumerator_m560251192_gshared	System.Collections.Generic.IEnumerator`1<System.Collections.Generic.KeyValuePair`2<TKey,TValue>> System.Collections.Generic.Dictionary`2<System.Object,System.Int32>::System.Collections.Generic.IEnumerable<System.Collections.Generic.KeyValuePair<TKey,TValue>>.GetEnumerator()	mscorlib
Dictionary_2_System_Collections_IDictionary_GetEnumerator_m4170477408_gshared	System.Collections.IDictionaryEnumerator System.Collections.Generic.Dictionary`2<System.Object,System.Int32>::System.Collections.IDictionary.GetEnumerator()	mscorlib
Dictionary_2_get_Count_m2840492268_gshared	System.Int32 System.Collections.Generic.Dictionary`2<System.Object,System.Int32>::get_Count()	mscorlib
Dictionary_2_get_Item_m2136868513_gshared	TValue System.Collections.Generic.Dictionary`2<System.Object,System.Int32>::get_Item(TKey)	mscorlib
Dictionary_2_set_Item_m2143527826_gshared	System.Void System.Collections.Generic.Dictionary`2<System.Object,System.Int32>::set_Item(TKey,TValue)	mscorlib
Dictionary_2_Init_m5109013_gshared	System.Void System.Collections.Generic.Dictionary`2<System.Object,System.Int32>::Init(System.Int32,System.Collections.Generic.IEqualityComparer`1<TKey>)	mscorlib
Dictionary_2_InitArrays_m3156023071_gshared	System.Void System.Collections.Generic.Dictionary`2<System.Object,System.Int32>::InitArrays(System.Int32)	mscorlib
Dictionary_2_CopyToCheck_m1322963059_gshared	System.Void System.Collections.Generic.Dictionary`2<System.Object,System.Int32>::CopyToCheck(System.Array,System.Int32)	mscorlib
Dictionary_2_make_pair_m1316760500_gshared	System.Collections.Generic.KeyValuePair`2<TKey,TValue> System.Collections.Generic.Dictionary`2<System.Object,System.Int32>::make_pair(TKey,TValue)	mscorlib
Dictionary_2_pick_value_m1643693202_gshared	TValue System.Collections.Generic.Dictionary`2<System.Object,System.Int32>::pick_value(TKey,TValue)	mscorlib
Dictionary_2_CopyTo_m3053948934_gshared	System.Void System.Collections.Generic.Dictionary`2<System.Object,System.Int32>::CopyTo(System.Collections.Generic.KeyValuePair`2<TKey,TValue>[],System.Int32)	mscorlib
Dictionary_2_Resize_m1664577173_gshared	System.Void System.Collections.Generic.Dictionary`2<System.Object,System.Int32>::Resize()	mscorlib
Dictionary_2_Add_m1279427033_gshared	System.Void System.Collections.Generic.Dictionary`2<System.Object,System.Int32>::Add(TKey,TValue)	mscorlib
Dictionary_2_Clear_m3483845403_gshared	System.Void System.Collections.Generic.Dictionary`2<System.Object,System.Int32>::Clear()	mscorlib
Dictionary_2_ContainsKey_m1302194241_gshared	System.Boolean System.Collections.Generic.Dictionary`2<System.Object,System.Int32>::ContainsKey(TKey)	mscorlib
Dictionary_2_ContainsValue_m3157842218_gshared	System.Boolean System.Collections.Generic.Dictionary`2<System.Object,System.Int32>::ContainsValue(TValue)	mscorlib
Dictionary_2_OnDeserialization_m3354861691_gshared	System.Void System.Collections.Generic.Dictionary`2<System.Object,System.Int32>::OnDeserialization(System.Object)	mscorlib
Dictionary_2_Remove_m2269517757_gshared	System.Boolean System.Collections.Generic.Dictionary`2<System.Object,System.Int32>::Remove(TKey)	mscorlib
Dictionary_2_TryGetValue_m3959998165_gshared	System.Boolean System.Collections.Generic.Dictionary`2<System.Object,System.Int32>::TryGetValue(TKey,TValue&)	mscorlib
Dictionary_2_get_Values_m2682483593_gshared	System.Collections.Generic.Dictionary`2/ValueCollection<TKey,TValue> System.Collections.Generic.Dictionary`2<System.Object,System.Int32>::get_Values()	mscorlib
Dictionary_2_ToTKey_m526184264_gshared	TKey System.Collections.Generic.Dictionary`2<System.Object,System.Int32>::ToTKey(System.Object)	mscorlib
Dictionary_2_ToTValue_m3082461587_gshared	TValue System.Collections.Generic.Dictionary`2<System.Object,System.Int32>::ToTValue(System.Object)	mscorlib
Dictionary_2_ContainsKeyValuePair_m3170197116_gshared	System.Boolean System.Collections.Generic.Dictionary`2<System.Object,System.Int32>::ContainsKeyValuePair(System.Collections.Generic.KeyValuePair`2<TKey,TValue>)	mscorlib
Dictionary_2_GetEnumerator_m623237223_gshared	System.Collections.Generic.Dictionary`2/Enumerator<TKey,TValue> System.Collections.Generic.Dictionary`2<System.Object,System.Int32>::GetEnumerator()	mscorlib
Dictionary_2_U3CCopyToU3Em__0_m688230231_gshared	System.Collections.DictionaryEntry System.Collections.Generic.Dictionary`2<System.Object,System.Int32>::<CopyTo>m__0(TKey,TValue)	mscorlib
DefaultComparer__ctor_m857900415_gshared	System.Void System.Collections.Generic.EqualityComparer`1/DefaultComparer<System.Boolean>::.ctor()	mscorlib
DefaultComparer_GetHashCode_m3600575480_gshared	System.Int32 System.Collections.Generic.EqualityComparer`1/DefaultComparer<System.Boolean>::GetHashCode(T)	mscorlib
DefaultComparer_Equals_m1864604278_gshared	System.Boolean System.Collections.Generic.EqualityComparer`1/DefaultComparer<System.Boolean>::Equals(T,T)	mscorlib
DefaultComparer__ctor_m2556554241_gshared	System.Void System.Collections.Generic.EqualityComparer`1/DefaultComparer<System.Char>::.ctor()	mscorlib
DefaultComparer_GetHashCode_m87282160_gshared	System.Int32 System.Collections.Generic.EqualityComparer`1/DefaultComparer<System.Char>::GetHashCode(T)	mscorlib
DefaultComparer_Equals_m3774124935_gshared	System.Boolean System.Collections.Generic.EqualityComparer`1/DefaultComparer<System.Char>::Equals(T,T)	mscorlib
DefaultComparer__ctor_m215897629_gshared	System.Void System.Collections.Generic.EqualityComparer`1/DefaultComparer<System.Collections.Generic.KeyValuePair`2<UnityEngine.Rendering.CameraEvent,System.Object>>::.ctor()	mscorlib
DefaultComparer_GetHashCode_m2405840524_gshared	System.Int32 System.Collections.Generic.EqualityComparer`1/DefaultComparer<System.Collections.Generic.KeyValuePair`2<UnityEngine.Rendering.CameraEvent,System.Object>>::GetHashCode(T)	mscorlib
DefaultComparer_Equals_m805155895_gshared	System.Boolean System.Collections.Generic.EqualityComparer`1/DefaultComparer<System.Collections.Generic.KeyValuePair`2<UnityEngine.Rendering.CameraEvent,System.Object>>::Equals(T,T)	mscorlib
DefaultComparer__ctor_m3471018926_gshared	System.Void System.Collections.Generic.EqualityComparer`1/DefaultComparer<System.DateTime>::.ctor()	mscorlib
DefaultComparer_GetHashCode_m3485231722_gshared	System.Int32 System.Collections.Generic.EqualityComparer`1/DefaultComparer<System.DateTime>::GetHashCode(T)	mscorlib
DefaultComparer_Equals_m1055513077_gshared	System.Boolean System.Collections.Generic.EqualityComparer`1/DefaultComparer<System.DateTime>::Equals(T,T)	mscorlib
DefaultComparer__ctor_m983338348_gshared	System.Void System.Collections.Generic.EqualityComparer`1/DefaultComparer<System.DateTimeOffset>::.ctor()	mscorlib
DefaultComparer_GetHashCode_m2865442331_gshared	System.Int32 System.Collections.Generic.EqualityComparer`1/DefaultComparer<System.DateTimeOffset>::GetHashCode(T)	mscorlib
DefaultComparer_Equals_m1163494476_gshared	System.Boolean System.Collections.Generic.EqualityComparer`1/DefaultComparer<System.DateTimeOffset>::Equals(T,T)	mscorlib
DefaultComparer__ctor_m1411879910_gshared	System.Void System.Collections.Generic.EqualityComparer`1/DefaultComparer<System.Guid>::.ctor()	mscorlib
DefaultComparer_GetHashCode_m74535900_gshared	System.Int32 System.Collections.Generic.EqualityComparer`1/DefaultComparer<System.Guid>::GetHashCode(T)	mscorlib
DefaultComparer_Equals_m3257444875_gshared	System.Boolean System.Collections.Generic.EqualityComparer`1/DefaultComparer<System.Guid>::Equals(T,T)	mscorlib
DefaultComparer__ctor_m539450341_gshared	System.Void System.Collections.Generic.EqualityComparer`1/DefaultComparer<System.Int32>::.ctor()	mscorlib
DefaultComparer_GetHashCode_m2804253702_gshared	System.Int32 System.Collections.Generic.EqualityComparer`1/DefaultComparer<System.Int32>::GetHashCode(T)	mscorlib
DefaultComparer_Equals_m630871554_gshared	System.Boolean System.Collections.Generic.EqualityComparer`1/DefaultComparer<System.Int32>::Equals(T,T)	mscorlib
DefaultComparer__ctor_m1292755885_gshared	System.Void System.Collections.Generic.EqualityComparer`1/DefaultComparer<System.IntPtr>::.ctor()	mscorlib
DefaultComparer_GetHashCode_m2954857410_gshared	System.Int32 System.Collections.Generic.EqualityComparer`1/DefaultComparer<System.IntPtr>::GetHashCode(T)	mscorlib
DefaultComparer_Equals_m1713730345_gshared	System.Boolean System.Collections.Generic.EqualityComparer`1/DefaultComparer<System.IntPtr>::Equals(T,T)	mscorlib
DefaultComparer__ctor_m2570064959_gshared	System.Void System.Collections.Generic.EqualityComparer`1/DefaultComparer<System.Reflection.CustomAttributeNamedArgument>::.ctor()	mscorlib
DefaultComparer_GetHashCode_m667657367_gshared	System.Int32 System.Collections.Generic.EqualityComparer`1/DefaultComparer<System.Reflection.CustomAttributeNamedArgument>::GetHashCode(T)	mscorlib
DefaultComparer_Equals_m3770904334_gshared	System.Boolean System.Collections.Generic.EqualityComparer`1/DefaultComparer<System.Reflection.CustomAttributeNamedArgument>::Equals(T,T)	mscorlib
DefaultComparer__ctor_m3616005037_gshared	System.Void System.Collections.Generic.EqualityComparer`1/DefaultComparer<System.Reflection.CustomAttributeTypedArgument>::.ctor()	mscorlib
DefaultComparer_GetHashCode_m605456464_gshared	System.Int32 System.Collections.Generic.EqualityComparer`1/DefaultComparer<System.Reflection.CustomAttributeTypedArgument>::GetHashCode(T)	mscorlib
DefaultComparer_Equals_m2263127421_gshared	System.Boolean System.Collections.Generic.EqualityComparer`1/DefaultComparer<System.Reflection.CustomAttributeTypedArgument>::Equals(T,T)	mscorlib
DefaultComparer__ctor_m452972818_gshared	System.Void System.Collections.Generic.EqualityComparer`1/DefaultComparer<System.Single>::.ctor()	mscorlib
DefaultComparer_GetHashCode_m549764157_gshared	System.Int32 System.Collections.Generic.EqualityComparer`1/DefaultComparer<System.Single>::GetHashCode(T)	mscorlib
DefaultComparer_Equals_m2291997413_gshared	System.Boolean System.Collections.Generic.EqualityComparer`1/DefaultComparer<System.Single>::Equals(T,T)	mscorlib
DefaultComparer__ctor_m362785675_gshared	System.Void System.Collections.Generic.EqualityComparer`1/DefaultComparer<System.TimeSpan>::.ctor()	mscorlib
DefaultComparer_GetHashCode_m1291482009_gshared	System.Int32 System.Collections.Generic.EqualityComparer`1/DefaultComparer<System.TimeSpan>::GetHashCode(T)	mscorlib
DefaultComparer_Equals_m2342627200_gshared	System.Boolean System.Collections.Generic.EqualityComparer`1/DefaultComparer<System.TimeSpan>::Equals(T,T)	mscorlib
DefaultComparer__ctor_m963958896_gshared	System.Void System.Collections.Generic.EqualityComparer`1/DefaultComparer<UnityEngine.BeforeRenderHelper/OrderBlock>::.ctor()	mscorlib
DefaultComparer_GetHashCode_m402448534_gshared	System.Int32 System.Collections.Generic.EqualityComparer`1/DefaultComparer<UnityEngine.BeforeRenderHelper/OrderBlock>::GetHashCode(T)	mscorlib
DefaultComparer_Equals_m2054597989_gshared	System.Boolean System.Collections.Generic.EqualityComparer`1/DefaultComparer<UnityEngine.BeforeRenderHelper/OrderBlock>::Equals(T,T)	mscorlib
DefaultComparer__ctor_m2280347240_gshared	System.Void System.Collections.Generic.EqualityComparer`1/DefaultComparer<UnityEngine.Color32>::.ctor()	mscorlib
DefaultComparer_GetHashCode_m2047077715_gshared	System.Int32 System.Collections.Generic.EqualityComparer`1/DefaultComparer<UnityEngine.Color32>::GetHashCode(T)	mscorlib
DefaultComparer_Equals_m962817516_gshared	System.Boolean System.Collections.Generic.EqualityComparer`1/DefaultComparer<UnityEngine.Color32>::Equals(T,T)	mscorlib
DefaultComparer__ctor_m3561354268_gshared	System.Void System.Collections.Generic.EqualityComparer`1/DefaultComparer<UnityEngine.EventSystems.RaycastResult>::.ctor()	mscorlib
DefaultComparer_GetHashCode_m3064396988_gshared	System.Int32 System.Collections.Generic.EqualityComparer`1/DefaultComparer<UnityEngine.EventSystems.RaycastResult>::GetHashCode(T)	mscorlib
DefaultComparer_Equals_m2059823220_gshared	System.Boolean System.Collections.Generic.EqualityComparer`1/DefaultComparer<UnityEngine.EventSystems.RaycastResult>::Equals(T,T)	mscorlib
DefaultComparer__ctor_m2540671372_gshared	System.Void System.Collections.Generic.EqualityComparer`1/DefaultComparer<UnityEngine.TouchScreenKeyboardType>::.ctor()	mscorlib
DefaultComparer_GetHashCode_m173772946_gshared	System.Int32 System.Collections.Generic.EqualityComparer`1/DefaultComparer<UnityEngine.TouchScreenKeyboardType>::GetHashCode(T)	mscorlib
DefaultComparer_Equals_m161392212_gshared	System.Boolean System.Collections.Generic.EqualityComparer`1/DefaultComparer<UnityEngine.TouchScreenKeyboardType>::Equals(T,T)	mscorlib
DefaultComparer__ctor_m2322170419_gshared	System.Void System.Collections.Generic.EqualityComparer`1/DefaultComparer<UnityEngine.UI.AspectRatioFitter/AspectMode>::.ctor()	mscorlib
DefaultComparer_GetHashCode_m700125331_gshared	System.Int32 System.Collections.Generic.EqualityComparer`1/DefaultComparer<UnityEngine.UI.AspectRatioFitter/AspectMode>::GetHashCode(T)	mscorlib
DefaultComparer_Equals_m1496651443_gshared	System.Boolean System.Collections.Generic.EqualityComparer`1/DefaultComparer<UnityEngine.UI.AspectRatioFitter/AspectMode>::Equals(T,T)	mscorlib
DefaultComparer__ctor_m931403128_gshared	System.Void System.Collections.Generic.EqualityComparer`1/DefaultComparer<UnityEngine.UI.ColorBlock>::.ctor()	mscorlib
DefaultComparer_GetHashCode_m556015105_gshared	System.Int32 System.Collections.Generic.EqualityComparer`1/DefaultComparer<UnityEngine.UI.ColorBlock>::GetHashCode(T)	mscorlib
DefaultComparer_Equals_m1870794912_gshared	System.Boolean System.Collections.Generic.EqualityComparer`1/DefaultComparer<UnityEngine.UI.ColorBlock>::Equals(T,T)	mscorlib
DefaultComparer__ctor_m2692796679_gshared	System.Void System.Collections.Generic.EqualityComparer`1/DefaultComparer<UnityEngine.UI.ContentSizeFitter/FitMode>::.ctor()	mscorlib
DefaultComparer_GetHashCode_m3906311953_gshared	System.Int32 System.Collections.Generic.EqualityComparer`1/DefaultComparer<UnityEngine.UI.ContentSizeFitter/FitMode>::GetHashCode(T)	mscorlib
DefaultComparer_Equals_m2788357531_gshared	System.Boolean System.Collections.Generic.EqualityComparer`1/DefaultComparer<UnityEngine.UI.ContentSizeFitter/FitMode>::Equals(T,T)	mscorlib
DefaultComparer__ctor_m2603146655_gshared	System.Void System.Collections.Generic.EqualityComparer`1/DefaultComparer<UnityEngine.UI.Image/FillMethod>::.ctor()	mscorlib
DefaultComparer_GetHashCode_m3369508712_gshared	System.Int32 System.Collections.Generic.EqualityComparer`1/DefaultComparer<UnityEngine.UI.Image/FillMethod>::GetHashCode(T)	mscorlib
DefaultComparer_Equals_m1656665924_gshared	System.Boolean System.Collections.Generic.EqualityComparer`1/DefaultComparer<UnityEngine.UI.Image/FillMethod>::Equals(T,T)	mscorlib
DefaultComparer__ctor_m1066978865_gshared	System.Void System.Collections.Generic.EqualityComparer`1/DefaultComparer<UnityEngine.UI.Image/Type>::.ctor()	mscorlib
DefaultComparer_GetHashCode_m4262224451_gshared	System.Int32 System.Collections.Generic.EqualityComparer`1/DefaultComparer<UnityEngine.UI.Image/Type>::GetHashCode(T)	mscorlib
DefaultComparer_Equals_m2269092119_gshared	System.Boolean System.Collections.Generic.EqualityComparer`1/DefaultComparer<UnityEngine.UI.Image/Type>::Equals(T,T)	mscorlib
DefaultComparer__ctor_m2475396901_gshared	System.Void System.Collections.Generic.EqualityComparer`1/DefaultComparer<UnityEngine.UI.InputField/CharacterValidation>::.ctor()	mscorlib
DefaultComparer_GetHashCode_m2763905822_gshared	System.Int32 System.Collections.Generic.EqualityComparer`1/DefaultComparer<UnityEngine.UI.InputField/CharacterValidation>::GetHashCode(T)	mscorlib
DefaultComparer_Equals_m1515489653_gshared	System.Boolean System.Collections.Generic.EqualityComparer`1/DefaultComparer<UnityEngine.UI.InputField/CharacterValidation>::Equals(T,T)	mscorlib
DefaultComparer__ctor_m3289136477_gshared	System.Void System.Collections.Generic.EqualityComparer`1/DefaultComparer<UnityEngine.UI.InputField/ContentType>::.ctor()	mscorlib
DefaultComparer_GetHashCode_m182189503_gshared	System.Int32 System.Collections.Generic.EqualityComparer`1/DefaultComparer<UnityEngine.UI.InputField/ContentType>::GetHashCode(T)	mscorlib
DefaultComparer_Equals_m2039330964_gshared	System.Boolean System.Collections.Generic.EqualityComparer`1/DefaultComparer<UnityEngine.UI.InputField/ContentType>::Equals(T,T)	mscorlib
DefaultComparer__ctor_m3480564121_gshared	System.Void System.Collections.Generic.EqualityComparer`1/DefaultComparer<UnityEngine.UI.InputField/InputType>::.ctor()	mscorlib
DefaultComparer_GetHashCode_m3078512429_gshared	System.Int32 System.Collections.Generic.EqualityComparer`1/DefaultComparer<UnityEngine.UI.InputField/InputType>::GetHashCode(T)	mscorlib
DefaultComparer_Equals_m3229405857_gshared	System.Boolean System.Collections.Generic.EqualityComparer`1/DefaultComparer<UnityEngine.UI.InputField/InputType>::Equals(T,T)	mscorlib
DefaultComparer__ctor_m907529085_gshared	System.Void System.Collections.Generic.EqualityComparer`1/DefaultComparer<UnityEngine.UI.InputField/LineType>::.ctor()	mscorlib
DefaultComparer_GetHashCode_m2134188829_gshared	System.Int32 System.Collections.Generic.EqualityComparer`1/DefaultComparer<UnityEngine.UI.InputField/LineType>::GetHashCode(T)	mscorlib
DefaultComparer_Equals_m2585095694_gshared	System.Boolean System.Collections.Generic.EqualityComparer`1/DefaultComparer<UnityEngine.UI.InputField/LineType>::Equals(T,T)	mscorlib
DefaultComparer__ctor_m1954177053_gshared	System.Void System.Collections.Generic.EqualityComparer`1/DefaultComparer<UnityEngine.UI.Navigation>::.ctor()	mscorlib
DefaultComparer_GetHashCode_m2651362016_gshared	System.Int32 System.Collections.Generic.EqualityComparer`1/DefaultComparer<UnityEngine.UI.Navigation>::GetHashCode(T)	mscorlib
DefaultComparer_Equals_m3028048090_gshared	System.Boolean System.Collections.Generic.EqualityComparer`1/DefaultComparer<UnityEngine.UI.Navigation>::Equals(T,T)	mscorlib
DefaultComparer__ctor_m1524422114_gshared	System.Void System.Collections.Generic.EqualityComparer`1/DefaultComparer<UnityEngine.UI.Scrollbar/Direction>::.ctor()	mscorlib
DefaultComparer_GetHashCode_m177499767_gshared	System.Int32 System.Collections.Generic.EqualityComparer`1/DefaultComparer<UnityEngine.UI.Scrollbar/Direction>::GetHashCode(T)	mscorlib
DefaultComparer_Equals_m3110743881_gshared	System.Boolean System.Collections.Generic.EqualityComparer`1/DefaultComparer<UnityEngine.UI.Scrollbar/Direction>::Equals(T,T)	mscorlib
DefaultComparer__ctor_m3787138135_gshared	System.Void System.Collections.Generic.EqualityComparer`1/DefaultComparer<UnityEngine.UI.Selectable/Transition>::.ctor()	mscorlib
DefaultComparer_GetHashCode_m1846285707_gshared	System.Int32 System.Collections.Generic.EqualityComparer`1/DefaultComparer<UnityEngine.UI.Selectable/Transition>::GetHashCode(T)	mscorlib
DefaultComparer_Equals_m3688244916_gshared	System.Boolean System.Collections.Generic.EqualityComparer`1/DefaultComparer<UnityEngine.UI.Selectable/Transition>::Equals(T,T)	mscorlib
DefaultComparer__ctor_m3478120081_gshared	System.Void System.Collections.Generic.EqualityComparer`1/DefaultComparer<UnityEngine.UI.Slider/Direction>::.ctor()	mscorlib
DefaultComparer_GetHashCode_m4122680767_gshared	System.Int32 System.Collections.Generic.EqualityComparer`1/DefaultComparer<UnityEngine.UI.Slider/Direction>::GetHashCode(T)	mscorlib
DefaultComparer_Equals_m3348496647_gshared	System.Boolean System.Collections.Generic.EqualityComparer`1/DefaultComparer<UnityEngine.UI.Slider/Direction>::Equals(T,T)	mscorlib
DefaultComparer__ctor_m3976924363_gshared	System.Void System.Collections.Generic.EqualityComparer`1/DefaultComparer<UnityEngine.UI.SpriteState>::.ctor()	mscorlib
DefaultComparer_GetHashCode_m3558616920_gshared	System.Int32 System.Collections.Generic.EqualityComparer`1/DefaultComparer<UnityEngine.UI.SpriteState>::GetHashCode(T)	mscorlib
DefaultComparer_Equals_m3433796662_gshared	System.Boolean System.Collections.Generic.EqualityComparer`1/DefaultComparer<UnityEngine.UI.SpriteState>::Equals(T,T)	mscorlib
DefaultComparer__ctor_m3829525137_gshared	System.Void System.Collections.Generic.EqualityComparer`1/DefaultComparer<UnityEngine.UICharInfo>::.ctor()	mscorlib
DefaultComparer_GetHashCode_m20289878_gshared	System.Int32 System.Collections.Generic.EqualityComparer`1/DefaultComparer<UnityEngine.UICharInfo>::GetHashCode(T)	mscorlib
DefaultComparer_Equals_m3170339044_gshared	System.Boolean System.Collections.Generic.EqualityComparer`1/DefaultComparer<UnityEngine.UICharInfo>::Equals(T,T)	mscorlib
DefaultComparer__ctor_m1306123661_gshared	System.Void System.Collections.Generic.EqualityComparer`1/DefaultComparer<UnityEngine.UILineInfo>::.ctor()	mscorlib
DefaultComparer_GetHashCode_m77036565_gshared	System.Int32 System.Collections.Generic.EqualityComparer`1/DefaultComparer<UnityEngine.UILineInfo>::GetHashCode(T)	mscorlib
DefaultComparer_Equals_m2458578172_gshared	System.Boolean System.Collections.Generic.EqualityComparer`1/DefaultComparer<UnityEngine.UILineInfo>::Equals(T,T)	mscorlib
DefaultComparer__ctor_m7336483_gshared	System.Void System.Collections.Generic.EqualityComparer`1/DefaultComparer<UnityEngine.UIVertex>::.ctor()	mscorlib
DefaultComparer_GetHashCode_m514784931_gshared	System.Int32 System.Collections.Generic.EqualityComparer`1/DefaultComparer<UnityEngine.UIVertex>::GetHashCode(T)	mscorlib
DefaultComparer_Equals_m2574572657_gshared	System.Boolean System.Collections.Generic.EqualityComparer`1/DefaultComparer<UnityEngine.UIVertex>::Equals(T,T)	mscorlib
DefaultComparer__ctor_m1095326935_gshared	System.Void System.Collections.Generic.EqualityComparer`1/DefaultComparer<UnityEngine.Vector2>::.ctor()	mscorlib
DefaultComparer_GetHashCode_m3954558854_gshared	System.Int32 System.Collections.Generic.EqualityComparer`1/DefaultComparer<UnityEngine.Vector2>::GetHashCode(T)	mscorlib
DefaultComparer_Equals_m2480427292_gshared	System.Boolean System.Collections.Generic.EqualityComparer`1/DefaultComparer<UnityEngine.Vector2>::Equals(T,T)	mscorlib
DefaultComparer__ctor_m1019370711_gshared	System.Void System.Collections.Generic.EqualityComparer`1/DefaultComparer<UnityEngine.Vector3>::.ctor()	mscorlib
DefaultComparer_GetHashCode_m335567935_gshared	System.Int32 System.Collections.Generic.EqualityComparer`1/DefaultComparer<UnityEngine.Vector3>::GetHashCode(T)	mscorlib
DefaultComparer_Equals_m2480393469_gshared	System.Boolean System.Collections.Generic.EqualityComparer`1/DefaultComparer<UnityEngine.Vector3>::Equals(T,T)	mscorlib
DefaultComparer__ctor_m895966423_gshared	System.Void System.Collections.Generic.EqualityComparer`1/DefaultComparer<UnityEngine.Vector4>::.ctor()	mscorlib
DefaultComparer_GetHashCode_m142252408_gshared	System.Int32 System.Collections.Generic.EqualityComparer`1/DefaultComparer<UnityEngine.Vector4>::GetHashCode(T)	mscorlib
DefaultComparer_Equals_m2480133610_gshared	System.Boolean System.Collections.Generic.EqualityComparer`1/DefaultComparer<UnityEngine.Vector4>::Equals(T,T)	mscorlib
EqualityComparer_1__ctor_m1301410828_gshared	System.Void System.Collections.Generic.EqualityComparer`1<System.Boolean>::.ctor()	mscorlib
EqualityComparer_1__cctor_m149356781_gshared	System.Void System.Collections.Generic.EqualityComparer`1<System.Boolean>::.cctor()	mscorlib
EqualityComparer_1_System_Collections_IEqualityComparer_GetHashCode_m3406345397_gshared	System.Int32 System.Collections.Generic.EqualityComparer`1<System.Boolean>::System.Collections.IEqualityComparer.GetHashCode(System.Object)	mscorlib
EqualityComparer_1_System_Collections_IEqualityComparer_Equals_m1063084199_gshared	System.Boolean System.Collections.Generic.EqualityComparer`1<System.Boolean>::System.Collections.IEqualityComparer.Equals(System.Object,System.Object)	mscorlib
EqualityComparer_1_get_Default_m3003846387_gshared	System.Collections.Generic.EqualityComparer`1<T> System.Collections.Generic.EqualityComparer`1<System.Boolean>::get_Default()	mscorlib
EqualityComparer_1__ctor_m3935987376_gshared	System.Void System.Collections.Generic.EqualityComparer`1<System.Char>::.ctor()	mscorlib
EqualityComparer_1__cctor_m3766928733_gshared	System.Void System.Collections.Generic.EqualityComparer`1<System.Char>::.cctor()	mscorlib
EqualityComparer_1_System_Collections_IEqualityComparer_GetHashCode_m4137147946_gshared	System.Int32 System.Collections.Generic.EqualityComparer`1<System.Char>::System.Collections.IEqualityComparer.GetHashCode(System.Object)	mscorlib
EqualityComparer_1_System_Collections_IEqualityComparer_Equals_m1538289377_gshared	System.Boolean System.Collections.Generic.EqualityComparer`1<System.Char>::System.Collections.IEqualityComparer.Equals(System.Object,System.Object)	mscorlib
EqualityComparer_1_get_Default_m2128409424_gshared	System.Collections.Generic.EqualityComparer`1<T> System.Collections.Generic.EqualityComparer`1<System.Char>::get_Default()	mscorlib
EqualityComparer_1__ctor_m3992793383_gshared	System.Void System.Collections.Generic.EqualityComparer`1<System.Collections.Generic.KeyValuePair`2<UnityEngine.Rendering.CameraEvent,System.Object>>::.ctor()	mscorlib
EqualityComparer_1__cctor_m2250192084_gshared	System.Void System.Collections.Generic.EqualityComparer`1<System.Collections.Generic.KeyValuePair`2<UnityEngine.Rendering.CameraEvent,System.Object>>::.cctor()	mscorlib
EqualityComparer_1_System_Collections_IEqualityComparer_GetHashCode_m401081283_gshared	System.Int32 System.Collections.Generic.EqualityComparer`1<System.Collections.Generic.KeyValuePair`2<UnityEngine.Rendering.CameraEvent,System.Object>>::System.Collections.IEqualityComparer.GetHashCode(System.Object)	mscorlib
EqualityComparer_1_System_Collections_IEqualityComparer_Equals_m4001847026_gshared	System.Boolean System.Collections.Generic.EqualityComparer`1<System.Collections.Generic.KeyValuePair`2<UnityEngine.Rendering.CameraEvent,System.Object>>::System.Collections.IEqualityComparer.Equals(System.Object,System.Object)	mscorlib
EqualityComparer_1_get_Default_m3705290245_gshared	System.Collections.Generic.EqualityComparer`1<T> System.Collections.Generic.EqualityComparer`1<System.Collections.Generic.KeyValuePair`2<UnityEngine.Rendering.CameraEvent,System.Object>>::get_Default()	mscorlib
EqualityComparer_1__ctor_m1860346363_gshared	System.Void System.Collections.Generic.EqualityComparer`1<System.DateTime>::.ctor()	mscorlib
EqualityComparer_1__cctor_m3962593840_gshared	System.Void System.Collections.Generic.EqualityComparer`1<System.DateTime>::.cctor()	mscorlib
EqualityComparer_1_System_Collections_IEqualityComparer_GetHashCode_m3760572082_gshared	System.Int32 System.Collections.Generic.EqualityComparer`1<System.DateTime>::System.Collections.IEqualityComparer.GetHashCode(System.Object)	mscorlib
EqualityComparer_1_System_Collections_IEqualityComparer_Equals_m615069307_gshared	System.Boolean System.Collections.Generic.EqualityComparer`1<System.DateTime>::System.Collections.IEqualityComparer.Equals(System.Object,System.Object)	mscorlib
EqualityComparer_1_get_Default_m3286326516_gshared	System.Collections.Generic.EqualityComparer`1<T> System.Collections.Generic.EqualityComparer`1<System.DateTime>::get_Default()	mscorlib
EqualityComparer_1__ctor_m2287651657_gshared	System.Void System.Collections.Generic.EqualityComparer`1<System.DateTimeOffset>::.ctor()	mscorlib
EqualityComparer_1__cctor_m3452395357_gshared	System.Void System.Collections.Generic.EqualityComparer`1<System.DateTimeOffset>::.cctor()	mscorlib
EqualityComparer_1_System_Collections_IEqualityComparer_GetHashCode_m2230215241_gshared	System.Int32 System.Collections.Generic.EqualityComparer`1<System.DateTimeOffset>::System.Collections.IEqualityComparer.GetHashCode(System.Object)	mscorlib
EqualityComparer_1_System_Collections_IEqualityComparer_Equals_m1341907765_gshared	System.Boolean System.Collections.Generic.EqualityComparer`1<System.DateTimeOffset>::System.Collections.IEqualityComparer.Equals(System.Object,System.Object)	mscorlib
EqualityComparer_1_get_Default_m3783840260_gshared	System.Collections.Generic.EqualityComparer`1<T> System.Collections.Generic.EqualityComparer`1<System.DateTimeOffset>::get_Default()	mscorlib
EqualityComparer_1__ctor_m838343742_gshared	System.Void System.Collections.Generic.EqualityComparer`1<System.Guid>::.ctor()	mscorlib
EqualityComparer_1__cctor_m1254390160_gshared	System.Void System.Collections.Generic.EqualityComparer`1<System.Guid>::.cctor()	mscorlib
EqualityComparer_1_System_Collections_IEqualityComparer_GetHashCode_m4044694309_gshared	System.Int32 System.Collections.Generic.EqualityComparer`1<System.Guid>::System.Collections.IEqualityComparer.GetHashCode(System.Object)	mscorlib
EqualityComparer_1_System_Collections_IEqualityComparer_Equals_m3263429818_gshared	System.Boolean System.Collections.Generic.EqualityComparer`1<System.Guid>::System.Collections.IEqualityComparer.Equals(System.Object,System.Object)	mscorlib
EqualityComparer_1_get_Default_m2572737998_gshared	System.Collections.Generic.EqualityComparer`1<T> System.Collections.Generic.EqualityComparer`1<System.Guid>::get_Default()	mscorlib
EqualityComparer_1__ctor_m47611500_gshared	System.Void System.Collections.Generic.EqualityComparer`1<System.Int32>::.ctor()	mscorlib
EqualityComparer_1__cctor_m657287111_gshared	System.Void System.Collections.Generic.EqualityComparer`1<System.Int32>::.cctor()	mscorlib
EqualityComparer_1_System_Collections_IEqualityComparer_GetHashCode_m2168098850_gshared	System.Int32 System.Collections.Generic.EqualityComparer`1<System.Int32>::System.Collections.IEqualityComparer.GetHashCode(System.Object)	mscorlib
EqualityComparer_1_System_Collections_IEqualityComparer_Equals_m1672604045_gshared	System.Boolean System.Collections.Generic.EqualityComparer`1<System.Int32>::System.Collections.IEqualityComparer.Equals(System.Object,System.Object)	mscorlib
EqualityComparer_1_get_Default_m3920904560_gshared	System.Collections.Generic.EqualityComparer`1<T> System.Collections.Generic.EqualityComparer`1<System.Int32>::get_Default()	mscorlib
EqualityComparer_1__ctor_m2671358570_gshared	System.Void System.Collections.Generic.EqualityComparer`1<System.IntPtr>::.ctor()	mscorlib
EqualityComparer_1__cctor_m439166487_gshared	System.Void System.Collections.Generic.EqualityComparer`1<System.IntPtr>::.cctor()	mscorlib
EqualityComparer_1_System_Collections_IEqualityComparer_GetHashCode_m719215684_gshared	System.Int32 System.Collections.Generic.EqualityComparer`1<System.IntPtr>::System.Collections.IEqualityComparer.GetHashCode(System.Object)	mscorlib
EqualityComparer_1_System_Collections_IEqualityComparer_Equals_m2639327655_gshared	System.Boolean System.Collections.Generic.EqualityComparer`1<System.IntPtr>::System.Collections.IEqualityComparer.Equals(System.Object,System.Object)	mscorlib
EqualityComparer_1_get_Default_m2349311631_gshared	System.Collections.Generic.EqualityComparer`1<T> System.Collections.Generic.EqualityComparer`1<System.IntPtr>::get_Default()	mscorlib
EqualityComparer_1__ctor_m3751330268_gshared	System.Void System.Collections.Generic.EqualityComparer`1<System.Reflection.CustomAttributeNamedArgument>::.ctor()	mscorlib
EqualityComparer_1__cctor_m2152781193_gshared	System.Void System.Collections.Generic.EqualityComparer`1<System.Reflection.CustomAttributeNamedArgument>::.cctor()	mscorlib
EqualityComparer_1_System_Collections_IEqualityComparer_GetHashCode_m3539775155_gshared	System.Int32 System.Collections.Generic.EqualityComparer`1<System.Reflection.CustomAttributeNamedArgument>::System.Collections.IEqualityComparer.GetHashCode(System.Object)	mscorlib
EqualityComparer_1_System_Collections_IEqualityComparer_Equals_m3312509989_gshared	System.Boolean System.Collections.Generic.EqualityComparer`1<System.Reflection.CustomAttributeNamedArgument>::System.Collections.IEqualityComparer.Equals(System.Object,System.Object)	mscorlib
EqualityComparer_1_get_Default_m2359341649_gshared	System.Collections.Generic.EqualityComparer`1<T> System.Collections.Generic.EqualityComparer`1<System.Reflection.CustomAttributeNamedArgument>::get_Default()	mscorlib
EqualityComparer_1__ctor_m234038814_gshared	System.Void System.Collections.Generic.EqualityComparer`1<System.Reflection.CustomAttributeTypedArgument>::.ctor()	mscorlib
EqualityComparer_1__cctor_m2375305537_gshared	System.Void System.Collections.Generic.EqualityComparer`1<System.Reflection.CustomAttributeTypedArgument>::.cctor()	mscorlib
EqualityComparer_1_System_Collections_IEqualityComparer_GetHashCode_m360549782_gshared	System.Int32 System.Collections.Generic.EqualityComparer`1<System.Reflection.CustomAttributeTypedArgument>::System.Collections.IEqualityComparer.GetHashCode(System.Object)	mscorlib
EqualityComparer_1_System_Collections_IEqualityComparer_Equals_m1770414932_gshared	System.Boolean System.Collections.Generic.EqualityComparer`1<System.Reflection.CustomAttributeTypedArgument>::System.Collections.IEqualityComparer.Equals(System.Object,System.Object)	mscorlib
EqualityComparer_1_get_Default_m3604813584_gshared	System.Collections.Generic.EqualityComparer`1<T> System.Collections.Generic.EqualityComparer`1<System.Reflection.CustomAttributeTypedArgument>::get_Default()	mscorlib
EqualityComparer_1__ctor_m1715964587_gshared	System.Void System.Collections.Generic.EqualityComparer`1<System.Single>::.ctor()	mscorlib
EqualityComparer_1__cctor_m3995042002_gshared	System.Void System.Collections.Generic.EqualityComparer`1<System.Single>::.cctor()	mscorlib
EqualityComparer_1_System_Collections_IEqualityComparer_GetHashCode_m2097698491_gshared	System.Int32 System.Collections.Generic.EqualityComparer`1<System.Single>::System.Collections.IEqualityComparer.GetHashCode(System.Object)	mscorlib
EqualityComparer_1_System_Collections_IEqualityComparer_Equals_m4172006498_gshared	System.Boolean System.Collections.Generic.EqualityComparer`1<System.Single>::System.Collections.IEqualityComparer.Equals(System.Object,System.Object)	mscorlib
EqualityComparer_1_get_Default_m990790318_gshared	System.Collections.Generic.EqualityComparer`1<T> System.Collections.Generic.EqualityComparer`1<System.Single>::get_Default()	mscorlib
EqualityComparer_1__ctor_m3717935020_gshared	System.Void System.Collections.Generic.EqualityComparer`1<System.TimeSpan>::.ctor()	mscorlib
EqualityComparer_1__cctor_m4244842342_gshared	System.Void System.Collections.Generic.EqualityComparer`1<System.TimeSpan>::.cctor()	mscorlib
EqualityComparer_1_System_Collections_IEqualityComparer_GetHashCode_m2026811142_gshared	System.Int32 System.Collections.Generic.EqualityComparer`1<System.TimeSpan>::System.Collections.IEqualityComparer.GetHashCode(System.Object)	mscorlib
EqualityComparer_1_System_Collections_IEqualityComparer_Equals_m3218482536_gshared	System.Boolean System.Collections.Generic.EqualityComparer`1<System.TimeSpan>::System.Collections.IEqualityComparer.Equals(System.Object,System.Object)	mscorlib
EqualityComparer_1_get_Default_m4110962482_gshared	System.Collections.Generic.EqualityComparer`1<T> System.Collections.Generic.EqualityComparer`1<System.TimeSpan>::get_Default()	mscorlib
EqualityComparer_1__ctor_m2241711498_gshared	System.Void System.Collections.Generic.EqualityComparer`1<UnityEngine.BeforeRenderHelper/OrderBlock>::.ctor()	mscorlib
EqualityComparer_1__cctor_m609146356_gshared	System.Void System.Collections.Generic.EqualityComparer`1<UnityEngine.BeforeRenderHelper/OrderBlock>::.cctor()	mscorlib
EqualityComparer_1_System_Collections_IEqualityComparer_GetHashCode_m3723747923_gshared	System.Int32 System.Collections.Generic.EqualityComparer`1<UnityEngine.BeforeRenderHelper/OrderBlock>::System.Collections.IEqualityComparer.GetHashCode(System.Object)	mscorlib
EqualityComparer_1_System_Collections_IEqualityComparer_Equals_m2225374821_gshared	System.Boolean System.Collections.Generic.EqualityComparer`1<UnityEngine.BeforeRenderHelper/OrderBlock>::System.Collections.IEqualityComparer.Equals(System.Object,System.Object)	mscorlib
EqualityComparer_1_get_Default_m256652776_gshared	System.Collections.Generic.EqualityComparer`1<T> System.Collections.Generic.EqualityComparer`1<UnityEngine.BeforeRenderHelper/OrderBlock>::get_Default()	mscorlib
EqualityComparer_1__ctor_m3365041213_gshared	System.Void System.Collections.Generic.EqualityComparer`1<UnityEngine.Color32>::.ctor()	mscorlib
EqualityComparer_1__cctor_m91487780_gshared	System.Void System.Collections.Generic.EqualityComparer`1<UnityEngine.Color32>::.cctor()	mscorlib
EqualityComparer_1_System_Collections_IEqualityComparer_GetHashCode_m3423304513_gshared	System.Int32 System.Collections.Generic.EqualityComparer`1<UnityEngine.Color32>::System.Collections.IEqualityComparer.GetHashCode(System.Object)	mscorlib
EqualityComparer_1_System_Collections_IEqualityComparer_Equals_m4055148411_gshared	System.Boolean System.Collections.Generic.EqualityComparer`1<UnityEngine.Color32>::System.Collections.IEqualityComparer.Equals(System.Object,System.Object)	mscorlib
EqualityComparer_1_get_Default_m3447552417_gshared	System.Collections.Generic.EqualityComparer`1<T> System.Collections.Generic.EqualityComparer`1<UnityEngine.Color32>::get_Default()	mscorlib
EqualityComparer_1__ctor_m2283513024_gshared	System.Void System.Collections.Generic.EqualityComparer`1<UnityEngine.EventSystems.RaycastResult>::.ctor()	mscorlib
EqualityComparer_1__cctor_m372617439_gshared	System.Void System.Collections.Generic.EqualityComparer`1<UnityEngine.EventSystems.RaycastResult>::.cctor()	mscorlib
EqualityComparer_1_System_Collections_IEqualityComparer_GetHashCode_m3722846450_gshared	System.Int32 System.Collections.Generic.EqualityComparer`1<UnityEngine.EventSystems.RaycastResult>::System.Collections.IEqualityComparer.GetHashCode(System.Object)	mscorlib
EqualityComparer_1_System_Collections_IEqualityComparer_Equals_m245992594_gshared	System.Boolean System.Collections.Generic.EqualityComparer`1<UnityEngine.EventSystems.RaycastResult>::System.Collections.IEqualityComparer.Equals(System.Object,System.Object)	mscorlib
EqualityComparer_1_get_Default_m1811086326_gshared	System.Collections.Generic.EqualityComparer`1<T> System.Collections.Generic.EqualityComparer`1<UnityEngine.EventSystems.RaycastResult>::get_Default()	mscorlib
EqualityComparer_1__ctor_m1302669175_gshared	System.Void System.Collections.Generic.EqualityComparer`1<UnityEngine.TouchScreenKeyboardType>::.ctor()	mscorlib
EqualityComparer_1__cctor_m3108457656_gshared	System.Void System.Collections.Generic.EqualityComparer`1<UnityEngine.TouchScreenKeyboardType>::.cctor()	mscorlib
EqualityComparer_1_System_Collections_IEqualityComparer_GetHashCode_m260574852_gshared	System.Int32 System.Collections.Generic.EqualityComparer`1<UnityEngine.TouchScreenKeyboardType>::System.Collections.IEqualityComparer.GetHashCode(System.Object)	mscorlib
EqualityComparer_1_System_Collections_IEqualityComparer_Equals_m1907027006_gshared	System.Boolean System.Collections.Generic.EqualityComparer`1<UnityEngine.TouchScreenKeyboardType>::System.Collections.IEqualityComparer.Equals(System.Object,System.Object)	mscorlib
EqualityComparer_1_get_Default_m2069339185_gshared	System.Collections.Generic.EqualityComparer`1<T> System.Collections.Generic.EqualityComparer`1<UnityEngine.TouchScreenKeyboardType>::get_Default()	mscorlib
EqualityComparer_1__ctor_m810469868_gshared	System.Void System.Collections.Generic.EqualityComparer`1<UnityEngine.UI.AspectRatioFitter/AspectMode>::.ctor()	mscorlib
EqualityComparer_1__cctor_m3826872628_gshared	System.Void System.Collections.Generic.EqualityComparer`1<UnityEngine.UI.AspectRatioFitter/AspectMode>::.cctor()	mscorlib
EqualityComparer_1_System_Collections_IEqualityComparer_GetHashCode_m2453538383_gshared	System.Int32 System.Collections.Generic.EqualityComparer`1<UnityEngine.UI.AspectRatioFitter/AspectMode>::System.Collections.IEqualityComparer.GetHashCode(System.Object)	mscorlib
EqualityComparer_1_System_Collections_IEqualityComparer_Equals_m531310924_gshared	System.Boolean System.Collections.Generic.EqualityComparer`1<UnityEngine.UI.AspectRatioFitter/AspectMode>::System.Collections.IEqualityComparer.Equals(System.Object,System.Object)	mscorlib
EqualityComparer_1_get_Default_m1164810274_gshared	System.Collections.Generic.EqualityComparer`1<T> System.Collections.Generic.EqualityComparer`1<UnityEngine.UI.AspectRatioFitter/AspectMode>::get_Default()	mscorlib
EqualityComparer_1__ctor_m961123241_gshared	System.Void System.Collections.Generic.EqualityComparer`1<UnityEngine.UI.ColorBlock>::.ctor()	mscorlib
EqualityComparer_1__cctor_m1801701413_gshared	System.Void System.Collections.Generic.EqualityComparer`1<UnityEngine.UI.ColorBlock>::.cctor()	mscorlib
EqualityComparer_1_System_Collections_IEqualityComparer_GetHashCode_m2138064395_gshared	System.Int32 System.Collections.Generic.EqualityComparer`1<UnityEngine.UI.ColorBlock>::System.Collections.IEqualityComparer.GetHashCode(System.Object)	mscorlib
EqualityComparer_1_System_Collections_IEqualityComparer_Equals_m1432471702_gshared	System.Boolean System.Collections.Generic.EqualityComparer`1<UnityEngine.UI.ColorBlock>::System.Collections.IEqualityComparer.Equals(System.Object,System.Object)	mscorlib
EqualityComparer_1_get_Default_m975477533_gshared	System.Collections.Generic.EqualityComparer`1<T> System.Collections.Generic.EqualityComparer`1<UnityEngine.UI.ColorBlock>::get_Default()	mscorlib
EqualityComparer_1__ctor_m3110001639_gshared	System.Void System.Collections.Generic.EqualityComparer`1<UnityEngine.UI.ContentSizeFitter/FitMode>::.ctor()	mscorlib
EqualityComparer_1__cctor_m1001945872_gshared	System.Void System.Collections.Generic.EqualityComparer`1<UnityEngine.UI.ContentSizeFitter/FitMode>::.cctor()	mscorlib
EqualityComparer_1_System_Collections_IEqualityComparer_GetHashCode_m3578195399_gshared	System.Int32 System.Collections.Generic.EqualityComparer`1<UnityEngine.UI.ContentSizeFitter/FitMode>::System.Collections.IEqualityComparer.GetHashCode(System.Object)	mscorlib
EqualityComparer_1_System_Collections_IEqualityComparer_Equals_m1727744490_gshared	System.Boolean System.Collections.Generic.EqualityComparer`1<UnityEngine.UI.ContentSizeFitter/FitMode>::System.Collections.IEqualityComparer.Equals(System.Object,System.Object)	mscorlib
EqualityComparer_1_get_Default_m1866827699_gshared	System.Collections.Generic.EqualityComparer`1<T> System.Collections.Generic.EqualityComparer`1<UnityEngine.UI.ContentSizeFitter/FitMode>::get_Default()	mscorlib
EqualityComparer_1__ctor_m1138336971_gshared	System.Void System.Collections.Generic.EqualityComparer`1<UnityEngine.UI.Image/FillMethod>::.ctor()	mscorlib
EqualityComparer_1__cctor_m314889309_gshared	System.Void System.Collections.Generic.EqualityComparer`1<UnityEngine.UI.Image/FillMethod>::.cctor()	mscorlib
EqualityComparer_1_System_Collections_IEqualityComparer_GetHashCode_m4029769481_gshared	System.Int32 System.Collections.Generic.EqualityComparer`1<UnityEngine.UI.Image/FillMethod>::System.Collections.IEqualityComparer.GetHashCode(System.Object)	mscorlib
EqualityComparer_1_System_Collections_IEqualityComparer_Equals_m3417959209_gshared	System.Boolean System.Collections.Generic.EqualityComparer`1<UnityEngine.UI.Image/FillMethod>::System.Collections.IEqualityComparer.Equals(System.Object,System.Object)	mscorlib
EqualityComparer_1_get_Default_m698784254_gshared	System.Collections.Generic.EqualityComparer`1<T> System.Collections.Generic.EqualityComparer`1<UnityEngine.UI.Image/FillMethod>::get_Default()	mscorlib
EqualityComparer_1__ctor_m956599971_gshared	System.Void System.Collections.Generic.EqualityComparer`1<UnityEngine.UI.Image/Type>::.ctor()	mscorlib
EqualityComparer_1__cctor_m4286678542_gshared	System.Void System.Collections.Generic.EqualityComparer`1<UnityEngine.UI.Image/Type>::.cctor()	mscorlib
EqualityComparer_1_System_Collections_IEqualityComparer_GetHashCode_m745729144_gshared	System.Int32 System.Collections.Generic.EqualityComparer`1<UnityEngine.UI.Image/Type>::System.Collections.IEqualityComparer.GetHashCode(System.Object)	mscorlib
EqualityComparer_1_System_Collections_IEqualityComparer_Equals_m2207321753_gshared	System.Boolean System.Collections.Generic.EqualityComparer`1<UnityEngine.UI.Image/Type>::System.Collections.IEqualityComparer.Equals(System.Object,System.Object)	mscorlib
EqualityComparer_1_get_Default_m3001781037_gshared	System.Collections.Generic.EqualityComparer`1<T> System.Collections.Generic.EqualityComparer`1<UnityEngine.UI.Image/Type>::get_Default()	mscorlib
EqualityComparer_1__ctor_m894844876_gshared	System.Void System.Collections.Generic.EqualityComparer`1<UnityEngine.UI.InputField/CharacterValidation>::.ctor()	mscorlib
EqualityComparer_1__cctor_m3253074898_gshared	System.Void System.Collections.Generic.EqualityComparer`1<UnityEngine.UI.InputField/CharacterValidation>::.cctor()	mscorlib
EqualityComparer_1_System_Collections_IEqualityComparer_GetHashCode_m2506930683_gshared	System.Int32 System.Collections.Generic.EqualityComparer`1<UnityEngine.UI.InputField/CharacterValidation>::System.Collections.IEqualityComparer.GetHashCode(System.Object)	mscorlib
EqualityComparer_1_System_Collections_IEqualityComparer_Equals_m3139704160_gshared	System.Boolean System.Collections.Generic.EqualityComparer`1<UnityEngine.UI.InputField/CharacterValidation>::System.Collections.IEqualityComparer.Equals(System.Object,System.Object)	mscorlib
EqualityComparer_1_get_Default_m79107703_gshared	System.Collections.Generic.EqualityComparer`1<T> System.Collections.Generic.EqualityComparer`1<UnityEngine.UI.InputField/CharacterValidation>::get_Default()	mscorlib
EqualityComparer_1__ctor_m2764592124_gshared	System.Void System.Collections.Generic.EqualityComparer`1<UnityEngine.UI.InputField/ContentType>::.ctor()	mscorlib
EqualityComparer_1__cctor_m818408565_gshared	System.Void System.Collections.Generic.EqualityComparer`1<UnityEngine.UI.InputField/ContentType>::.cctor()	mscorlib
EqualityComparer_1_System_Collections_IEqualityComparer_GetHashCode_m3910741366_gshared	System.Int32 System.Collections.Generic.EqualityComparer`1<UnityEngine.UI.InputField/ContentType>::System.Collections.IEqualityComparer.GetHashCode(System.Object)	mscorlib
EqualityComparer_1_System_Collections_IEqualityComparer_Equals_m2302011844_gshared	System.Boolean System.Collections.Generic.EqualityComparer`1<UnityEngine.UI.InputField/ContentType>::System.Collections.IEqualityComparer.Equals(System.Object,System.Object)	mscorlib
EqualityComparer_1_get_Default_m4290995769_gshared	System.Collections.Generic.EqualityComparer`1<T> System.Collections.Generic.EqualityComparer`1<UnityEngine.UI.InputField/ContentType>::get_Default()	mscorlib
EqualityComparer_1__ctor_m2808461396_gshared	System.Void System.Collections.Generic.EqualityComparer`1<UnityEngine.UI.InputField/InputType>::.ctor()	mscorlib
EqualityComparer_1__cctor_m268281751_gshared	System.Void System.Collections.Generic.EqualityComparer`1<UnityEngine.UI.InputField/InputType>::.cctor()	mscorlib
EqualityComparer_1_System_Collections_IEqualityComparer_GetHashCode_m4205983606_gshared	System.Int32 System.Collections.Generic.EqualityComparer`1<UnityEngine.UI.InputField/InputType>::System.Collections.IEqualityComparer.GetHashCode(System.Object)	mscorlib
EqualityComparer_1_System_Collections_IEqualityComparer_Equals_m350111250_gshared	System.Boolean System.Collections.Generic.EqualityComparer`1<UnityEngine.UI.InputField/InputType>::System.Collections.IEqualityComparer.Equals(System.Object,System.Object)	mscorlib
EqualityComparer_1_get_Default_m2354149199_gshared	System.Collections.Generic.EqualityComparer`1<T> System.Collections.Generic.EqualityComparer`1<UnityEngine.UI.InputField/InputType>::get_Default()	mscorlib
EqualityComparer_1__ctor_m1278148670_gshared	System.Void System.Collections.Generic.EqualityComparer`1<UnityEngine.UI.InputField/LineType>::.ctor()	mscorlib
EqualityComparer_1__cctor_m3858174979_gshared	System.Void System.Collections.Generic.EqualityComparer`1<UnityEngine.UI.InputField/LineType>::.cctor()	mscorlib
EqualityComparer_1_System_Collections_IEqualityComparer_GetHashCode_m72906477_gshared	System.Int32 System.Collections.Generic.EqualityComparer`1<UnityEngine.UI.InputField/LineType>::System.Collections.IEqualityComparer.GetHashCode(System.Object)	mscorlib
EqualityComparer_1_System_Collections_IEqualityComparer_Equals_m2008800142_gshared	System.Boolean System.Collections.Generic.EqualityComparer`1<UnityEngine.UI.InputField/LineType>::System.Collections.IEqualityComparer.Equals(System.Object,System.Object)	mscorlib
EqualityComparer_1_get_Default_m1038871402_gshared	System.Collections.Generic.EqualityComparer`1<T> System.Collections.Generic.EqualityComparer`1<UnityEngine.UI.InputField/LineType>::get_Default()	mscorlib
EqualityComparer_1__ctor_m1319882559_gshared	System.Void System.Collections.Generic.EqualityComparer`1<UnityEngine.UI.Navigation>::.ctor()	mscorlib
EqualityComparer_1__cctor_m808308761_gshared	System.Void System.Collections.Generic.EqualityComparer`1<UnityEngine.UI.Navigation>::.cctor()	mscorlib
EqualityComparer_1_System_Collections_IEqualityComparer_GetHashCode_m2027961449_gshared	System.Int32 System.Collections.Generic.EqualityComparer`1<UnityEngine.UI.Navigation>::System.Collections.IEqualityComparer.GetHashCode(System.Object)	mscorlib
EqualityComparer_1_System_Collections_IEqualityComparer_Equals_m1821261488_gshared	System.Boolean System.Collections.Generic.EqualityComparer`1<UnityEngine.UI.Navigation>::System.Collections.IEqualityComparer.Equals(System.Object,System.Object)	mscorlib
EqualityComparer_1_get_Default_m1737317890_gshared	System.Collections.Generic.EqualityComparer`1<T> System.Collections.Generic.EqualityComparer`1<UnityEngine.UI.Navigation>::get_Default()	mscorlib
EqualityComparer_1__ctor_m1809947443_gshared	System.Void System.Collections.Generic.EqualityComparer`1<UnityEngine.UI.Scrollbar/Direction>::.ctor()	mscorlib
EqualityComparer_1__cctor_m3924025238_gshared	System.Void System.Collections.Generic.EqualityComparer`1<UnityEngine.UI.Scrollbar/Direction>::.cctor()	mscorlib
EqualityComparer_1_System_Collections_IEqualityComparer_GetHashCode_m2588073987_gshared	System.Int32 System.Collections.Generic.EqualityComparer`1<UnityEngine.UI.Scrollbar/Direction>::System.Collections.IEqualityComparer.GetHashCode(System.Object)	mscorlib
EqualityComparer_1_System_Collections_IEqualityComparer_Equals_m2366286316_gshared	System.Boolean System.Collections.Generic.EqualityComparer`1<UnityEngine.UI.Scrollbar/Direction>::System.Collections.IEqualityComparer.Equals(System.Object,System.Object)	mscorlib
EqualityComparer_1_get_Default_m994795491_gshared	System.Collections.Generic.EqualityComparer`1<T> System.Collections.Generic.EqualityComparer`1<UnityEngine.UI.Scrollbar/Direction>::get_Default()	mscorlib
EqualityComparer_1__ctor_m2979884891_gshared	System.Void System.Collections.Generic.EqualityComparer`1<UnityEngine.UI.Selectable/Transition>::.ctor()	mscorlib
EqualityComparer_1__cctor_m4292069956_gshared	System.Void System.Collections.Generic.EqualityComparer`1<UnityEngine.UI.Selectable/Transition>::.cctor()	mscorlib
EqualityComparer_1_System_Collections_IEqualityComparer_GetHashCode_m3733801945_gshared	System.Int32 System.Collections.Generic.EqualityComparer`1<UnityEngine.UI.Selectable/Transition>::System.Collections.IEqualityComparer.GetHashCode(System.Object)	mscorlib
EqualityComparer_1_System_Collections_IEqualityComparer_Equals_m3855544238_gshared	System.Boolean System.Collections.Generic.EqualityComparer`1<UnityEngine.UI.Selectable/Transition>::System.Collections.IEqualityComparer.Equals(System.Object,System.Object)	mscorlib
EqualityComparer_1_get_Default_m4267587109_gshared	System.Collections.Generic.EqualityComparer`1<T> System.Collections.Generic.EqualityComparer`1<UnityEngine.UI.Selectable/Transition>::get_Default()	mscorlib
EqualityComparer_1__ctor_m1767308726_gshared	System.Void System.Collections.Generic.EqualityComparer`1<UnityEngine.UI.Slider/Direction>::.ctor()	mscorlib
EqualityComparer_1__cctor_m4217868510_gshared	System.Void System.Collections.Generic.EqualityComparer`1<UnityEngine.UI.Slider/Direction>::.cctor()	mscorlib
EqualityComparer_1_System_Collections_IEqualityComparer_GetHashCode_m3418675779_gshared	System.Int32 System.Collections.Generic.EqualityComparer`1<UnityEngine.UI.Slider/Direction>::System.Collections.IEqualityComparer.GetHashCode(System.Object)	mscorlib
EqualityComparer_1_System_Collections_IEqualityComparer_Equals_m3756802651_gshared	System.Boolean System.Collections.Generic.EqualityComparer`1<UnityEngine.UI.Slider/Direction>::System.Collections.IEqualityComparer.Equals(System.Object,System.Object)	mscorlib
EqualityComparer_1_get_Default_m2296036501_gshared	System.Collections.Generic.EqualityComparer`1<T> System.Collections.Generic.EqualityComparer`1<UnityEngine.UI.Slider/Direction>::get_Default()	mscorlib
EqualityComparer_1__ctor_m3009114841_gshared	System.Void System.Collections.Generic.EqualityComparer`1<UnityEngine.UI.SpriteState>::.ctor()	mscorlib
EqualityComparer_1__cctor_m1779191734_gshared	System.Void System.Collections.Generic.EqualityComparer`1<UnityEngine.UI.SpriteState>::.cctor()	mscorlib
EqualityComparer_1_System_Collections_IEqualityComparer_GetHashCode_m1522364619_gshared	System.Int32 System.Collections.Generic.EqualityComparer`1<UnityEngine.UI.SpriteState>::System.Collections.IEqualityComparer.GetHashCode(System.Object)	mscorlib
EqualityComparer_1_System_Collections_IEqualityComparer_Equals_m4228185342_gshared	System.Boolean System.Collections.Generic.EqualityComparer`1<UnityEngine.UI.SpriteState>::System.Collections.IEqualityComparer.Equals(System.Object,System.Object)	mscorlib
EqualityComparer_1_get_Default_m1059784867_gshared	System.Collections.Generic.EqualityComparer`1<T> System.Collections.Generic.EqualityComparer`1<UnityEngine.UI.SpriteState>::get_Default()	mscorlib
EqualityComparer_1__ctor_m3340268867_gshared	System.Void System.Collections.Generic.EqualityComparer`1<UnityEngine.UICharInfo>::.ctor()	mscorlib
EqualityComparer_1__cctor_m2037353332_gshared	System.Void System.Collections.Generic.EqualityComparer`1<UnityEngine.UICharInfo>::.cctor()	mscorlib
EqualityComparer_1_System_Collections_IEqualityComparer_GetHashCode_m345188086_gshared	System.Int32 System.Collections.Generic.EqualityComparer`1<UnityEngine.UICharInfo>::System.Collections.IEqualityComparer.GetHashCode(System.Object)	mscorlib
EqualityComparer_1_System_Collections_IEqualityComparer_Equals_m1119965411_gshared	System.Boolean System.Collections.Generic.EqualityComparer`1<UnityEngine.UICharInfo>::System.Collections.IEqualityComparer.Equals(System.Object,System.Object)	mscorlib
EqualityComparer_1_get_Default_m958665410_gshared	System.Collections.Generic.EqualityComparer`1<T> System.Collections.Generic.EqualityComparer`1<UnityEngine.UICharInfo>::get_Default()	mscorlib
EqualityComparer_1__ctor_m715212810_gshared	System.Void System.Collections.Generic.EqualityComparer`1<UnityEngine.UILineInfo>::.ctor()	mscorlib
EqualityComparer_1__cctor_m1878539035_gshared	System.Void System.Collections.Generic.EqualityComparer`1<UnityEngine.UILineInfo>::.cctor()	mscorlib
EqualityComparer_1_System_Collections_IEqualityComparer_GetHashCode_m3397012315_gshared	System.Int32 System.Collections.Generic.EqualityComparer`1<UnityEngine.UILineInfo>::System.Collections.IEqualityComparer.GetHashCode(System.Object)	mscorlib
EqualityComparer_1_System_Collections_IEqualityComparer_Equals_m3361058667_gshared	System.Boolean System.Collections.Generic.EqualityComparer`1<UnityEngine.UILineInfo>::System.Collections.IEqualityComparer.Equals(System.Object,System.Object)	mscorlib
EqualityComparer_1_get_Default_m1390205541_gshared	System.Collections.Generic.EqualityComparer`1<T> System.Collections.Generic.EqualityComparer`1<UnityEngine.UILineInfo>::get_Default()	mscorlib
EqualityComparer_1__ctor_m2064294672_gshared	System.Void System.Collections.Generic.EqualityComparer`1<UnityEngine.UIVertex>::.ctor()	mscorlib
EqualityComparer_1__cctor_m2741186979_gshared	System.Void System.Collections.Generic.EqualityComparer`1<UnityEngine.UIVertex>::.cctor()	mscorlib
EqualityComparer_1_System_Collections_IEqualityComparer_GetHashCode_m1517903420_gshared	System.Int32 System.Collections.Generic.EqualityComparer`1<UnityEngine.UIVertex>::System.Collections.IEqualityComparer.GetHashCode(System.Object)	mscorlib
EqualityComparer_1_System_Collections_IEqualityComparer_Equals_m3977314386_gshared	System.Boolean System.Collections.Generic.EqualityComparer`1<UnityEngine.UIVertex>::System.Collections.IEqualityComparer.Equals(System.Object,System.Object)	mscorlib
EqualityComparer_1_get_Default_m4021671578_gshared	System.Collections.Generic.EqualityComparer`1<T> System.Collections.Generic.EqualityComparer`1<UnityEngine.UIVertex>::get_Default()	mscorlib
EqualityComparer_1__ctor_m332889269_gshared	System.Void System.Collections.Generic.EqualityComparer`1<UnityEngine.Vector2>::.ctor()	mscorlib
EqualityComparer_1__cctor_m3880019879_gshared	System.Void System.Collections.Generic.EqualityComparer`1<UnityEngine.Vector2>::.cctor()	mscorlib
EqualityComparer_1_System_Collections_IEqualityComparer_GetHashCode_m187132611_gshared	System.Int32 System.Collections.Generic.EqualityComparer`1<UnityEngine.Vector2>::System.Collections.IEqualityComparer.GetHashCode(System.Object)	mscorlib
EqualityComparer_1_System_Collections_IEqualityComparer_Equals_m3414018740_gshared	System.Boolean System.Collections.Generic.EqualityComparer`1<UnityEngine.Vector2>::System.Collections.IEqualityComparer.Equals(System.Object,System.Object)	mscorlib
EqualityComparer_1_get_Default_m3377333567_gshared	System.Collections.Generic.EqualityComparer`1<T> System.Collections.Generic.EqualityComparer`1<UnityEngine.Vector2>::get_Default()	mscorlib
EqualityComparer_1__ctor_m469007541_gshared	System.Void System.Collections.Generic.EqualityComparer`1<UnityEngine.Vector3>::.ctor()	mscorlib
EqualityComparer_1__cctor_m4089931686_gshared	System.Void System.Collections.Generic.EqualityComparer`1<UnityEngine.Vector3>::.cctor()	mscorlib
EqualityComparer_1_System_Collections_IEqualityComparer_GetHashCode_m169860364_gshared	System.Int32 System.Collections.Generic.EqualityComparer`1<UnityEngine.Vector3>::System.Collections.IEqualityComparer.GetHashCode(System.Object)	mscorlib
EqualityComparer_1_System_Collections_IEqualityComparer_Equals_m428328761_gshared	System.Boolean System.Collections.Generic.EqualityComparer`1<UnityEngine.Vector3>::System.Collections.IEqualityComparer.Equals(System.Object,System.Object)	mscorlib
EqualityComparer_1_get_Default_m1095255266_gshared	System.Collections.Generic.EqualityComparer`1<T> System.Collections.Generic.EqualityComparer`1<UnityEngine.Vector3>::get_Default()	mscorlib
EqualityComparer_1__ctor_m401702069_gshared	System.Void System.Collections.Generic.EqualityComparer`1<UnityEngine.Vector4>::.ctor()	mscorlib
EqualityComparer_1__cctor_m1873176486_gshared	System.Void System.Collections.Generic.EqualityComparer`1<UnityEngine.Vector4>::.cctor()	mscorlib
EqualityComparer_1_System_Collections_IEqualityComparer_GetHashCode_m3708305876_gshared	System.Int32 System.Collections.Generic.EqualityComparer`1<UnityEngine.Vector4>::System.Collections.IEqualityComparer.GetHashCode(System.Object)	mscorlib
EqualityComparer_1_System_Collections_IEqualityComparer_Equals_m477570191_gshared	System.Boolean System.Collections.Generic.EqualityComparer`1<UnityEngine.Vector4>::System.Collections.IEqualityComparer.Equals(System.Object,System.Object)	mscorlib
EqualityComparer_1_get_Default_m168544645_gshared	System.Collections.Generic.EqualityComparer`1<T> System.Collections.Generic.EqualityComparer`1<UnityEngine.Vector4>::get_Default()	mscorlib
GenericComparer_1_Compare_m3229154287_gshared	System.Int32 System.Collections.Generic.GenericComparer`1<System.DateTime>::Compare(T,T)	mscorlib
GenericComparer_1_Compare_m143753633_gshared	System.Int32 System.Collections.Generic.GenericComparer`1<System.DateTimeOffset>::Compare(T,T)	mscorlib
GenericComparer_1_Compare_m459680062_gshared	System.Int32 System.Collections.Generic.GenericComparer`1<System.Guid>::Compare(T,T)	mscorlib
GenericComparer_1__ctor_m3828777656_gshared	System.Void System.Collections.Generic.GenericComparer`1<System.Int32>::.ctor()	mscorlib
GenericComparer_1_Compare_m2275461572_gshared	System.Int32 System.Collections.Generic.GenericComparer`1<System.Int32>::Compare(T,T)	mscorlib
GenericComparer_1_Compare_m479512705_gshared	System.Int32 System.Collections.Generic.GenericComparer`1<System.TimeSpan>::Compare(T,T)	mscorlib
GenericEqualityComparer_1__ctor_m844208387_gshared	System.Void System.Collections.Generic.GenericEqualityComparer`1<System.Boolean>::.ctor()	mscorlib
GenericEqualityComparer_1_GetHashCode_m3279213452_gshared	System.Int32 System.Collections.Generic.GenericEqualityComparer`1<System.Boolean>::GetHashCode(T)	mscorlib
GenericEqualityComparer_1_Equals_m1218735909_gshared	System.Boolean System.Collections.Generic.GenericEqualityComparer`1<System.Boolean>::Equals(T,T)	mscorlib
GenericEqualityComparer_1__ctor_m4198948744_gshared	System.Void System.Collections.Generic.GenericEqualityComparer`1<System.Char>::.ctor()	mscorlib
GenericEqualityComparer_1_GetHashCode_m830955750_gshared	System.Int32 System.Collections.Generic.GenericEqualityComparer`1<System.Char>::GetHashCode(T)	mscorlib
GenericEqualityComparer_1_Equals_m3165382516_gshared	System.Boolean System.Collections.Generic.GenericEqualityComparer`1<System.Char>::Equals(T,T)	mscorlib
GenericEqualityComparer_1_GetHashCode_m457148860_gshared	System.Int32 System.Collections.Generic.GenericEqualityComparer`1<System.DateTime>::GetHashCode(T)	mscorlib
GenericEqualityComparer_1_Equals_m2669134646_gshared	System.Boolean System.Collections.Generic.GenericEqualityComparer`1<System.DateTime>::Equals(T,T)	mscorlib
GenericEqualityComparer_1_GetHashCode_m2525197014_gshared	System.Int32 System.Collections.Generic.GenericEqualityComparer`1<System.DateTimeOffset>::GetHashCode(T)	mscorlib
GenericEqualityComparer_1_Equals_m565904037_gshared	System.Boolean System.Collections.Generic.GenericEqualityComparer`1<System.DateTimeOffset>::Equals(T,T)	mscorlib
GenericEqualityComparer_1_GetHashCode_m2594842298_gshared	System.Int32 System.Collections.Generic.GenericEqualityComparer`1<System.Guid>::GetHashCode(T)	mscorlib
GenericEqualityComparer_1_Equals_m1883844480_gshared	System.Boolean System.Collections.Generic.GenericEqualityComparer`1<System.Guid>::Equals(T,T)	mscorlib
GenericEqualityComparer_1__ctor_m812471268_gshared	System.Void System.Collections.Generic.GenericEqualityComparer`1<System.Int32>::.ctor()	mscorlib
GenericEqualityComparer_1_GetHashCode_m1870230682_gshared	System.Int32 System.Collections.Generic.GenericEqualityComparer`1<System.Int32>::GetHashCode(T)	mscorlib
GenericEqualityComparer_1_Equals_m1315487225_gshared	System.Boolean System.Collections.Generic.GenericEqualityComparer`1<System.Int32>::Equals(T,T)	mscorlib
GenericEqualityComparer_1__ctor_m1058369027_gshared	System.Void System.Collections.Generic.GenericEqualityComparer`1<System.Single>::.ctor()	mscorlib
GenericEqualityComparer_1_GetHashCode_m3434075455_gshared	System.Int32 System.Collections.Generic.GenericEqualityComparer`1<System.Single>::GetHashCode(T)	mscorlib
GenericEqualityComparer_1_Equals_m3279253448_gshared	System.Boolean System.Collections.Generic.GenericEqualityComparer`1<System.Single>::Equals(T,T)	mscorlib
GenericEqualityComparer_1_GetHashCode_m3696851074_gshared	System.Int32 System.Collections.Generic.GenericEqualityComparer`1<System.TimeSpan>::GetHashCode(T)	mscorlib
GenericEqualityComparer_1_Equals_m1705889345_gshared	System.Boolean System.Collections.Generic.GenericEqualityComparer`1<System.TimeSpan>::Equals(T,T)	mscorlib
GenericEqualityComparer_1__ctor_m606753197_gshared	System.Void System.Collections.Generic.GenericEqualityComparer`1<UnityEngine.UI.ColorBlock>::.ctor()	mscorlib
GenericEqualityComparer_1_GetHashCode_m2158044806_gshared	System.Int32 System.Collections.Generic.GenericEqualityComparer`1<UnityEngine.UI.ColorBlock>::GetHashCode(T)	mscorlib
GenericEqualityComparer_1_Equals_m1942949784_gshared	System.Boolean System.Collections.Generic.GenericEqualityComparer`1<UnityEngine.UI.ColorBlock>::Equals(T,T)	mscorlib
GenericEqualityComparer_1__ctor_m76533833_gshared	System.Void System.Collections.Generic.GenericEqualityComparer`1<UnityEngine.UI.Navigation>::.ctor()	mscorlib
GenericEqualityComparer_1_GetHashCode_m192374174_gshared	System.Int32 System.Collections.Generic.GenericEqualityComparer`1<UnityEngine.UI.Navigation>::GetHashCode(T)	mscorlib
GenericEqualityComparer_1_Equals_m687841776_gshared	System.Boolean System.Collections.Generic.GenericEqualityComparer`1<UnityEngine.UI.Navigation>::Equals(T,T)	mscorlib
GenericEqualityComparer_1__ctor_m4072188982_gshared	System.Void System.Collections.Generic.GenericEqualityComparer`1<UnityEngine.UI.SpriteState>::.ctor()	mscorlib
GenericEqualityComparer_1_GetHashCode_m2519874508_gshared	System.Int32 System.Collections.Generic.GenericEqualityComparer`1<UnityEngine.UI.SpriteState>::GetHashCode(T)	mscorlib
GenericEqualityComparer_1_Equals_m1294835414_gshared	System.Boolean System.Collections.Generic.GenericEqualityComparer`1<UnityEngine.UI.SpriteState>::Equals(T,T)	mscorlib
KeyValuePair_2__ctor_m2118224448_AdjustorThunk	System.Void System.Collections.Generic.KeyValuePair`2<System.Int32,System.Object>::.ctor(TKey,TValue)	mscorlib
KeyValuePair_2_get_Key_m1839753989_AdjustorThunk	TKey System.Collections.Generic.KeyValuePair`2<System.Int32,System.Object>::get_Key()	mscorlib
KeyValuePair_2_set_Key_m2121548577_AdjustorThunk	System.Void System.Collections.Generic.KeyValuePair`2<System.Int32,System.Object>::set_Key(TKey)	mscorlib
KeyValuePair_2_get_Value_m3495598764_AdjustorThunk	TValue System.Collections.Generic.KeyValuePair`2<System.Int32,System.Object>::get_Value()	mscorlib
KeyValuePair_2_set_Value_m3358607572_AdjustorThunk	System.Void System.Collections.Generic.KeyValuePair`2<System.Int32,System.Object>::set_Value(TValue)	mscorlib
KeyValuePair_2_ToString_m1238786018_AdjustorThunk	System.String System.Collections.Generic.KeyValuePair`2<System.Int32,System.Object>::ToString()	mscorlib
KeyValuePair_2__ctor_m3953574590_AdjustorThunk	System.Void System.Collections.Generic.KeyValuePair`2<System.IntPtr,System.Object>::.ctor(TKey,TValue)	mscorlib
KeyValuePair_2_get_Key_m1204087822_AdjustorThunk	TKey System.Collections.Generic.KeyValuePair`2<System.IntPtr,System.Object>::get_Key()	mscorlib
KeyValuePair_2_set_Key_m2361232400_AdjustorThunk	System.Void System.Collections.Generic.KeyValuePair`2<System.IntPtr,System.Object>::set_Key(TKey)	mscorlib
KeyValuePair_2_get_Value_m1339120122_AdjustorThunk	TValue System.Collections.Generic.KeyValuePair`2<System.IntPtr,System.Object>::get_Value()	mscorlib
KeyValuePair_2_set_Value_m2953914627_AdjustorThunk	System.Void System.Collections.Generic.KeyValuePair`2<System.IntPtr,System.Object>::set_Value(TValue)	mscorlib
KeyValuePair_2_ToString_m2983173998_AdjustorThunk	System.String System.Collections.Generic.KeyValuePair`2<System.IntPtr,System.Object>::ToString()	mscorlib
KeyValuePair_2__ctor_m23191374_AdjustorThunk	System.Void System.Collections.Generic.KeyValuePair`2<System.Object,System.Boolean>::.ctor(TKey,TValue)	mscorlib
KeyValuePair_2_get_Key_m3347890282_AdjustorThunk	TKey System.Collections.Generic.KeyValuePair`2<System.Object,System.Boolean>::get_Key()	mscorlib
KeyValuePair_2_set_Key_m2116817417_AdjustorThunk	System.Void System.Collections.Generic.KeyValuePair`2<System.Object,System.Boolean>::set_Key(TKey)	mscorlib
KeyValuePair_2_get_Value_m3881342223_AdjustorThunk	TValue System.Collections.Generic.KeyValuePair`2<System.Object,System.Boolean>::get_Value()	mscorlib
KeyValuePair_2_set_Value_m3305319569_AdjustorThunk	System.Void System.Collections.Generic.KeyValuePair`2<System.Object,System.Boolean>::set_Value(TValue)	mscorlib
KeyValuePair_2_ToString_m2480962023_AdjustorThunk	System.String System.Collections.Generic.KeyValuePair`2<System.Object,System.Boolean>::ToString()	mscorlib
KeyValuePair_2__ctor_m1726107858_AdjustorThunk	System.Void System.Collections.Generic.KeyValuePair`2<System.Object,System.Collections.Generic.KeyValuePair`2<UnityEngine.Rendering.CameraEvent,System.Object>>::.ctor(TKey,TValue)	mscorlib
KeyValuePair_2_get_Key_m4291569432_AdjustorThunk	TKey System.Collections.Generic.KeyValuePair`2<System.Object,System.Collections.Generic.KeyValuePair`2<UnityEngine.Rendering.CameraEvent,System.Object>>::get_Key()	mscorlib
KeyValuePair_2_set_Key_m227539759_AdjustorThunk	System.Void System.Collections.Generic.KeyValuePair`2<System.Object,System.Collections.Generic.KeyValuePair`2<UnityEngine.Rendering.CameraEvent,System.Object>>::set_Key(TKey)	mscorlib
KeyValuePair_2_get_Value_m3357706208_AdjustorThunk	TValue System.Collections.Generic.KeyValuePair`2<System.Object,System.Collections.Generic.KeyValuePair`2<UnityEngine.Rendering.CameraEvent,System.Object>>::get_Value()	mscorlib
KeyValuePair_2_set_Value_m3029819596_AdjustorThunk	System.Void System.Collections.Generic.KeyValuePair`2<System.Object,System.Collections.Generic.KeyValuePair`2<UnityEngine.Rendering.CameraEvent,System.Object>>::set_Value(TValue)	mscorlib
KeyValuePair_2_ToString_m407648863_AdjustorThunk	System.String System.Collections.Generic.KeyValuePair`2<System.Object,System.Collections.Generic.KeyValuePair`2<UnityEngine.Rendering.CameraEvent,System.Object>>::ToString()	mscorlib
KeyValuePair_2__ctor_m880186442_AdjustorThunk	System.Void System.Collections.Generic.KeyValuePair`2<System.Object,System.Int32>::.ctor(TKey,TValue)	mscorlib
KeyValuePair_2_get_Key_m1218836954_AdjustorThunk	TKey System.Collections.Generic.KeyValuePair`2<System.Object,System.Int32>::get_Key()	mscorlib
KeyValuePair_2_set_Key_m4256290317_AdjustorThunk	System.Void System.Collections.Generic.KeyValuePair`2<System.Object,System.Int32>::set_Key(TKey)	mscorlib
KeyValuePair_2_get_Value_m755756747_AdjustorThunk	TValue System.Collections.Generic.KeyValuePair`2<System.Object,System.Int32>::get_Value()	mscorlib
KeyValuePair_2_set_Value_m460969740_AdjustorThunk	System.Void System.Collections.Generic.KeyValuePair`2<System.Object,System.Int32>::set_Value(TValue)	mscorlib
KeyValuePair_2_ToString_m4231614106_AdjustorThunk	System.String System.Collections.Generic.KeyValuePair`2<System.Object,System.Int32>::ToString()	mscorlib
KeyValuePair_2__ctor_m3474867627_AdjustorThunk	System.Void System.Collections.Generic.KeyValuePair`2<UnityEngine.Rendering.CameraEvent,System.Object>::.ctor(TKey,TValue)	mscorlib
KeyValuePair_2_get_Key_m798624497_AdjustorThunk	TKey System.Collections.Generic.KeyValuePair`2<UnityEngine.Rendering.CameraEvent,System.Object>::get_Key()	mscorlib
KeyValuePair_2_set_Key_m469963233_AdjustorThunk	System.Void System.Collections.Generic.KeyValuePair`2<UnityEngine.Rendering.CameraEvent,System.Object>::set_Key(TKey)	mscorlib
KeyValuePair_2_get_Value_m1172331095_AdjustorThunk	TValue System.Collections.Generic.KeyValuePair`2<UnityEngine.Rendering.CameraEvent,System.Object>::get_Value()	mscorlib
KeyValuePair_2_set_Value_m249385218_AdjustorThunk	System.Void System.Collections.Generic.KeyValuePair`2<UnityEngine.Rendering.CameraEvent,System.Object>::set_Value(TValue)	mscorlib
KeyValuePair_2_ToString_m3332904921_AdjustorThunk	System.String System.Collections.Generic.KeyValuePair`2<UnityEngine.Rendering.CameraEvent,System.Object>::ToString()	mscorlib
Enumerator__ctor_m247851533_AdjustorThunk	System.Void System.Collections.Generic.List`1/Enumerator<System.Int32>::.ctor(System.Collections.Generic.List`1<T>)	mscorlib
Enumerator_System_Collections_IEnumerator_Reset_m502339360_AdjustorThunk	System.Void System.Collections.Generic.List`1/Enumerator<System.Int32>::System.Collections.IEnumerator.Reset()	mscorlib
Enumerator_System_Collections_IEnumerator_get_Current_m323862414_AdjustorThunk	System.Object System.Collections.Generic.List`1/Enumerator<System.Int32>::System.Collections.IEnumerator.get_Current()	mscorlib
Enumerator_Dispose_m222348240_AdjustorThunk	System.Void System.Collections.Generic.List`1/Enumerator<System.Int32>::Dispose()	mscorlib
Enumerator_VerifyState_m1898450050_AdjustorThunk	System.Void System.Collections.Generic.List`1/Enumerator<System.Int32>::VerifyState()	mscorlib
Enumerator_MoveNext_m1131351993_AdjustorThunk	System.Boolean System.Collections.Generic.List`1/Enumerator<System.Int32>::MoveNext()	mscorlib
Enumerator_get_Current_m2734313259_AdjustorThunk	T System.Collections.Generic.List`1/Enumerator<System.Int32>::get_Current()	mscorlib
Enumerator__ctor_m2827156589_AdjustorThunk	System.Void System.Collections.Generic.List`1/Enumerator<System.Reflection.CustomAttributeNamedArgument>::.ctor(System.Collections.Generic.List`1<T>)	mscorlib
Enumerator_System_Collections_IEnumerator_Reset_m3610746034_AdjustorThunk	System.Void System.Collections.Generic.List`1/Enumerator<System.Reflection.CustomAttributeNamedArgument>::System.Collections.IEnumerator.Reset()	mscorlib
Enumerator_System_Collections_IEnumerator_get_Current_m472556657_AdjustorThunk	System.Object System.Collections.Generic.List`1/Enumerator<System.Reflection.CustomAttributeNamedArgument>::System.Collections.IEnumerator.get_Current()	mscorlib
Enumerator_Dispose_m432485268_AdjustorThunk	System.Void System.Collections.Generic.List`1/Enumerator<System.Reflection.CustomAttributeNamedArgument>::Dispose()	mscorlib
Enumerator_VerifyState_m3047769867_AdjustorThunk	System.Void System.Collections.Generic.List`1/Enumerator<System.Reflection.CustomAttributeNamedArgument>::VerifyState()	mscorlib
Enumerator_MoveNext_m2114485647_AdjustorThunk	System.Boolean System.Collections.Generic.List`1/Enumerator<System.Reflection.CustomAttributeNamedArgument>::MoveNext()	mscorlib
Enumerator_get_Current_m3555772703_AdjustorThunk	T System.Collections.Generic.List`1/Enumerator<System.Reflection.CustomAttributeNamedArgument>::get_Current()	mscorlib
Enumerator__ctor_m38713095_AdjustorThunk	System.Void System.Collections.Generic.List`1/Enumerator<System.Reflection.CustomAttributeTypedArgument>::.ctor(System.Collections.Generic.List`1<T>)	mscorlib
Enumerator_System_Collections_IEnumerator_Reset_m2011433533_AdjustorThunk	System.Void System.Collections.Generic.List`1/Enumerator<System.Reflection.CustomAttributeTypedArgument>::System.Collections.IEnumerator.Reset()	mscorlib
Enumerator_System_Collections_IEnumerator_get_Current_m99543139_AdjustorThunk	System.Object System.Collections.Generic.List`1/Enumerator<System.Reflection.CustomAttributeTypedArgument>::System.Collections.IEnumerator.get_Current()	mscorlib
Enumerator_Dispose_m3500272053_AdjustorThunk	System.Void System.Collections.Generic.List`1/Enumerator<System.Reflection.CustomAttributeTypedArgument>::Dispose()	mscorlib
Enumerator_VerifyState_m365637154_AdjustorThunk	System.Void System.Collections.Generic.List`1/Enumerator<System.Reflection.CustomAttributeTypedArgument>::VerifyState()	mscorlib
Enumerator_MoveNext_m2380875470_AdjustorThunk	System.Boolean System.Collections.Generic.List`1/Enumerator<System.Reflection.CustomAttributeTypedArgument>::MoveNext()	mscorlib
Enumerator_get_Current_m335492761_AdjustorThunk	T System.Collections.Generic.List`1/Enumerator<System.Reflection.CustomAttributeTypedArgument>::get_Current()	mscorlib
Enumerator__ctor_m504791950_AdjustorThunk	System.Void System.Collections.Generic.List`1/Enumerator<UnityEngine.BeforeRenderHelper/OrderBlock>::.ctor(System.Collections.Generic.List`1<T>)	mscorlib
Enumerator_System_Collections_IEnumerator_Reset_m144072597_AdjustorThunk	System.Void System.Collections.Generic.List`1/Enumerator<UnityEngine.BeforeRenderHelper/OrderBlock>::System.Collections.IEnumerator.Reset()	mscorlib
Enumerator_System_Collections_IEnumerator_get_Current_m713684915_AdjustorThunk	System.Object System.Collections.Generic.List`1/Enumerator<UnityEngine.BeforeRenderHelper/OrderBlock>::System.Collections.IEnumerator.get_Current()	mscorlib
Enumerator_Dispose_m786980821_AdjustorThunk	System.Void System.Collections.Generic.List`1/Enumerator<UnityEngine.BeforeRenderHelper/OrderBlock>::Dispose()	mscorlib
Enumerator_VerifyState_m2040988550_AdjustorThunk	System.Void System.Collections.Generic.List`1/Enumerator<UnityEngine.BeforeRenderHelper/OrderBlock>::VerifyState()	mscorlib
Enumerator_MoveNext_m1177880931_AdjustorThunk	System.Boolean System.Collections.Generic.List`1/Enumerator<UnityEngine.BeforeRenderHelper/OrderBlock>::MoveNext()	mscorlib
Enumerator_get_Current_m2468920150_AdjustorThunk	T System.Collections.Generic.List`1/Enumerator<UnityEngine.BeforeRenderHelper/OrderBlock>::get_Current()	mscorlib
Enumerator__ctor_m40451936_AdjustorThunk	System.Void System.Collections.Generic.List`1/Enumerator<UnityEngine.Color32>::.ctor(System.Collections.Generic.List`1<T>)	mscorlib
Enumerator_System_Collections_IEnumerator_Reset_m361915779_AdjustorThunk	System.Void System.Collections.Generic.List`1/Enumerator<UnityEngine.Color32>::System.Collections.IEnumerator.Reset()	mscorlib
Enumerator_System_Collections_IEnumerator_get_Current_m2339378585_AdjustorThunk	System.Object System.Collections.Generic.List`1/Enumerator<UnityEngine.Color32>::System.Collections.IEnumerator.get_Current()	mscorlib
Enumerator_Dispose_m951715887_AdjustorThunk	System.Void System.Collections.Generic.List`1/Enumerator<UnityEngine.Color32>::Dispose()	mscorlib
Enumerator_VerifyState_m2621680056_AdjustorThunk	System.Void System.Collections.Generic.List`1/Enumerator<UnityEngine.Color32>::VerifyState()	mscorlib
Enumerator_MoveNext_m2407049913_AdjustorThunk	System.Boolean System.Collections.Generic.List`1/Enumerator<UnityEngine.Color32>::MoveNext()	mscorlib
Enumerator_get_Current_m2808660251_AdjustorThunk	T System.Collections.Generic.List`1/Enumerator<UnityEngine.Color32>::get_Current()	mscorlib
Enumerator__ctor_m378707842_AdjustorThunk	System.Void System.Collections.Generic.List`1/Enumerator<UnityEngine.EventSystems.RaycastResult>::.ctor(System.Collections.Generic.List`1<T>)	mscorlib
Enumerator_System_Collections_IEnumerator_Reset_m3057416204_AdjustorThunk	System.Void System.Collections.Generic.List`1/Enumerator<UnityEngine.EventSystems.RaycastResult>::System.Collections.IEnumerator.Reset()	mscorlib
Enumerator_System_Collections_IEnumerator_get_Current_m3405349194_AdjustorThunk	System.Object System.Collections.Generic.List`1/Enumerator<UnityEngine.EventSystems.RaycastResult>::System.Collections.IEnumerator.get_Current()	mscorlib
Enumerator_Dispose_m2531396701_AdjustorThunk	System.Void System.Collections.Generic.List`1/Enumerator<UnityEngine.EventSystems.RaycastResult>::Dispose()	mscorlib
Enumerator_VerifyState_m169680537_AdjustorThunk	System.Void System.Collections.Generic.List`1/Enumerator<UnityEngine.EventSystems.RaycastResult>::VerifyState()	mscorlib
Enumerator_MoveNext_m1562562514_AdjustorThunk	System.Boolean System.Collections.Generic.List`1/Enumerator<UnityEngine.EventSystems.RaycastResult>::MoveNext()	mscorlib
Enumerator_get_Current_m530189328_AdjustorThunk	T System.Collections.Generic.List`1/Enumerator<UnityEngine.EventSystems.RaycastResult>::get_Current()	mscorlib
Enumerator__ctor_m3431458266_AdjustorThunk	System.Void System.Collections.Generic.List`1/Enumerator<UnityEngine.UICharInfo>::.ctor(System.Collections.Generic.List`1<T>)	mscorlib
Enumerator_System_Collections_IEnumerator_Reset_m2915500989_AdjustorThunk	System.Void System.Collections.Generic.List`1/Enumerator<UnityEngine.UICharInfo>::System.Collections.IEnumerator.Reset()	mscorlib
Enumerator_System_Collections_IEnumerator_get_Current_m1643543708_AdjustorThunk	System.Object System.Collections.Generic.List`1/Enumerator<UnityEngine.UICharInfo>::System.Collections.IEnumerator.get_Current()	mscorlib
Enumerator_Dispose_m2173500881_AdjustorThunk	System.Void System.Collections.Generic.List`1/Enumerator<UnityEngine.UICharInfo>::Dispose()	mscorlib
Enumerator_VerifyState_m3505660202_AdjustorThunk	System.Void System.Collections.Generic.List`1/Enumerator<UnityEngine.UICharInfo>::VerifyState()	mscorlib
Enumerator_MoveNext_m4018122760_AdjustorThunk	System.Boolean System.Collections.Generic.List`1/Enumerator<UnityEngine.UICharInfo>::MoveNext()	mscorlib
Enumerator_get_Current_m535320420_AdjustorThunk	T System.Collections.Generic.List`1/Enumerator<UnityEngine.UICharInfo>::get_Current()	mscorlib
Enumerator__ctor_m3300941814_AdjustorThunk	System.Void System.Collections.Generic.List`1/Enumerator<UnityEngine.UILineInfo>::.ctor(System.Collections.Generic.List`1<T>)	mscorlib
Enumerator_System_Collections_IEnumerator_Reset_m2747590098_AdjustorThunk	System.Void System.Collections.Generic.List`1/Enumerator<UnityEngine.UILineInfo>::System.Collections.IEnumerator.Reset()	mscorlib
Enumerator_System_Collections_IEnumerator_get_Current_m2713159350_AdjustorThunk	System.Object System.Collections.Generic.List`1/Enumerator<UnityEngine.UILineInfo>::System.Collections.IEnumerator.get_Current()	mscorlib
Enumerator_Dispose_m3432036959_AdjustorThunk	System.Void System.Collections.Generic.List`1/Enumerator<UnityEngine.UILineInfo>::Dispose()	mscorlib
Enumerator_VerifyState_m2873941769_AdjustorThunk	System.Void System.Collections.Generic.List`1/Enumerator<UnityEngine.UILineInfo>::VerifyState()	mscorlib
Enumerator_MoveNext_m1446151600_AdjustorThunk	System.Boolean System.Collections.Generic.List`1/Enumerator<UnityEngine.UILineInfo>::MoveNext()	mscorlib
Enumerator_get_Current_m3382684163_AdjustorThunk	T System.Collections.Generic.List`1/Enumerator<UnityEngine.UILineInfo>::get_Current()	mscorlib
Enumerator__ctor_m2029608698_AdjustorThunk	System.Void System.Collections.Generic.List`1/Enumerator<UnityEngine.UIVertex>::.ctor(System.Collections.Generic.List`1<T>)	mscorlib
Enumerator_System_Collections_IEnumerator_Reset_m2355925297_AdjustorThunk	System.Void System.Collections.Generic.List`1/Enumerator<UnityEngine.UIVertex>::System.Collections.IEnumerator.Reset()	mscorlib
Enumerator_System_Collections_IEnumerator_get_Current_m3594024719_AdjustorThunk	System.Object System.Collections.Generic.List`1/Enumerator<UnityEngine.UIVertex>::System.Collections.IEnumerator.get_Current()	mscorlib
Enumerator_Dispose_m2498245804_AdjustorThunk	System.Void System.Collections.Generic.List`1/Enumerator<UnityEngine.UIVertex>::Dispose()	mscorlib
Enumerator_VerifyState_m1745883925_AdjustorThunk	System.Void System.Collections.Generic.List`1/Enumerator<UnityEngine.UIVertex>::VerifyState()	mscorlib
Enumerator_MoveNext_m29052175_AdjustorThunk	System.Boolean System.Collections.Generic.List`1/Enumerator<UnityEngine.UIVertex>::MoveNext()	mscorlib
Enumerator_get_Current_m2538493517_AdjustorThunk	T System.Collections.Generic.List`1/Enumerator<UnityEngine.UIVertex>::get_Current()	mscorlib
Enumerator__ctor_m3875432026_AdjustorThunk	System.Void System.Collections.Generic.List`1/Enumerator<UnityEngine.Vector2>::.ctor(System.Collections.Generic.List`1<T>)	mscorlib
Enumerator_System_Collections_IEnumerator_Reset_m688431936_AdjustorThunk	System.Void System.Collections.Generic.List`1/Enumerator<UnityEngine.Vector2>::System.Collections.IEnumerator.Reset()	mscorlib
Enumerator_System_Collections_IEnumerator_get_Current_m1540440674_AdjustorThunk	System.Object System.Collections.Generic.List`1/Enumerator<UnityEngine.Vector2>::System.Collections.IEnumerator.get_Current()	mscorlib
Enumerator_Dispose_m2367629053_AdjustorThunk	System.Void System.Collections.Generic.List`1/Enumerator<UnityEngine.Vector2>::Dispose()	mscorlib
Enumerator_VerifyState_m3480781591_AdjustorThunk	System.Void System.Collections.Generic.List`1/Enumerator<UnityEngine.Vector2>::VerifyState()	mscorlib
Enumerator_MoveNext_m2595190390_AdjustorThunk	System.Boolean System.Collections.Generic.List`1/Enumerator<UnityEngine.Vector2>::MoveNext()	mscorlib
Enumerator_get_Current_m1292806972_AdjustorThunk	T System.Collections.Generic.List`1/Enumerator<UnityEngine.Vector2>::get_Current()	mscorlib
Enumerator__ctor_m3751722449_AdjustorThunk	System.Void System.Collections.Generic.List`1/Enumerator<UnityEngine.Vector3>::.ctor(System.Collections.Generic.List`1<T>)	mscorlib
Enumerator_System_Collections_IEnumerator_Reset_m2953002685_AdjustorThunk	System.Void System.Collections.Generic.List`1/Enumerator<UnityEngine.Vector3>::System.Collections.IEnumerator.Reset()	mscorlib
Enumerator_System_Collections_IEnumerator_get_Current_m506196216_AdjustorThunk	System.Object System.Collections.Generic.List`1/Enumerator<UnityEngine.Vector3>::System.Collections.IEnumerator.get_Current()	mscorlib
Enumerator_Dispose_m2367589020_AdjustorThunk	System.Void System.Collections.Generic.List`1/Enumerator<UnityEngine.Vector3>::Dispose()	mscorlib
Enumerator_VerifyState_m3479732886_AdjustorThunk	System.Void System.Collections.Generic.List`1/Enumerator<UnityEngine.Vector3>::VerifyState()	mscorlib
Enumerator_MoveNext_m3859993671_AdjustorThunk	System.Boolean System.Collections.Generic.List`1/Enumerator<UnityEngine.Vector3>::MoveNext()	mscorlib
Enumerator_get_Current_m935201963_AdjustorThunk	T System.Collections.Generic.List`1/Enumerator<UnityEngine.Vector3>::get_Current()	mscorlib
Enumerator__ctor_m1346728491_AdjustorThunk	System.Void System.Collections.Generic.List`1/Enumerator<UnityEngine.Vector4>::.ctor(System.Collections.Generic.List`1<T>)	mscorlib
Enumerator_System_Collections_IEnumerator_Reset_m3754523291_AdjustorThunk	System.Void System.Collections.Generic.List`1/Enumerator<UnityEngine.Vector4>::System.Collections.IEnumerator.Reset()	mscorlib
Enumerator_System_Collections_IEnumerator_get_Current_m209407522_AdjustorThunk	System.Object System.Collections.Generic.List`1/Enumerator<UnityEngine.Vector4>::System.Collections.IEnumerator.get_Current()	mscorlib
Enumerator_Dispose_m2367983719_AdjustorThunk	System.Void System.Collections.Generic.List`1/Enumerator<UnityEngine.Vector4>::Dispose()	mscorlib
Enumerator_VerifyState_m3474272061_AdjustorThunk	System.Void System.Collections.Generic.List`1/Enumerator<UnityEngine.Vector4>::VerifyState()	mscorlib
Enumerator_MoveNext_m625797905_AdjustorThunk	System.Boolean System.Collections.Generic.List`1/Enumerator<UnityEngine.Vector4>::MoveNext()	mscorlib
Enumerator_get_Current_m1210327282_AdjustorThunk	T System.Collections.Generic.List`1/Enumerator<UnityEngine.Vector4>::get_Current()	mscorlib
List_1__ctor_m455321403_gshared	System.Void System.Collections.Generic.List`1<System.Int32>::.ctor(System.Int32)	mscorlib
List_1__cctor_m166677710_gshared	System.Void System.Collections.Generic.List`1<System.Int32>::.cctor()	mscorlib
List_1_System_Collections_Generic_IEnumerableU3CTU3E_GetEnumerator_m944444416_gshared	System.Collections.Generic.IEnumerator`1<T> System.Collections.Generic.List`1<System.Int32>::System.Collections.Generic.IEnumerable<T>.GetEnumerator()	mscorlib
List_1_System_Collections_ICollection_CopyTo_m2580049792_gshared	System.Void System.Collections.Generic.List`1<System.Int32>::System.Collections.ICollection.CopyTo(System.Array,System.Int32)	mscorlib
List_1_System_Collections_IEnumerable_GetEnumerator_m1349872431_gshared	System.Collections.IEnumerator System.Collections.Generic.List`1<System.Int32>::System.Collections.IEnumerable.GetEnumerator()	mscorlib
List_1_System_Collections_IList_Add_m2937161398_gshared	System.Int32 System.Collections.Generic.List`1<System.Int32>::System.Collections.IList.Add(System.Object)	mscorlib
List_1_System_Collections_IList_Contains_m1589983065_gshared	System.Boolean System.Collections.Generic.List`1<System.Int32>::System.Collections.IList.Contains(System.Object)	mscorlib
List_1_System_Collections_IList_IndexOf_m2639498653_gshared	System.Int32 System.Collections.Generic.List`1<System.Int32>::System.Collections.IList.IndexOf(System.Object)	mscorlib
List_1_System_Collections_IList_Insert_m311779115_gshared	System.Void System.Collections.Generic.List`1<System.Int32>::System.Collections.IList.Insert(System.Int32,System.Object)	mscorlib
List_1_System_Collections_IList_Remove_m1387005937_gshared	System.Void System.Collections.Generic.List`1<System.Int32>::System.Collections.IList.Remove(System.Object)	mscorlib
List_1_System_Collections_Generic_ICollectionU3CTU3E_get_IsReadOnly_m211142668_gshared	System.Boolean System.Collections.Generic.List`1<System.Int32>::System.Collections.Generic.ICollection<T>.get_IsReadOnly()	mscorlib
List_1_System_Collections_ICollection_get_IsSynchronized_m446895101_gshared	System.Boolean System.Collections.Generic.List`1<System.Int32>::System.Collections.ICollection.get_IsSynchronized()	mscorlib
List_1_System_Collections_ICollection_get_SyncRoot_m1990178029_gshared	System.Object System.Collections.Generic.List`1<System.Int32>::System.Collections.ICollection.get_SyncRoot()	mscorlib
List_1_System_Collections_IList_get_IsFixedSize_m3513290126_gshared	System.Boolean System.Collections.Generic.List`1<System.Int32>::System.Collections.IList.get_IsFixedSize()	mscorlib
List_1_System_Collections_IList_get_IsReadOnly_m1276742490_gshared	System.Boolean System.Collections.Generic.List`1<System.Int32>::System.Collections.IList.get_IsReadOnly()	mscorlib
List_1_System_Collections_IList_get_Item_m2281462459_gshared	System.Object System.Collections.Generic.List`1<System.Int32>::System.Collections.IList.get_Item(System.Int32)	mscorlib
List_1_System_Collections_IList_set_Item_m1630334217_gshared	System.Void System.Collections.Generic.List`1<System.Int32>::System.Collections.IList.set_Item(System.Int32,System.Object)	mscorlib
List_1_GrowIfNeeded_m3995321682_gshared	System.Void System.Collections.Generic.List`1<System.Int32>::GrowIfNeeded(System.Int32)	mscorlib
List_1_AddCollection_m4102468168_gshared	System.Void System.Collections.Generic.List`1<System.Int32>::AddCollection(System.Collections.Generic.ICollection`1<T>)	mscorlib
List_1_AddEnumerable_m376418521_gshared	System.Void System.Collections.Generic.List`1<System.Int32>::AddEnumerable(System.Collections.Generic.IEnumerable`1<T>)	mscorlib
List_1_AsReadOnly_m1906900853_gshared	System.Collections.ObjectModel.ReadOnlyCollection`1<T> System.Collections.Generic.List`1<System.Int32>::AsReadOnly()	mscorlib
List_1_Contains_m2221078122_gshared	System.Boolean System.Collections.Generic.List`1<System.Int32>::Contains(T)	mscorlib
List_1_CopyTo_m1179971159_gshared	System.Void System.Collections.Generic.List`1<System.Int32>::CopyTo(T[],System.Int32)	mscorlib
List_1_Find_m2990849002_gshared	T System.Collections.Generic.List`1<System.Int32>::Find(System.Predicate`1<T>)	mscorlib
List_1_CheckMatch_m1934407508_gshared	System.Void System.Collections.Generic.List`1<System.Int32>::CheckMatch(System.Predicate`1<T>)	mscorlib
List_1_GetIndex_m2300811709_gshared	System.Int32 System.Collections.Generic.List`1<System.Int32>::GetIndex(System.Int32,System.Int32,System.Predicate`1<T>)	mscorlib
List_1_GetEnumerator_m239622569_gshared	System.Collections.Generic.List`1/Enumerator<T> System.Collections.Generic.List`1<System.Int32>::GetEnumerator()	mscorlib
List_1_IndexOf_m168289829_gshared	System.Int32 System.Collections.Generic.List`1<System.Int32>::IndexOf(T)	mscorlib
List_1_Shift_m116957613_gshared	System.Void System.Collections.Generic.List`1<System.Int32>::Shift(System.Int32,System.Int32)	mscorlib
List_1_CheckIndex_m581273900_gshared	System.Void System.Collections.Generic.List`1<System.Int32>::CheckIndex(System.Int32)	mscorlib
List_1_Insert_m4050947056_gshared	System.Void System.Collections.Generic.List`1<System.Int32>::Insert(System.Int32,T)	mscorlib
List_1_CheckCollection_m1671972112_gshared	System.Void System.Collections.Generic.List`1<System.Int32>::CheckCollection(System.Collections.Generic.IEnumerable`1<T>)	mscorlib
List_1_RemoveAll_m517055598_gshared	System.Int32 System.Collections.Generic.List`1<System.Int32>::RemoveAll(System.Predicate`1<T>)	mscorlib
List_1_RemoveAt_m3722559929_gshared	System.Void System.Collections.Generic.List`1<System.Int32>::RemoveAt(System.Int32)	mscorlib
List_1_Reverse_m3551828919_gshared	System.Void System.Collections.Generic.List`1<System.Int32>::Reverse()	mscorlib
List_1_Sort_m3734202732_gshared	System.Void System.Collections.Generic.List`1<System.Int32>::Sort()	mscorlib
List_1_Sort_m747146754_gshared	System.Void System.Collections.Generic.List`1<System.Int32>::Sort(System.Comparison`1<T>)	mscorlib
List_1_ToArray_m1469074435_gshared	T[] System.Collections.Generic.List`1<System.Int32>::ToArray()	mscorlib
List_1_TrimExcess_m4121641494_gshared	System.Void System.Collections.Generic.List`1<System.Int32>::TrimExcess()	mscorlib
List_1_get_Capacity_m726594701_gshared	System.Int32 System.Collections.Generic.List`1<System.Int32>::get_Capacity()	mscorlib
List_1_set_Capacity_m633932610_gshared	System.Void System.Collections.Generic.List`1<System.Int32>::set_Capacity(System.Int32)	mscorlib
List_1_get_Item_m1388907255_gshared	T System.Collections.Generic.List`1<System.Int32>::get_Item(System.Int32)	mscorlib
List_1_set_Item_m2462596896_gshared	System.Void System.Collections.Generic.List`1<System.Int32>::set_Item(System.Int32,T)	mscorlib
List_1__ctor_m1900212955_gshared	System.Void System.Collections.Generic.List`1<System.Reflection.CustomAttributeNamedArgument>::.ctor()	mscorlib
List_1__ctor_m1643848940_gshared	System.Void System.Collections.Generic.List`1<System.Reflection.CustomAttributeNamedArgument>::.ctor(System.Int32)	mscorlib
List_1__cctor_m17934450_gshared	System.Void System.Collections.Generic.List`1<System.Reflection.CustomAttributeNamedArgument>::.cctor()	mscorlib
List_1_System_Collections_Generic_IEnumerableU3CTU3E_GetEnumerator_m1290144422_gshared	System.Collections.Generic.IEnumerator`1<T> System.Collections.Generic.List`1<System.Reflection.CustomAttributeNamedArgument>::System.Collections.Generic.IEnumerable<T>.GetEnumerator()	mscorlib
List_1_System_Collections_ICollection_CopyTo_m2661934648_gshared	System.Void System.Collections.Generic.List`1<System.Reflection.CustomAttributeNamedArgument>::System.Collections.ICollection.CopyTo(System.Array,System.Int32)	mscorlib
List_1_System_Collections_IEnumerable_GetEnumerator_m3790284976_gshared	System.Collections.IEnumerator System.Collections.Generic.List`1<System.Reflection.CustomAttributeNamedArgument>::System.Collections.IEnumerable.GetEnumerator()	mscorlib
List_1_System_Collections_IList_Add_m2639763389_gshared	System.Int32 System.Collections.Generic.List`1<System.Reflection.CustomAttributeNamedArgument>::System.Collections.IList.Add(System.Object)	mscorlib
List_1_System_Collections_IList_Contains_m727430316_gshared	System.Boolean System.Collections.Generic.List`1<System.Reflection.CustomAttributeNamedArgument>::System.Collections.IList.Contains(System.Object)	mscorlib
List_1_System_Collections_IList_IndexOf_m4100890708_gshared	System.Int32 System.Collections.Generic.List`1<System.Reflection.CustomAttributeNamedArgument>::System.Collections.IList.IndexOf(System.Object)	mscorlib
List_1_System_Collections_IList_Insert_m491758941_gshared	System.Void System.Collections.Generic.List`1<System.Reflection.CustomAttributeNamedArgument>::System.Collections.IList.Insert(System.Int32,System.Object)	mscorlib
List_1_System_Collections_IList_Remove_m3563136224_gshared	System.Void System.Collections.Generic.List`1<System.Reflection.CustomAttributeNamedArgument>::System.Collections.IList.Remove(System.Object)	mscorlib
List_1_System_Collections_Generic_ICollectionU3CTU3E_get_IsReadOnly_m507350231_gshared	System.Boolean System.Collections.Generic.List`1<System.Reflection.CustomAttributeNamedArgument>::System.Collections.Generic.ICollection<T>.get_IsReadOnly()	mscorlib
List_1_System_Collections_ICollection_get_IsSynchronized_m423384850_gshared	System.Boolean System.Collections.Generic.List`1<System.Reflection.CustomAttributeNamedArgument>::System.Collections.ICollection.get_IsSynchronized()	mscorlib
List_1_System_Collections_ICollection_get_SyncRoot_m314215814_gshared	System.Object System.Collections.Generic.List`1<System.Reflection.CustomAttributeNamedArgument>::System.Collections.ICollection.get_SyncRoot()	mscorlib
List_1_System_Collections_IList_get_IsFixedSize_m636235037_gshared	System.Boolean System.Collections.Generic.List`1<System.Reflection.CustomAttributeNamedArgument>::System.Collections.IList.get_IsFixedSize()	mscorlib
List_1_System_Collections_IList_get_IsReadOnly_m1738709144_gshared	System.Boolean System.Collections.Generic.List`1<System.Reflection.CustomAttributeNamedArgument>::System.Collections.IList.get_IsReadOnly()	mscorlib
List_1_System_Collections_IList_get_Item_m4173311438_gshared	System.Object System.Collections.Generic.List`1<System.Reflection.CustomAttributeNamedArgument>::System.Collections.IList.get_Item(System.Int32)	mscorlib
List_1_System_Collections_IList_set_Item_m1300975344_gshared	System.Void System.Collections.Generic.List`1<System.Reflection.CustomAttributeNamedArgument>::System.Collections.IList.set_Item(System.Int32,System.Object)	mscorlib
List_1_Add_m50678797_gshared	System.Void System.Collections.Generic.List`1<System.Reflection.CustomAttributeNamedArgument>::Add(T)	mscorlib
List_1_GrowIfNeeded_m4154055598_gshared	System.Void System.Collections.Generic.List`1<System.Reflection.CustomAttributeNamedArgument>::GrowIfNeeded(System.Int32)	mscorlib
List_1_AddCollection_m3915275295_gshared	System.Void System.Collections.Generic.List`1<System.Reflection.CustomAttributeNamedArgument>::AddCollection(System.Collections.Generic.ICollection`1<T>)	mscorlib
List_1_AddEnumerable_m2717540650_gshared	System.Void System.Collections.Generic.List`1<System.Reflection.CustomAttributeNamedArgument>::AddEnumerable(System.Collections.Generic.IEnumerable`1<T>)	mscorlib
List_1_AddRange_m3895130976_gshared	System.Void System.Collections.Generic.List`1<System.Reflection.CustomAttributeNamedArgument>::AddRange(System.Collections.Generic.IEnumerable`1<T>)	mscorlib
List_1_AsReadOnly_m2775507336_gshared	System.Collections.ObjectModel.ReadOnlyCollection`1<T> System.Collections.Generic.List`1<System.Reflection.CustomAttributeNamedArgument>::AsReadOnly()	mscorlib
List_1_Clear_m1070346835_gshared	System.Void System.Collections.Generic.List`1<System.Reflection.CustomAttributeNamedArgument>::Clear()	mscorlib
List_1_Contains_m56464131_gshared	System.Boolean System.Collections.Generic.List`1<System.Reflection.CustomAttributeNamedArgument>::Contains(T)	mscorlib
List_1_CopyTo_m2471227844_gshared	System.Void System.Collections.Generic.List`1<System.Reflection.CustomAttributeNamedArgument>::CopyTo(T[],System.Int32)	mscorlib
List_1_Find_m3760796555_gshared	T System.Collections.Generic.List`1<System.Reflection.CustomAttributeNamedArgument>::Find(System.Predicate`1<T>)	mscorlib
List_1_CheckMatch_m3711947250_gshared	System.Void System.Collections.Generic.List`1<System.Reflection.CustomAttributeNamedArgument>::CheckMatch(System.Predicate`1<T>)	mscorlib
List_1_GetIndex_m493739323_gshared	System.Int32 System.Collections.Generic.List`1<System.Reflection.CustomAttributeNamedArgument>::GetIndex(System.Int32,System.Int32,System.Predicate`1<T>)	mscorlib
List_1_GetEnumerator_m730414427_gshared	System.Collections.Generic.List`1/Enumerator<T> System.Collections.Generic.List`1<System.Reflection.CustomAttributeNamedArgument>::GetEnumerator()	mscorlib
List_1_IndexOf_m2206067159_gshared	System.Int32 System.Collections.Generic.List`1<System.Reflection.CustomAttributeNamedArgument>::IndexOf(T)	mscorlib
List_1_Shift_m256733892_gshared	System.Void System.Collections.Generic.List`1<System.Reflection.CustomAttributeNamedArgument>::Shift(System.Int32,System.Int32)	mscorlib
List_1_CheckIndex_m2236189757_gshared	System.Void System.Collections.Generic.List`1<System.Reflection.CustomAttributeNamedArgument>::CheckIndex(System.Int32)	mscorlib
List_1_Insert_m3987412300_gshared	System.Void System.Collections.Generic.List`1<System.Reflection.CustomAttributeNamedArgument>::Insert(System.Int32,T)	mscorlib
List_1_CheckCollection_m2602703205_gshared	System.Void System.Collections.Generic.List`1<System.Reflection.CustomAttributeNamedArgument>::CheckCollection(System.Collections.Generic.IEnumerable`1<T>)	mscorlib
List_1_Remove_m2378727974_gshared	System.Boolean System.Collections.Generic.List`1<System.Reflection.CustomAttributeNamedArgument>::Remove(T)	mscorlib
List_1_RemoveAll_m483761082_gshared	System.Int32 System.Collections.Generic.List`1<System.Reflection.CustomAttributeNamedArgument>::RemoveAll(System.Predicate`1<T>)	mscorlib
List_1_RemoveAt_m1928917683_gshared	System.Void System.Collections.Generic.List`1<System.Reflection.CustomAttributeNamedArgument>::RemoveAt(System.Int32)	mscorlib
List_1_Reverse_m3835642415_gshared	System.Void System.Collections.Generic.List`1<System.Reflection.CustomAttributeNamedArgument>::Reverse()	mscorlib
List_1_Sort_m850269857_gshared	System.Void System.Collections.Generic.List`1<System.Reflection.CustomAttributeNamedArgument>::Sort()	mscorlib
List_1_Sort_m2418248216_gshared	System.Void System.Collections.Generic.List`1<System.Reflection.CustomAttributeNamedArgument>::Sort(System.Comparison`1<T>)	mscorlib
List_1_ToArray_m2860284581_gshared	T[] System.Collections.Generic.List`1<System.Reflection.CustomAttributeNamedArgument>::ToArray()	mscorlib
List_1_TrimExcess_m440552561_gshared	System.Void System.Collections.Generic.List`1<System.Reflection.CustomAttributeNamedArgument>::TrimExcess()	mscorlib
List_1_get_Capacity_m395130932_gshared	System.Int32 System.Collections.Generic.List`1<System.Reflection.CustomAttributeNamedArgument>::get_Capacity()	mscorlib
List_1_set_Capacity_m2050533548_gshared	System.Void System.Collections.Generic.List`1<System.Reflection.CustomAttributeNamedArgument>::set_Capacity(System.Int32)	mscorlib
List_1_get_Count_m241572196_gshared	System.Int32 System.Collections.Generic.List`1<System.Reflection.CustomAttributeNamedArgument>::get_Count()	mscorlib
List_1_get_Item_m2963311236_gshared	T System.Collections.Generic.List`1<System.Reflection.CustomAttributeNamedArgument>::get_Item(System.Int32)	mscorlib
List_1_set_Item_m3289315279_gshared	System.Void System.Collections.Generic.List`1<System.Reflection.CustomAttributeNamedArgument>::set_Item(System.Int32,T)	mscorlib
List_1__ctor_m925564854_gshared	System.Void System.Collections.Generic.List`1<System.Reflection.CustomAttributeTypedArgument>::.ctor()	mscorlib
List_1__ctor_m3395838871_gshared	System.Void System.Collections.Generic.List`1<System.Reflection.CustomAttributeTypedArgument>::.ctor(System.Int32)	mscorlib
List_1__cctor_m3976119769_gshared	System.Void System.Collections.Generic.List`1<System.Reflection.CustomAttributeTypedArgument>::.cctor()	mscorlib
List_1_System_Collections_Generic_IEnumerableU3CTU3E_GetEnumerator_m1081167224_gshared	System.Collections.Generic.IEnumerator`1<T> System.Collections.Generic.List`1<System.Reflection.CustomAttributeTypedArgument>::System.Collections.Generic.IEnumerable<T>.GetEnumerator()	mscorlib
List_1_System_Collections_ICollection_CopyTo_m3884269644_gshared	System.Void System.Collections.Generic.List`1<System.Reflection.CustomAttributeTypedArgument>::System.Collections.ICollection.CopyTo(System.Array,System.Int32)	mscorlib
List_1_System_Collections_IEnumerable_GetEnumerator_m839737540_gshared	System.Collections.IEnumerator System.Collections.Generic.List`1<System.Reflection.CustomAttributeTypedArgument>::System.Collections.IEnumerable.GetEnumerator()	mscorlib
List_1_System_Collections_IList_Add_m634558835_gshared	System.Int32 System.Collections.Generic.List`1<System.Reflection.CustomAttributeTypedArgument>::System.Collections.IList.Add(System.Object)	mscorlib
List_1_System_Collections_IList_Contains_m776542980_gshared	System.Boolean System.Collections.Generic.List`1<System.Reflection.CustomAttributeTypedArgument>::System.Collections.IList.Contains(System.Object)	mscorlib
List_1_System_Collections_IList_IndexOf_m978373838_gshared	System.Int32 System.Collections.Generic.List`1<System.Reflection.CustomAttributeTypedArgument>::System.Collections.IList.IndexOf(System.Object)	mscorlib
List_1_System_Collections_IList_Insert_m1011775503_gshared	System.Void System.Collections.Generic.List`1<System.Reflection.CustomAttributeTypedArgument>::System.Collections.IList.Insert(System.Int32,System.Object)	mscorlib
List_1_System_Collections_IList_Remove_m3654336679_gshared	System.Void System.Collections.Generic.List`1<System.Reflection.CustomAttributeTypedArgument>::System.Collections.IList.Remove(System.Object)	mscorlib
List_1_System_Collections_Generic_ICollectionU3CTU3E_get_IsReadOnly_m1579067383_gshared	System.Boolean System.Collections.Generic.List`1<System.Reflection.CustomAttributeTypedArgument>::System.Collections.Generic.ICollection<T>.get_IsReadOnly()	mscorlib
List_1_System_Collections_ICollection_get_IsSynchronized_m2910280534_gshared	System.Boolean System.Collections.Generic.List`1<System.Reflection.CustomAttributeTypedArgument>::System.Collections.ICollection.get_IsSynchronized()	mscorlib
List_1_System_Collections_ICollection_get_SyncRoot_m312891916_gshared	System.Object System.Collections.Generic.List`1<System.Reflection.CustomAttributeTypedArgument>::System.Collections.ICollection.get_SyncRoot()	mscorlib
List_1_System_Collections_IList_get_IsFixedSize_m1752888098_gshared	System.Boolean System.Collections.Generic.List`1<System.Reflection.CustomAttributeTypedArgument>::System.Collections.IList.get_IsFixedSize()	mscorlib
List_1_System_Collections_IList_get_IsReadOnly_m833464908_gshared	System.Boolean System.Collections.Generic.List`1<System.Reflection.CustomAttributeTypedArgument>::System.Collections.IList.get_IsReadOnly()	mscorlib
List_1_System_Collections_IList_get_Item_m1112579679_gshared	System.Object System.Collections.Generic.List`1<System.Reflection.CustomAttributeTypedArgument>::System.Collections.IList.get_Item(System.Int32)	mscorlib
List_1_System_Collections_IList_set_Item_m4182383657_gshared	System.Void System.Collections.Generic.List`1<System.Reflection.CustomAttributeTypedArgument>::System.Collections.IList.set_Item(System.Int32,System.Object)	mscorlib
List_1_Add_m238442097_gshared	System.Void System.Collections.Generic.List`1<System.Reflection.CustomAttributeTypedArgument>::Add(T)	mscorlib
List_1_GrowIfNeeded_m2814456867_gshared	System.Void System.Collections.Generic.List`1<System.Reflection.CustomAttributeTypedArgument>::GrowIfNeeded(System.Int32)	mscorlib
List_1_AddCollection_m4263017124_gshared	System.Void System.Collections.Generic.List`1<System.Reflection.CustomAttributeTypedArgument>::AddCollection(System.Collections.Generic.ICollection`1<T>)	mscorlib
List_1_AddEnumerable_m1683884858_gshared	System.Void System.Collections.Generic.List`1<System.Reflection.CustomAttributeTypedArgument>::AddEnumerable(System.Collections.Generic.IEnumerable`1<T>)	mscorlib
List_1_AddRange_m608573534_gshared	System.Void System.Collections.Generic.List`1<System.Reflection.CustomAttributeTypedArgument>::AddRange(System.Collections.Generic.IEnumerable`1<T>)	mscorlib
List_1_AsReadOnly_m2400800347_gshared	System.Collections.ObjectModel.ReadOnlyCollection`1<T> System.Collections.Generic.List`1<System.Reflection.CustomAttributeTypedArgument>::AsReadOnly()	mscorlib
List_1_Clear_m1605451320_gshared	System.Void System.Collections.Generic.List`1<System.Reflection.CustomAttributeTypedArgument>::Clear()	mscorlib
List_1_Contains_m2142069477_gshared	System.Boolean System.Collections.Generic.List`1<System.Reflection.CustomAttributeTypedArgument>::Contains(T)	mscorlib
List_1_CopyTo_m3498957348_gshared	System.Void System.Collections.Generic.List`1<System.Reflection.CustomAttributeTypedArgument>::CopyTo(T[],System.Int32)	mscorlib
List_1_Find_m1073097892_gshared	T System.Collections.Generic.List`1<System.Reflection.CustomAttributeTypedArgument>::Find(System.Predicate`1<T>)	mscorlib
List_1_CheckMatch_m2576660537_gshared	System.Void System.Collections.Generic.List`1<System.Reflection.CustomAttributeTypedArgument>::CheckMatch(System.Predicate`1<T>)	mscorlib
List_1_GetIndex_m937872660_gshared	System.Int32 System.Collections.Generic.List`1<System.Reflection.CustomAttributeTypedArgument>::GetIndex(System.Int32,System.Int32,System.Predicate`1<T>)	mscorlib
List_1_GetEnumerator_m232588170_gshared	System.Collections.Generic.List`1/Enumerator<T> System.Collections.Generic.List`1<System.Reflection.CustomAttributeTypedArgument>::GetEnumerator()	mscorlib
List_1_IndexOf_m3462564334_gshared	System.Int32 System.Collections.Generic.List`1<System.Reflection.CustomAttributeTypedArgument>::IndexOf(T)	mscorlib
List_1_Shift_m2181489697_gshared	System.Void System.Collections.Generic.List`1<System.Reflection.CustomAttributeTypedArgument>::Shift(System.Int32,System.Int32)	mscorlib
List_1_CheckIndex_m2109147658_gshared	System.Void System.Collections.Generic.List`1<System.Reflection.CustomAttributeTypedArgument>::CheckIndex(System.Int32)	mscorlib
List_1_Insert_m2443497440_gshared	System.Void System.Collections.Generic.List`1<System.Reflection.CustomAttributeTypedArgument>::Insert(System.Int32,T)	mscorlib
List_1_CheckCollection_m2118769249_gshared	System.Void System.Collections.Generic.List`1<System.Reflection.CustomAttributeTypedArgument>::CheckCollection(System.Collections.Generic.IEnumerable`1<T>)	mscorlib
List_1_Remove_m183596137_gshared	System.Boolean System.Collections.Generic.List`1<System.Reflection.CustomAttributeTypedArgument>::Remove(T)	mscorlib
List_1_RemoveAll_m4288371132_gshared	System.Int32 System.Collections.Generic.List`1<System.Reflection.CustomAttributeTypedArgument>::RemoveAll(System.Predicate`1<T>)	mscorlib
List_1_RemoveAt_m3459335427_gshared	System.Void System.Collections.Generic.List`1<System.Reflection.CustomAttributeTypedArgument>::RemoveAt(System.Int32)	mscorlib
List_1_Reverse_m4144036584_gshared	System.Void System.Collections.Generic.List`1<System.Reflection.CustomAttributeTypedArgument>::Reverse()	mscorlib
List_1_Sort_m4191140053_gshared	System.Void System.Collections.Generic.List`1<System.Reflection.CustomAttributeTypedArgument>::Sort()	mscorlib
List_1_Sort_m2163953164_gshared	System.Void System.Collections.Generic.List`1<System.Reflection.CustomAttributeTypedArgument>::Sort(System.Comparison`1<T>)	mscorlib
List_1_ToArray_m2949058867_gshared	T[] System.Collections.Generic.List`1<System.Reflection.CustomAttributeTypedArgument>::ToArray()	mscorlib
List_1_TrimExcess_m3433550210_gshared	System.Void System.Collections.Generic.List`1<System.Reflection.CustomAttributeTypedArgument>::TrimExcess()	mscorlib
List_1_get_Capacity_m1564262514_gshared	System.Int32 System.Collections.Generic.List`1<System.Reflection.CustomAttributeTypedArgument>::get_Capacity()	mscorlib
List_1_set_Capacity_m471101908_gshared	System.Void System.Collections.Generic.List`1<System.Reflection.CustomAttributeTypedArgument>::set_Capacity(System.Int32)	mscorlib
List_1_get_Count_m634446588_gshared	System.Int32 System.Collections.Generic.List`1<System.Reflection.CustomAttributeTypedArgument>::get_Count()	mscorlib
List_1_get_Item_m1651423686_gshared	T System.Collections.Generic.List`1<System.Reflection.CustomAttributeTypedArgument>::get_Item(System.Int32)	mscorlib
List_1_set_Item_m4224739467_gshared	System.Void System.Collections.Generic.List`1<System.Reflection.CustomAttributeTypedArgument>::set_Item(System.Int32,T)	mscorlib
List_1__ctor_m1825497879_gshared	System.Void System.Collections.Generic.List`1<UnityEngine.BeforeRenderHelper/OrderBlock>::.ctor(System.Int32)	mscorlib
List_1__cctor_m972674764_gshared	System.Void System.Collections.Generic.List`1<UnityEngine.BeforeRenderHelper/OrderBlock>::.cctor()	mscorlib
List_1_System_Collections_Generic_IEnumerableU3CTU3E_GetEnumerator_m1341656339_gshared	System.Collections.Generic.IEnumerator`1<T> System.Collections.Generic.List`1<UnityEngine.BeforeRenderHelper/OrderBlock>::System.Collections.Generic.IEnumerable<T>.GetEnumerator()	mscorlib
List_1_System_Collections_ICollection_CopyTo_m1848178489_gshared	System.Void System.Collections.Generic.List`1<UnityEngine.BeforeRenderHelper/OrderBlock>::System.Collections.ICollection.CopyTo(System.Array,System.Int32)	mscorlib
List_1_System_Collections_IEnumerable_GetEnumerator_m1205748543_gshared	System.Collections.IEnumerator System.Collections.Generic.List`1<UnityEngine.BeforeRenderHelper/OrderBlock>::System.Collections.IEnumerable.GetEnumerator()	mscorlib
List_1_System_Collections_IList_Add_m3014463499_gshared	System.Int32 System.Collections.Generic.List`1<UnityEngine.BeforeRenderHelper/OrderBlock>::System.Collections.IList.Add(System.Object)	mscorlib
List_1_System_Collections_IList_Contains_m2070338878_gshared	System.Boolean System.Collections.Generic.List`1<UnityEngine.BeforeRenderHelper/OrderBlock>::System.Collections.IList.Contains(System.Object)	mscorlib
List_1_System_Collections_IList_IndexOf_m3921550135_gshared	System.Int32 System.Collections.Generic.List`1<UnityEngine.BeforeRenderHelper/OrderBlock>::System.Collections.IList.IndexOf(System.Object)	mscorlib
List_1_System_Collections_IList_Insert_m2615036509_gshared	System.Void System.Collections.Generic.List`1<UnityEngine.BeforeRenderHelper/OrderBlock>::System.Collections.IList.Insert(System.Int32,System.Object)	mscorlib
List_1_System_Collections_IList_Remove_m2683997543_gshared	System.Void System.Collections.Generic.List`1<UnityEngine.BeforeRenderHelper/OrderBlock>::System.Collections.IList.Remove(System.Object)	mscorlib
List_1_System_Collections_Generic_ICollectionU3CTU3E_get_IsReadOnly_m4268703090_gshared	System.Boolean System.Collections.Generic.List`1<UnityEngine.BeforeRenderHelper/OrderBlock>::System.Collections.Generic.ICollection<T>.get_IsReadOnly()	mscorlib
List_1_System_Collections_ICollection_get_IsSynchronized_m2632303084_gshared	System.Boolean System.Collections.Generic.List`1<UnityEngine.BeforeRenderHelper/OrderBlock>::System.Collections.ICollection.get_IsSynchronized()	mscorlib
List_1_System_Collections_ICollection_get_SyncRoot_m1244917400_gshared	System.Object System.Collections.Generic.List`1<UnityEngine.BeforeRenderHelper/OrderBlock>::System.Collections.ICollection.get_SyncRoot()	mscorlib
List_1_System_Collections_IList_get_IsFixedSize_m3020353736_gshared	System.Boolean System.Collections.Generic.List`1<UnityEngine.BeforeRenderHelper/OrderBlock>::System.Collections.IList.get_IsFixedSize()	mscorlib
List_1_System_Collections_IList_get_IsReadOnly_m3866948292_gshared	System.Boolean System.Collections.Generic.List`1<UnityEngine.BeforeRenderHelper/OrderBlock>::System.Collections.IList.get_IsReadOnly()	mscorlib
List_1_System_Collections_IList_get_Item_m764075633_gshared	System.Object System.Collections.Generic.List`1<UnityEngine.BeforeRenderHelper/OrderBlock>::System.Collections.IList.get_Item(System.Int32)	mscorlib
List_1_System_Collections_IList_set_Item_m4091250723_gshared	System.Void System.Collections.Generic.List`1<UnityEngine.BeforeRenderHelper/OrderBlock>::System.Collections.IList.set_Item(System.Int32,System.Object)	mscorlib
List_1_Add_m1788733393_gshared	System.Void System.Collections.Generic.List`1<UnityEngine.BeforeRenderHelper/OrderBlock>::Add(T)	mscorlib
List_1_GrowIfNeeded_m3796726_gshared	System.Void System.Collections.Generic.List`1<UnityEngine.BeforeRenderHelper/OrderBlock>::GrowIfNeeded(System.Int32)	mscorlib
List_1_AddCollection_m3837136403_gshared	System.Void System.Collections.Generic.List`1<UnityEngine.BeforeRenderHelper/OrderBlock>::AddCollection(System.Collections.Generic.ICollection`1<T>)	mscorlib
List_1_AddEnumerable_m3500350831_gshared	System.Void System.Collections.Generic.List`1<UnityEngine.BeforeRenderHelper/OrderBlock>::AddEnumerable(System.Collections.Generic.IEnumerable`1<T>)	mscorlib
List_1_AddRange_m3887735712_gshared	System.Void System.Collections.Generic.List`1<UnityEngine.BeforeRenderHelper/OrderBlock>::AddRange(System.Collections.Generic.IEnumerable`1<T>)	mscorlib
List_1_AsReadOnly_m2567767258_gshared	System.Collections.ObjectModel.ReadOnlyCollection`1<T> System.Collections.Generic.List`1<UnityEngine.BeforeRenderHelper/OrderBlock>::AsReadOnly()	mscorlib
List_1_Clear_m3389630117_gshared	System.Void System.Collections.Generic.List`1<UnityEngine.BeforeRenderHelper/OrderBlock>::Clear()	mscorlib
List_1_Contains_m1947124909_gshared	System.Boolean System.Collections.Generic.List`1<UnityEngine.BeforeRenderHelper/OrderBlock>::Contains(T)	mscorlib
List_1_CopyTo_m386078451_gshared	System.Void System.Collections.Generic.List`1<UnityEngine.BeforeRenderHelper/OrderBlock>::CopyTo(T[],System.Int32)	mscorlib
List_1_Find_m922997997_gshared	T System.Collections.Generic.List`1<UnityEngine.BeforeRenderHelper/OrderBlock>::Find(System.Predicate`1<T>)	mscorlib
List_1_CheckMatch_m1837129164_gshared	System.Void System.Collections.Generic.List`1<UnityEngine.BeforeRenderHelper/OrderBlock>::CheckMatch(System.Predicate`1<T>)	mscorlib
List_1_GetIndex_m2988658627_gshared	System.Int32 System.Collections.Generic.List`1<UnityEngine.BeforeRenderHelper/OrderBlock>::GetIndex(System.Int32,System.Int32,System.Predicate`1<T>)	mscorlib
List_1_GetEnumerator_m1430071802_gshared	System.Collections.Generic.List`1/Enumerator<T> System.Collections.Generic.List`1<UnityEngine.BeforeRenderHelper/OrderBlock>::GetEnumerator()	mscorlib
List_1_IndexOf_m267822470_gshared	System.Int32 System.Collections.Generic.List`1<UnityEngine.BeforeRenderHelper/OrderBlock>::IndexOf(T)	mscorlib
List_1_Shift_m412121547_gshared	System.Void System.Collections.Generic.List`1<UnityEngine.BeforeRenderHelper/OrderBlock>::Shift(System.Int32,System.Int32)	mscorlib
List_1_CheckIndex_m3485079058_gshared	System.Void System.Collections.Generic.List`1<UnityEngine.BeforeRenderHelper/OrderBlock>::CheckIndex(System.Int32)	mscorlib
List_1_Insert_m1705906401_gshared	System.Void System.Collections.Generic.List`1<UnityEngine.BeforeRenderHelper/OrderBlock>::Insert(System.Int32,T)	mscorlib
List_1_CheckCollection_m650587462_gshared	System.Void System.Collections.Generic.List`1<UnityEngine.BeforeRenderHelper/OrderBlock>::CheckCollection(System.Collections.Generic.IEnumerable`1<T>)	mscorlib
List_1_Remove_m3920935656_gshared	System.Boolean System.Collections.Generic.List`1<UnityEngine.BeforeRenderHelper/OrderBlock>::Remove(T)	mscorlib
List_1_RemoveAll_m3304630087_gshared	System.Int32 System.Collections.Generic.List`1<UnityEngine.BeforeRenderHelper/OrderBlock>::RemoveAll(System.Predicate`1<T>)	mscorlib
List_1_RemoveAt_m2533659164_gshared	System.Void System.Collections.Generic.List`1<UnityEngine.BeforeRenderHelper/OrderBlock>::RemoveAt(System.Int32)	mscorlib
List_1_Reverse_m2664184224_gshared	System.Void System.Collections.Generic.List`1<UnityEngine.BeforeRenderHelper/OrderBlock>::Reverse()	mscorlib
List_1_Sort_m4223570528_gshared	System.Void System.Collections.Generic.List`1<UnityEngine.BeforeRenderHelper/OrderBlock>::Sort()	mscorlib
List_1_Sort_m370268215_gshared	System.Void System.Collections.Generic.List`1<UnityEngine.BeforeRenderHelper/OrderBlock>::Sort(System.Comparison`1<T>)	mscorlib
List_1_ToArray_m1999957622_gshared	T[] System.Collections.Generic.List`1<UnityEngine.BeforeRenderHelper/OrderBlock>::ToArray()	mscorlib
List_1_TrimExcess_m1356671344_gshared	System.Void System.Collections.Generic.List`1<UnityEngine.BeforeRenderHelper/OrderBlock>::TrimExcess()	mscorlib
List_1_get_Capacity_m3107276403_gshared	System.Int32 System.Collections.Generic.List`1<UnityEngine.BeforeRenderHelper/OrderBlock>::get_Capacity()	mscorlib
List_1_set_Capacity_m3382070520_gshared	System.Void System.Collections.Generic.List`1<UnityEngine.BeforeRenderHelper/OrderBlock>::set_Capacity(System.Int32)	mscorlib
List_1_set_Item_m3663689645_gshared	System.Void System.Collections.Generic.List`1<UnityEngine.BeforeRenderHelper/OrderBlock>::set_Item(System.Int32,T)	mscorlib
List_1__ctor_m183697595_gshared	System.Void System.Collections.Generic.List`1<UnityEngine.Color32>::.ctor()	mscorlib
List_1__ctor_m2576108087_gshared	System.Void System.Collections.Generic.List`1<UnityEngine.Color32>::.ctor(System.Int32)	mscorlib
List_1__cctor_m3823335262_gshared	System.Void System.Collections.Generic.List`1<UnityEngine.Color32>::.cctor()	mscorlib
List_1_System_Collections_Generic_IEnumerableU3CTU3E_GetEnumerator_m2651590300_gshared	System.Collections.Generic.IEnumerator`1<T> System.Collections.Generic.List`1<UnityEngine.Color32>::System.Collections.Generic.IEnumerable<T>.GetEnumerator()	mscorlib
List_1_System_Collections_ICollection_CopyTo_m2688165607_gshared	System.Void System.Collections.Generic.List`1<UnityEngine.Color32>::System.Collections.ICollection.CopyTo(System.Array,System.Int32)	mscorlib
List_1_System_Collections_IEnumerable_GetEnumerator_m1225415523_gshared	System.Collections.IEnumerator System.Collections.Generic.List`1<UnityEngine.Color32>::System.Collections.IEnumerable.GetEnumerator()	mscorlib
List_1_System_Collections_IList_Add_m1540114404_gshared	System.Int32 System.Collections.Generic.List`1<UnityEngine.Color32>::System.Collections.IList.Add(System.Object)	mscorlib
List_1_System_Collections_IList_Contains_m573644588_gshared	System.Boolean System.Collections.Generic.List`1<UnityEngine.Color32>::System.Collections.IList.Contains(System.Object)	mscorlib
List_1_System_Collections_IList_IndexOf_m66255617_gshared	System.Int32 System.Collections.Generic.List`1<UnityEngine.Color32>::System.Collections.IList.IndexOf(System.Object)	mscorlib
List_1_System_Collections_IList_Insert_m4024010927_gshared	System.Void System.Collections.Generic.List`1<UnityEngine.Color32>::System.Collections.IList.Insert(System.Int32,System.Object)	mscorlib
List_1_System_Collections_IList_Remove_m2025152884_gshared	System.Void System.Collections.Generic.List`1<UnityEngine.Color32>::System.Collections.IList.Remove(System.Object)	mscorlib
List_1_System_Collections_Generic_ICollectionU3CTU3E_get_IsReadOnly_m505017504_gshared	System.Boolean System.Collections.Generic.List`1<UnityEngine.Color32>::System.Collections.Generic.ICollection<T>.get_IsReadOnly()	mscorlib
List_1_System_Collections_ICollection_get_IsSynchronized_m3331050698_gshared	System.Boolean System.Collections.Generic.List`1<UnityEngine.Color32>::System.Collections.ICollection.get_IsSynchronized()	mscorlib
List_1_System_Collections_ICollection_get_SyncRoot_m1095996416_gshared	System.Object System.Collections.Generic.List`1<UnityEngine.Color32>::System.Collections.ICollection.get_SyncRoot()	mscorlib
List_1_System_Collections_IList_get_IsFixedSize_m734717254_gshared	System.Boolean System.Collections.Generic.List`1<UnityEngine.Color32>::System.Collections.IList.get_IsFixedSize()	mscorlib
List_1_System_Collections_IList_get_IsReadOnly_m1149330580_gshared	System.Boolean System.Collections.Generic.List`1<UnityEngine.Color32>::System.Collections.IList.get_IsReadOnly()	mscorlib
List_1_System_Collections_IList_get_Item_m10120528_gshared	System.Object System.Collections.Generic.List`1<UnityEngine.Color32>::System.Collections.IList.get_Item(System.Int32)	mscorlib
List_1_System_Collections_IList_set_Item_m1405317873_gshared	System.Void System.Collections.Generic.List`1<UnityEngine.Color32>::System.Collections.IList.set_Item(System.Int32,System.Object)	mscorlib
List_1_GrowIfNeeded_m759142556_gshared	System.Void System.Collections.Generic.List`1<UnityEngine.Color32>::GrowIfNeeded(System.Int32)	mscorlib
List_1_AddCollection_m4220744983_gshared	System.Void System.Collections.Generic.List`1<UnityEngine.Color32>::AddCollection(System.Collections.Generic.ICollection`1<T>)	mscorlib
List_1_AddEnumerable_m2607341279_gshared	System.Void System.Collections.Generic.List`1<UnityEngine.Color32>::AddEnumerable(System.Collections.Generic.IEnumerable`1<T>)	mscorlib
List_1_AsReadOnly_m1351745604_gshared	System.Collections.ObjectModel.ReadOnlyCollection`1<T> System.Collections.Generic.List`1<UnityEngine.Color32>::AsReadOnly()	mscorlib
List_1_Contains_m1205785237_gshared	System.Boolean System.Collections.Generic.List`1<UnityEngine.Color32>::Contains(T)	mscorlib
List_1_CopyTo_m3184261709_gshared	System.Void System.Collections.Generic.List`1<UnityEngine.Color32>::CopyTo(T[],System.Int32)	mscorlib
List_1_Find_m342624504_gshared	T System.Collections.Generic.List`1<UnityEngine.Color32>::Find(System.Predicate`1<T>)	mscorlib
List_1_CheckMatch_m625721216_gshared	System.Void System.Collections.Generic.List`1<UnityEngine.Color32>::CheckMatch(System.Predicate`1<T>)	mscorlib
List_1_GetIndex_m1012510410_gshared	System.Int32 System.Collections.Generic.List`1<UnityEngine.Color32>::GetIndex(System.Int32,System.Int32,System.Predicate`1<T>)	mscorlib
List_1_GetEnumerator_m563931292_gshared	System.Collections.Generic.List`1/Enumerator<T> System.Collections.Generic.List`1<UnityEngine.Color32>::GetEnumerator()	mscorlib
List_1_IndexOf_m4090327053_gshared	System.Int32 System.Collections.Generic.List`1<UnityEngine.Color32>::IndexOf(T)	mscorlib
List_1_Shift_m2620066058_gshared	System.Void System.Collections.Generic.List`1<UnityEngine.Color32>::Shift(System.Int32,System.Int32)	mscorlib
List_1_CheckIndex_m62054049_gshared	System.Void System.Collections.Generic.List`1<UnityEngine.Color32>::CheckIndex(System.Int32)	mscorlib
List_1_Insert_m1987928029_gshared	System.Void System.Collections.Generic.List`1<UnityEngine.Color32>::Insert(System.Int32,T)	mscorlib
List_1_CheckCollection_m274117203_gshared	System.Void System.Collections.Generic.List`1<UnityEngine.Color32>::CheckCollection(System.Collections.Generic.IEnumerable`1<T>)	mscorlib
List_1_Remove_m142247148_gshared	System.Boolean System.Collections.Generic.List`1<UnityEngine.Color32>::Remove(T)	mscorlib
List_1_RemoveAll_m3165362277_gshared	System.Int32 System.Collections.Generic.List`1<UnityEngine.Color32>::RemoveAll(System.Predicate`1<T>)	mscorlib
List_1_RemoveAt_m3902668651_gshared	System.Void System.Collections.Generic.List`1<UnityEngine.Color32>::RemoveAt(System.Int32)	mscorlib
List_1_Reverse_m545478111_gshared	System.Void System.Collections.Generic.List`1<UnityEngine.Color32>::Reverse()	mscorlib
List_1_Sort_m3232912161_gshared	System.Void System.Collections.Generic.List`1<UnityEngine.Color32>::Sort()	mscorlib
List_1_Sort_m526702651_gshared	System.Void System.Collections.Generic.List`1<UnityEngine.Color32>::Sort(System.Comparison`1<T>)	mscorlib
List_1_ToArray_m3378382950_gshared	T[] System.Collections.Generic.List`1<UnityEngine.Color32>::ToArray()	mscorlib
List_1_TrimExcess_m1970673280_gshared	System.Void System.Collections.Generic.List`1<UnityEngine.Color32>::TrimExcess()	mscorlib
List_1_get_Capacity_m420440286_gshared	System.Int32 System.Collections.Generic.List`1<UnityEngine.Color32>::get_Capacity()	mscorlib
List_1_set_Capacity_m3399467211_gshared	System.Void System.Collections.Generic.List`1<UnityEngine.Color32>::set_Capacity(System.Int32)	mscorlib
List_1_get_Count_m1901499795_gshared	System.Int32 System.Collections.Generic.List`1<UnityEngine.Color32>::get_Count()	mscorlib
List_1__ctor_m747758800_gshared	System.Void System.Collections.Generic.List`1<UnityEngine.EventSystems.RaycastResult>::.ctor(System.Int32)	mscorlib
List_1__cctor_m3796359340_gshared	System.Void System.Collections.Generic.List`1<UnityEngine.EventSystems.RaycastResult>::.cctor()	mscorlib
List_1_System_Collections_Generic_IEnumerableU3CTU3E_GetEnumerator_m3687886202_gshared	System.Collections.Generic.IEnumerator`1<T> System.Collections.Generic.List`1<UnityEngine.EventSystems.RaycastResult>::System.Collections.Generic.IEnumerable<T>.GetEnumerator()	mscorlib
List_1_System_Collections_ICollection_CopyTo_m4283104160_gshared	System.Void System.Collections.Generic.List`1<UnityEngine.EventSystems.RaycastResult>::System.Collections.ICollection.CopyTo(System.Array,System.Int32)	mscorlib
List_1_System_Collections_IEnumerable_GetEnumerator_m1824431956_gshared	System.Collections.IEnumerator System.Collections.Generic.List`1<UnityEngine.EventSystems.RaycastResult>::System.Collections.IEnumerable.GetEnumerator()	mscorlib
List_1_System_Collections_IList_Add_m3954630426_gshared	System.Int32 System.Collections.Generic.List`1<UnityEngine.EventSystems.RaycastResult>::System.Collections.IList.Add(System.Object)	mscorlib
List_1_System_Collections_IList_Contains_m3860993176_gshared	System.Boolean System.Collections.Generic.List`1<UnityEngine.EventSystems.RaycastResult>::System.Collections.IList.Contains(System.Object)	mscorlib
List_1_System_Collections_IList_IndexOf_m3392312071_gshared	System.Int32 System.Collections.Generic.List`1<UnityEngine.EventSystems.RaycastResult>::System.Collections.IList.IndexOf(System.Object)	mscorlib
List_1_System_Collections_IList_Insert_m2606038757_gshared	System.Void System.Collections.Generic.List`1<UnityEngine.EventSystems.RaycastResult>::System.Collections.IList.Insert(System.Int32,System.Object)	mscorlib
List_1_System_Collections_IList_Remove_m154467752_gshared	System.Void System.Collections.Generic.List`1<UnityEngine.EventSystems.RaycastResult>::System.Collections.IList.Remove(System.Object)	mscorlib
List_1_System_Collections_Generic_ICollectionU3CTU3E_get_IsReadOnly_m2562366358_gshared	System.Boolean System.Collections.Generic.List`1<UnityEngine.EventSystems.RaycastResult>::System.Collections.Generic.ICollection<T>.get_IsReadOnly()	mscorlib
List_1_System_Collections_ICollection_get_IsSynchronized_m3992001951_gshared	System.Boolean System.Collections.Generic.List`1<UnityEngine.EventSystems.RaycastResult>::System.Collections.ICollection.get_IsSynchronized()	mscorlib
List_1_System_Collections_ICollection_get_SyncRoot_m3656405325_gshared	System.Object System.Collections.Generic.List`1<UnityEngine.EventSystems.RaycastResult>::System.Collections.ICollection.get_SyncRoot()	mscorlib
List_1_System_Collections_IList_get_IsFixedSize_m1885391264_gshared	System.Boolean System.Collections.Generic.List`1<UnityEngine.EventSystems.RaycastResult>::System.Collections.IList.get_IsFixedSize()	mscorlib
List_1_System_Collections_IList_get_IsReadOnly_m3142018286_gshared	System.Boolean System.Collections.Generic.List`1<UnityEngine.EventSystems.RaycastResult>::System.Collections.IList.get_IsReadOnly()	mscorlib
List_1_System_Collections_IList_get_Item_m2635607454_gshared	System.Object System.Collections.Generic.List`1<UnityEngine.EventSystems.RaycastResult>::System.Collections.IList.get_Item(System.Int32)	mscorlib
List_1_System_Collections_IList_set_Item_m1842844683_gshared	System.Void System.Collections.Generic.List`1<UnityEngine.EventSystems.RaycastResult>::System.Collections.IList.set_Item(System.Int32,System.Object)	mscorlib
List_1_GrowIfNeeded_m638530368_gshared	System.Void System.Collections.Generic.List`1<UnityEngine.EventSystems.RaycastResult>::GrowIfNeeded(System.Int32)	mscorlib
List_1_AddCollection_m2529715515_gshared	System.Void System.Collections.Generic.List`1<UnityEngine.EventSystems.RaycastResult>::AddCollection(System.Collections.Generic.ICollection`1<T>)	mscorlib
List_1_AddEnumerable_m444303525_gshared	System.Void System.Collections.Generic.List`1<UnityEngine.EventSystems.RaycastResult>::AddEnumerable(System.Collections.Generic.IEnumerable`1<T>)	mscorlib
List_1_AddRange_m2605033800_gshared	System.Void System.Collections.Generic.List`1<UnityEngine.EventSystems.RaycastResult>::AddRange(System.Collections.Generic.IEnumerable`1<T>)	mscorlib
List_1_AsReadOnly_m3064305178_gshared	System.Collections.ObjectModel.ReadOnlyCollection`1<T> System.Collections.Generic.List`1<UnityEngine.EventSystems.RaycastResult>::AsReadOnly()	mscorlib
List_1_Contains_m1979441869_gshared	System.Boolean System.Collections.Generic.List`1<UnityEngine.EventSystems.RaycastResult>::Contains(T)	mscorlib
List_1_CopyTo_m829257792_gshared	System.Void System.Collections.Generic.List`1<UnityEngine.EventSystems.RaycastResult>::CopyTo(T[],System.Int32)	mscorlib
List_1_Find_m684285846_gshared	T System.Collections.Generic.List`1<UnityEngine.EventSystems.RaycastResult>::Find(System.Predicate`1<T>)	mscorlib
List_1_CheckMatch_m3707668865_gshared	System.Void System.Collections.Generic.List`1<UnityEngine.EventSystems.RaycastResult>::CheckMatch(System.Predicate`1<T>)	mscorlib
List_1_GetIndex_m2188389774_gshared	System.Int32 System.Collections.Generic.List`1<UnityEngine.EventSystems.RaycastResult>::GetIndex(System.Int32,System.Int32,System.Predicate`1<T>)	mscorlib
List_1_GetEnumerator_m1432567418_gshared	System.Collections.Generic.List`1/Enumerator<T> System.Collections.Generic.List`1<UnityEngine.EventSystems.RaycastResult>::GetEnumerator()	mscorlib
List_1_IndexOf_m3956008554_gshared	System.Int32 System.Collections.Generic.List`1<UnityEngine.EventSystems.RaycastResult>::IndexOf(T)	mscorlib
List_1_Shift_m1219565734_gshared	System.Void System.Collections.Generic.List`1<UnityEngine.EventSystems.RaycastResult>::Shift(System.Int32,System.Int32)	mscorlib
List_1_CheckIndex_m3437500475_gshared	System.Void System.Collections.Generic.List`1<UnityEngine.EventSystems.RaycastResult>::CheckIndex(System.Int32)	mscorlib
List_1_Insert_m2426986470_gshared	System.Void System.Collections.Generic.List`1<UnityEngine.EventSystems.RaycastResult>::Insert(System.Int32,T)	mscorlib
List_1_CheckCollection_m4062935405_gshared	System.Void System.Collections.Generic.List`1<UnityEngine.EventSystems.RaycastResult>::CheckCollection(System.Collections.Generic.IEnumerable`1<T>)	mscorlib
List_1_Remove_m1457733883_gshared	System.Boolean System.Collections.Generic.List`1<UnityEngine.EventSystems.RaycastResult>::Remove(T)	mscorlib
List_1_RemoveAll_m2406195485_gshared	System.Int32 System.Collections.Generic.List`1<UnityEngine.EventSystems.RaycastResult>::RemoveAll(System.Predicate`1<T>)	mscorlib
List_1_RemoveAt_m1433290785_gshared	System.Void System.Collections.Generic.List`1<UnityEngine.EventSystems.RaycastResult>::RemoveAt(System.Int32)	mscorlib
List_1_Reverse_m1758555535_gshared	System.Void System.Collections.Generic.List`1<UnityEngine.EventSystems.RaycastResult>::Reverse()	mscorlib
List_1_Sort_m4240158523_gshared	System.Void System.Collections.Generic.List`1<UnityEngine.EventSystems.RaycastResult>::Sort()	mscorlib
List_1_ToArray_m190175978_gshared	T[] System.Collections.Generic.List`1<UnityEngine.EventSystems.RaycastResult>::ToArray()	mscorlib
List_1_TrimExcess_m253374753_gshared	System.Void System.Collections.Generic.List`1<UnityEngine.EventSystems.RaycastResult>::TrimExcess()	mscorlib
List_1_get_Capacity_m3047075120_gshared	System.Int32 System.Collections.Generic.List`1<UnityEngine.EventSystems.RaycastResult>::get_Capacity()	mscorlib
List_1_set_Capacity_m1033444102_gshared	System.Void System.Collections.Generic.List`1<UnityEngine.EventSystems.RaycastResult>::set_Capacity(System.Int32)	mscorlib
List_1_set_Item_m1783396739_gshared	System.Void System.Collections.Generic.List`1<UnityEngine.EventSystems.RaycastResult>::set_Item(System.Int32,T)	mscorlib
List_1__ctor_m1119201631_gshared	System.Void System.Collections.Generic.List`1<UnityEngine.UICharInfo>::.ctor()	mscorlib
List_1__cctor_m25975778_gshared	System.Void System.Collections.Generic.List`1<UnityEngine.UICharInfo>::.cctor()	mscorlib
List_1_System_Collections_Generic_IEnumerableU3CTU3E_GetEnumerator_m2518787301_gshared	System.Collections.Generic.IEnumerator`1<T> System.Collections.Generic.List`1<UnityEngine.UICharInfo>::System.Collections.Generic.IEnumerable<T>.GetEnumerator()	mscorlib
List_1_System_Collections_ICollection_CopyTo_m1162979030_gshared	System.Void System.Collections.Generic.List`1<UnityEngine.UICharInfo>::System.Collections.ICollection.CopyTo(System.Array,System.Int32)	mscorlib
List_1_System_Collections_IEnumerable_GetEnumerator_m1793626190_gshared	System.Collections.IEnumerator System.Collections.Generic.List`1<UnityEngine.UICharInfo>::System.Collections.IEnumerable.GetEnumerator()	mscorlib
List_1_System_Collections_IList_Add_m1142950911_gshared	System.Int32 System.Collections.Generic.List`1<UnityEngine.UICharInfo>::System.Collections.IList.Add(System.Object)	mscorlib
List_1_System_Collections_IList_Contains_m1743300950_gshared	System.Boolean System.Collections.Generic.List`1<UnityEngine.UICharInfo>::System.Collections.IList.Contains(System.Object)	mscorlib
List_1_System_Collections_IList_IndexOf_m3211997095_gshared	System.Int32 System.Collections.Generic.List`1<UnityEngine.UICharInfo>::System.Collections.IList.IndexOf(System.Object)	mscorlib
List_1_System_Collections_IList_Insert_m3580720398_gshared	System.Void System.Collections.Generic.List`1<UnityEngine.UICharInfo>::System.Collections.IList.Insert(System.Int32,System.Object)	mscorlib
List_1_System_Collections_IList_Remove_m3815403687_gshared	System.Void System.Collections.Generic.List`1<UnityEngine.UICharInfo>::System.Collections.IList.Remove(System.Object)	mscorlib
List_1_System_Collections_Generic_ICollectionU3CTU3E_get_IsReadOnly_m2461752135_gshared	System.Boolean System.Collections.Generic.List`1<UnityEngine.UICharInfo>::System.Collections.Generic.ICollection<T>.get_IsReadOnly()	mscorlib
List_1_System_Collections_ICollection_get_IsSynchronized_m967177678_gshared	System.Boolean System.Collections.Generic.List`1<UnityEngine.UICharInfo>::System.Collections.ICollection.get_IsSynchronized()	mscorlib
List_1_System_Collections_ICollection_get_SyncRoot_m1937857346_gshared	System.Object System.Collections.Generic.List`1<UnityEngine.UICharInfo>::System.Collections.ICollection.get_SyncRoot()	mscorlib
List_1_System_Collections_IList_get_IsFixedSize_m203251153_gshared	System.Boolean System.Collections.Generic.List`1<UnityEngine.UICharInfo>::System.Collections.IList.get_IsFixedSize()	mscorlib
List_1_System_Collections_IList_get_IsReadOnly_m2831585393_gshared	System.Boolean System.Collections.Generic.List`1<UnityEngine.UICharInfo>::System.Collections.IList.get_IsReadOnly()	mscorlib
List_1_System_Collections_IList_get_Item_m2238467146_gshared	System.Object System.Collections.Generic.List`1<UnityEngine.UICharInfo>::System.Collections.IList.get_Item(System.Int32)	mscorlib
List_1_System_Collections_IList_set_Item_m17446486_gshared	System.Void System.Collections.Generic.List`1<UnityEngine.UICharInfo>::System.Collections.IList.set_Item(System.Int32,System.Object)	mscorlib
List_1_Add_m3348856031_gshared	System.Void System.Collections.Generic.List`1<UnityEngine.UICharInfo>::Add(T)	mscorlib
List_1_GrowIfNeeded_m4234119950_gshared	System.Void System.Collections.Generic.List`1<UnityEngine.UICharInfo>::GrowIfNeeded(System.Int32)	mscorlib
List_1_AddCollection_m350187608_gshared	System.Void System.Collections.Generic.List`1<UnityEngine.UICharInfo>::AddCollection(System.Collections.Generic.ICollection`1<T>)	mscorlib
List_1_AddEnumerable_m3150588606_gshared	System.Void System.Collections.Generic.List`1<UnityEngine.UICharInfo>::AddEnumerable(System.Collections.Generic.IEnumerable`1<T>)	mscorlib
List_1_AddRange_m2472390388_gshared	System.Void System.Collections.Generic.List`1<UnityEngine.UICharInfo>::AddRange(System.Collections.Generic.IEnumerable`1<T>)	mscorlib
List_1_AsReadOnly_m2408892351_gshared	System.Collections.ObjectModel.ReadOnlyCollection`1<T> System.Collections.Generic.List`1<UnityEngine.UICharInfo>::AsReadOnly()	mscorlib
List_1_Clear_m2556951839_gshared	System.Void System.Collections.Generic.List`1<UnityEngine.UICharInfo>::Clear()	mscorlib
List_1_Contains_m1925266201_gshared	System.Boolean System.Collections.Generic.List`1<UnityEngine.UICharInfo>::Contains(T)	mscorlib
List_1_CopyTo_m1941216102_gshared	System.Void System.Collections.Generic.List`1<UnityEngine.UICharInfo>::CopyTo(T[],System.Int32)	mscorlib
List_1_Find_m3604493182_gshared	T System.Collections.Generic.List`1<UnityEngine.UICharInfo>::Find(System.Predicate`1<T>)	mscorlib
List_1_CheckMatch_m3263549496_gshared	System.Void System.Collections.Generic.List`1<UnityEngine.UICharInfo>::CheckMatch(System.Predicate`1<T>)	mscorlib
List_1_GetIndex_m2663393843_gshared	System.Int32 System.Collections.Generic.List`1<UnityEngine.UICharInfo>::GetIndex(System.Int32,System.Int32,System.Predicate`1<T>)	mscorlib
List_1_GetEnumerator_m758342875_gshared	System.Collections.Generic.List`1/Enumerator<T> System.Collections.Generic.List`1<UnityEngine.UICharInfo>::GetEnumerator()	mscorlib
List_1_IndexOf_m3567357949_gshared	System.Int32 System.Collections.Generic.List`1<UnityEngine.UICharInfo>::IndexOf(T)	mscorlib
List_1_Shift_m1438282063_gshared	System.Void System.Collections.Generic.List`1<UnityEngine.UICharInfo>::Shift(System.Int32,System.Int32)	mscorlib
List_1_CheckIndex_m3044940639_gshared	System.Void System.Collections.Generic.List`1<UnityEngine.UICharInfo>::CheckIndex(System.Int32)	mscorlib
List_1_Insert_m3386189445_gshared	System.Void System.Collections.Generic.List`1<UnityEngine.UICharInfo>::Insert(System.Int32,T)	mscorlib
List_1_CheckCollection_m3753757288_gshared	System.Void System.Collections.Generic.List`1<UnityEngine.UICharInfo>::CheckCollection(System.Collections.Generic.IEnumerable`1<T>)	mscorlib
List_1_Remove_m575028601_gshared	System.Boolean System.Collections.Generic.List`1<UnityEngine.UICharInfo>::Remove(T)	mscorlib
List_1_RemoveAll_m828201232_gshared	System.Int32 System.Collections.Generic.List`1<UnityEngine.UICharInfo>::RemoveAll(System.Predicate`1<T>)	mscorlib
List_1_RemoveAt_m3041762427_gshared	System.Void System.Collections.Generic.List`1<UnityEngine.UICharInfo>::RemoveAt(System.Int32)	mscorlib
List_1_Reverse_m3290386475_gshared	System.Void System.Collections.Generic.List`1<UnityEngine.UICharInfo>::Reverse()	mscorlib
List_1_Sort_m2661162591_gshared	System.Void System.Collections.Generic.List`1<UnityEngine.UICharInfo>::Sort()	mscorlib
List_1_Sort_m1617909511_gshared	System.Void System.Collections.Generic.List`1<UnityEngine.UICharInfo>::Sort(System.Comparison`1<T>)	mscorlib
List_1_ToArray_m2001443925_gshared	T[] System.Collections.Generic.List`1<UnityEngine.UICharInfo>::ToArray()	mscorlib
List_1_TrimExcess_m3407405043_gshared	System.Void System.Collections.Generic.List`1<UnityEngine.UICharInfo>::TrimExcess()	mscorlib
List_1_get_Capacity_m2036121258_gshared	System.Int32 System.Collections.Generic.List`1<UnityEngine.UICharInfo>::get_Capacity()	mscorlib
List_1_set_Capacity_m725662605_gshared	System.Void System.Collections.Generic.List`1<UnityEngine.UICharInfo>::set_Capacity(System.Int32)	mscorlib
List_1_get_Count_m722424301_gshared	System.Int32 System.Collections.Generic.List`1<UnityEngine.UICharInfo>::get_Count()	mscorlib
List_1_get_Item_m1686506901_gshared	T System.Collections.Generic.List`1<UnityEngine.UICharInfo>::get_Item(System.Int32)	mscorlib
List_1_set_Item_m2082115010_gshared	System.Void System.Collections.Generic.List`1<UnityEngine.UICharInfo>::set_Item(System.Int32,T)	mscorlib
List_1__ctor_m1140860599_gshared	System.Void System.Collections.Generic.List`1<UnityEngine.UILineInfo>::.ctor()	mscorlib
List_1__cctor_m3188815452_gshared	System.Void System.Collections.Generic.List`1<UnityEngine.UILineInfo>::.cctor()	mscorlib
List_1_System_Collections_Generic_IEnumerableU3CTU3E_GetEnumerator_m1554406933_gshared	System.Collections.Generic.IEnumerator`1<T> System.Collections.Generic.List`1<UnityEngine.UILineInfo>::System.Collections.Generic.IEnumerable<T>.GetEnumerator()	mscorlib
List_1_System_Collections_ICollection_CopyTo_m3643417403_gshared	System.Void System.Collections.Generic.List`1<UnityEngine.UILineInfo>::System.Collections.ICollection.CopyTo(System.Array,System.Int32)	mscorlib
List_1_System_Collections_IEnumerable_GetEnumerator_m1854136314_gshared	System.Collections.IEnumerator System.Collections.Generic.List`1<UnityEngine.UILineInfo>::System.Collections.IEnumerable.GetEnumerator()	mscorlib
List_1_System_Collections_IList_Add_m2678213833_gshared	System.Int32 System.Collections.Generic.List`1<UnityEngine.UILineInfo>::System.Collections.IList.Add(System.Object)	mscorlib
List_1_System_Collections_IList_Contains_m453976393_gshared	System.Boolean System.Collections.Generic.List`1<UnityEngine.UILineInfo>::System.Collections.IList.Contains(System.Object)	mscorlib
List_1_System_Collections_IList_IndexOf_m4274882576_gshared	System.Int32 System.Collections.Generic.List`1<UnityEngine.UILineInfo>::System.Collections.IList.IndexOf(System.Object)	mscorlib
List_1_System_Collections_IList_Insert_m2499639102_gshared	System.Void System.Collections.Generic.List`1<UnityEngine.UILineInfo>::System.Collections.IList.Insert(System.Int32,System.Object)	mscorlib
List_1_System_Collections_IList_Remove_m1298797127_gshared	System.Void System.Collections.Generic.List`1<UnityEngine.UILineInfo>::System.Collections.IList.Remove(System.Object)	mscorlib
List_1_System_Collections_Generic_ICollectionU3CTU3E_get_IsReadOnly_m2520267702_gshared	System.Boolean System.Collections.Generic.List`1<UnityEngine.UILineInfo>::System.Collections.Generic.ICollection<T>.get_IsReadOnly()	mscorlib
List_1_System_Collections_ICollection_get_IsSynchronized_m3630704857_gshared	System.Boolean System.Collections.Generic.List`1<UnityEngine.UILineInfo>::System.Collections.ICollection.get_IsSynchronized()	mscorlib
List_1_System_Collections_ICollection_get_SyncRoot_m2926415826_gshared	System.Object System.Collections.Generic.List`1<UnityEngine.UILineInfo>::System.Collections.ICollection.get_SyncRoot()	mscorlib
List_1_System_Collections_IList_get_IsFixedSize_m2722884463_gshared	System.Boolean System.Collections.Generic.List`1<UnityEngine.UILineInfo>::System.Collections.IList.get_IsFixedSize()	mscorlib
List_1_System_Collections_IList_get_IsReadOnly_m3291541397_gshared	System.Boolean System.Collections.Generic.List`1<UnityEngine.UILineInfo>::System.Collections.IList.get_IsReadOnly()	mscorlib
List_1_System_Collections_IList_get_Item_m2452357640_gshared	System.Object System.Collections.Generic.List`1<UnityEngine.UILineInfo>::System.Collections.IList.get_Item(System.Int32)	mscorlib
List_1_System_Collections_IList_set_Item_m3065370393_gshared	System.Void System.Collections.Generic.List`1<UnityEngine.UILineInfo>::System.Collections.IList.set_Item(System.Int32,System.Object)	mscorlib
List_1_Add_m1158512974_gshared	System.Void System.Collections.Generic.List`1<UnityEngine.UILineInfo>::Add(T)	mscorlib
List_1_GrowIfNeeded_m86432812_gshared	System.Void System.Collections.Generic.List`1<UnityEngine.UILineInfo>::GrowIfNeeded(System.Int32)	mscorlib
List_1_AddCollection_m1886228333_gshared	System.Void System.Collections.Generic.List`1<UnityEngine.UILineInfo>::AddCollection(System.Collections.Generic.ICollection`1<T>)	mscorlib
List_1_AddEnumerable_m1284696147_gshared	System.Void System.Collections.Generic.List`1<UnityEngine.UILineInfo>::AddEnumerable(System.Collections.Generic.IEnumerable`1<T>)	mscorlib
List_1_AddRange_m429439147_gshared	System.Void System.Collections.Generic.List`1<UnityEngine.UILineInfo>::AddRange(System.Collections.Generic.IEnumerable`1<T>)	mscorlib
List_1_AsReadOnly_m1038777102_gshared	System.Collections.ObjectModel.ReadOnlyCollection`1<T> System.Collections.Generic.List`1<UnityEngine.UILineInfo>::AsReadOnly()	mscorlib
List_1_Clear_m2003943277_gshared	System.Void System.Collections.Generic.List`1<UnityEngine.UILineInfo>::Clear()	mscorlib
List_1_Contains_m353222571_gshared	System.Boolean System.Collections.Generic.List`1<UnityEngine.UILineInfo>::Contains(T)	mscorlib
List_1_CopyTo_m2618793801_gshared	System.Void System.Collections.Generic.List`1<UnityEngine.UILineInfo>::CopyTo(T[],System.Int32)	mscorlib
List_1_Find_m592386888_gshared	T System.Collections.Generic.List`1<UnityEngine.UILineInfo>::Find(System.Predicate`1<T>)	mscorlib
List_1_CheckMatch_m754192497_gshared	System.Void System.Collections.Generic.List`1<UnityEngine.UILineInfo>::CheckMatch(System.Predicate`1<T>)	mscorlib
List_1_GetIndex_m920922504_gshared	System.Int32 System.Collections.Generic.List`1<UnityEngine.UILineInfo>::GetIndex(System.Int32,System.Int32,System.Predicate`1<T>)	mscorlib
List_1_GetEnumerator_m2095602005_gshared	System.Collections.Generic.List`1/Enumerator<T> System.Collections.Generic.List`1<UnityEngine.UILineInfo>::GetEnumerator()	mscorlib
List_1_IndexOf_m576466407_gshared	System.Int32 System.Collections.Generic.List`1<UnityEngine.UILineInfo>::IndexOf(T)	mscorlib
List_1_Shift_m2469952788_gshared	System.Void System.Collections.Generic.List`1<UnityEngine.UILineInfo>::Shift(System.Int32,System.Int32)	mscorlib
List_1_CheckIndex_m4681421_gshared	System.Void System.Collections.Generic.List`1<UnityEngine.UILineInfo>::CheckIndex(System.Int32)	mscorlib
List_1_Insert_m2937498625_gshared	System.Void System.Collections.Generic.List`1<UnityEngine.UILineInfo>::Insert(System.Int32,T)	mscorlib
List_1_CheckCollection_m3414765835_gshared	System.Void System.Collections.Generic.List`1<UnityEngine.UILineInfo>::CheckCollection(System.Collections.Generic.IEnumerable`1<T>)	mscorlib
List_1_Remove_m3853969205_gshared	System.Boolean System.Collections.Generic.List`1<UnityEngine.UILineInfo>::Remove(T)	mscorlib
List_1_RemoveAll_m1398118936_gshared	System.Int32 System.Collections.Generic.List`1<UnityEngine.UILineInfo>::RemoveAll(System.Predicate`1<T>)	mscorlib
List_1_RemoveAt_m4279084788_gshared	System.Void System.Collections.Generic.List`1<UnityEngine.UILineInfo>::RemoveAt(System.Int32)	mscorlib
List_1_Reverse_m1585537182_gshared	System.Void System.Collections.Generic.List`1<UnityEngine.UILineInfo>::Reverse()	mscorlib
List_1_Sort_m933660666_gshared	System.Void System.Collections.Generic.List`1<UnityEngine.UILineInfo>::Sort()	mscorlib
List_1_Sort_m3286225755_gshared	System.Void System.Collections.Generic.List`1<UnityEngine.UILineInfo>::Sort(System.Comparison`1<T>)	mscorlib
List_1_ToArray_m814029808_gshared	T[] System.Collections.Generic.List`1<UnityEngine.UILineInfo>::ToArray()	mscorlib
List_1_TrimExcess_m1426768889_gshared	System.Void System.Collections.Generic.List`1<UnityEngine.UILineInfo>::TrimExcess()	mscorlib
List_1_get_Capacity_m3166127303_gshared	System.Int32 System.Collections.Generic.List`1<UnityEngine.UILineInfo>::get_Capacity()	mscorlib
List_1_set_Capacity_m640489333_gshared	System.Void System.Collections.Generic.List`1<UnityEngine.UILineInfo>::set_Capacity(System.Int32)	mscorlib
List_1_get_Count_m1828050537_gshared	System.Int32 System.Collections.Generic.List`1<UnityEngine.UILineInfo>::get_Count()	mscorlib
List_1_get_Item_m2254585396_gshared	T System.Collections.Generic.List`1<UnityEngine.UILineInfo>::get_Item(System.Int32)	mscorlib
List_1_set_Item_m1654477995_gshared	System.Void System.Collections.Generic.List`1<UnityEngine.UILineInfo>::set_Item(System.Int32,T)	mscorlib
List_1__ctor_m668768191_gshared	System.Void System.Collections.Generic.List`1<UnityEngine.UIVertex>::.ctor()	mscorlib
List_1__cctor_m3784828210_gshared	System.Void System.Collections.Generic.List`1<UnityEngine.UIVertex>::.cctor()	mscorlib
List_1_System_Collections_Generic_IEnumerableU3CTU3E_GetEnumerator_m1273481299_gshared	System.Collections.Generic.IEnumerator`1<T> System.Collections.Generic.List`1<UnityEngine.UIVertex>::System.Collections.Generic.IEnumerable<T>.GetEnumerator()	mscorlib
List_1_System_Collections_ICollection_CopyTo_m760120603_gshared	System.Void System.Collections.Generic.List`1<UnityEngine.UIVertex>::System.Collections.ICollection.CopyTo(System.Array,System.Int32)	mscorlib
List_1_System_Collections_IEnumerable_GetEnumerator_m2465245514_gshared	System.Collections.IEnumerator System.Collections.Generic.List`1<UnityEngine.UIVertex>::System.Collections.IEnumerable.GetEnumerator()	mscorlib
List_1_System_Collections_IList_Add_m3014885234_gshared	System.Int32 System.Collections.Generic.List`1<UnityEngine.UIVertex>::System.Collections.IList.Add(System.Object)	mscorlib
List_1_System_Collections_IList_Contains_m2273335018_gshared	System.Boolean System.Collections.Generic.List`1<UnityEngine.UIVertex>::System.Collections.IList.Contains(System.Object)	mscorlib
List_1_System_Collections_IList_IndexOf_m3703333164_gshared	System.Int32 System.Collections.Generic.List`1<UnityEngine.UIVertex>::System.Collections.IList.IndexOf(System.Object)	mscorlib
List_1_System_Collections_IList_Insert_m2401407093_gshared	System.Void System.Collections.Generic.List`1<UnityEngine.UIVertex>::System.Collections.IList.Insert(System.Int32,System.Object)	mscorlib
List_1_System_Collections_IList_Remove_m1070694895_gshared	System.Void System.Collections.Generic.List`1<UnityEngine.UIVertex>::System.Collections.IList.Remove(System.Object)	mscorlib
List_1_System_Collections_Generic_ICollectionU3CTU3E_get_IsReadOnly_m1454568134_gshared	System.Boolean System.Collections.Generic.List`1<UnityEngine.UIVertex>::System.Collections.Generic.ICollection<T>.get_IsReadOnly()	mscorlib
List_1_System_Collections_ICollection_get_IsSynchronized_m898768412_gshared	System.Boolean System.Collections.Generic.List`1<UnityEngine.UIVertex>::System.Collections.ICollection.get_IsSynchronized()	mscorlib
List_1_System_Collections_ICollection_get_SyncRoot_m589763997_gshared	System.Object System.Collections.Generic.List`1<UnityEngine.UIVertex>::System.Collections.ICollection.get_SyncRoot()	mscorlib
List_1_System_Collections_IList_get_IsFixedSize_m1651351967_gshared	System.Boolean System.Collections.Generic.List`1<UnityEngine.UIVertex>::System.Collections.IList.get_IsFixedSize()	mscorlib
List_1_System_Collections_IList_get_IsReadOnly_m1729002068_gshared	System.Boolean System.Collections.Generic.List`1<UnityEngine.UIVertex>::System.Collections.IList.get_IsReadOnly()	mscorlib
List_1_System_Collections_IList_get_Item_m3519833837_gshared	System.Object System.Collections.Generic.List`1<UnityEngine.UIVertex>::System.Collections.IList.get_Item(System.Int32)	mscorlib
List_1_System_Collections_IList_set_Item_m2554146778_gshared	System.Void System.Collections.Generic.List`1<UnityEngine.UIVertex>::System.Collections.IList.set_Item(System.Int32,System.Object)	mscorlib
List_1_GrowIfNeeded_m3132618066_gshared	System.Void System.Collections.Generic.List`1<UnityEngine.UIVertex>::GrowIfNeeded(System.Int32)	mscorlib
List_1_AddCollection_m2705322374_gshared	System.Void System.Collections.Generic.List`1<UnityEngine.UIVertex>::AddCollection(System.Collections.Generic.ICollection`1<T>)	mscorlib
List_1_AddEnumerable_m140548286_gshared	System.Void System.Collections.Generic.List`1<UnityEngine.UIVertex>::AddEnumerable(System.Collections.Generic.IEnumerable`1<T>)	mscorlib
List_1_AddRange_m668631002_gshared	System.Void System.Collections.Generic.List`1<UnityEngine.UIVertex>::AddRange(System.Collections.Generic.IEnumerable`1<T>)	mscorlib
List_1_AsReadOnly_m823463947_gshared	System.Collections.ObjectModel.ReadOnlyCollection`1<T> System.Collections.Generic.List`1<UnityEngine.UIVertex>::AsReadOnly()	mscorlib
List_1_Clear_m2244610185_gshared	System.Void System.Collections.Generic.List`1<UnityEngine.UIVertex>::Clear()	mscorlib
List_1_Contains_m1908611371_gshared	System.Boolean System.Collections.Generic.List`1<UnityEngine.UIVertex>::Contains(T)	mscorlib
List_1_CopyTo_m1758106197_gshared	System.Void System.Collections.Generic.List`1<UnityEngine.UIVertex>::CopyTo(T[],System.Int32)	mscorlib
List_1_Find_m1604549775_gshared	T System.Collections.Generic.List`1<UnityEngine.UIVertex>::Find(System.Predicate`1<T>)	mscorlib
List_1_CheckMatch_m579516778_gshared	System.Void System.Collections.Generic.List`1<UnityEngine.UIVertex>::CheckMatch(System.Predicate`1<T>)	mscorlib
List_1_GetIndex_m1671905883_gshared	System.Int32 System.Collections.Generic.List`1<UnityEngine.UIVertex>::GetIndex(System.Int32,System.Int32,System.Predicate`1<T>)	mscorlib
List_1_GetEnumerator_m3244410720_gshared	System.Collections.Generic.List`1/Enumerator<T> System.Collections.Generic.List`1<UnityEngine.UIVertex>::GetEnumerator()	mscorlib
List_1_IndexOf_m1815347550_gshared	System.Int32 System.Collections.Generic.List`1<UnityEngine.UIVertex>::IndexOf(T)	mscorlib
List_1_Shift_m1409095436_gshared	System.Void System.Collections.Generic.List`1<UnityEngine.UIVertex>::Shift(System.Int32,System.Int32)	mscorlib
List_1_CheckIndex_m1185871911_gshared	System.Void System.Collections.Generic.List`1<UnityEngine.UIVertex>::CheckIndex(System.Int32)	mscorlib
List_1_Insert_m1643593161_gshared	System.Void System.Collections.Generic.List`1<UnityEngine.UIVertex>::Insert(System.Int32,T)	mscorlib
List_1_CheckCollection_m3766527370_gshared	System.Void System.Collections.Generic.List`1<UnityEngine.UIVertex>::CheckCollection(System.Collections.Generic.IEnumerable`1<T>)	mscorlib
List_1_Remove_m3775825302_gshared	System.Boolean System.Collections.Generic.List`1<UnityEngine.UIVertex>::Remove(T)	mscorlib
List_1_RemoveAll_m818254423_gshared	System.Int32 System.Collections.Generic.List`1<UnityEngine.UIVertex>::RemoveAll(System.Predicate`1<T>)	mscorlib
List_1_RemoveAt_m394327618_gshared	System.Void System.Collections.Generic.List`1<UnityEngine.UIVertex>::RemoveAt(System.Int32)	mscorlib
List_1_Reverse_m3973193695_gshared	System.Void System.Collections.Generic.List`1<UnityEngine.UIVertex>::Reverse()	mscorlib
List_1_Sort_m542003483_gshared	System.Void System.Collections.Generic.List`1<UnityEngine.UIVertex>::Sort()	mscorlib
List_1_Sort_m115880292_gshared	System.Void System.Collections.Generic.List`1<UnityEngine.UIVertex>::Sort(System.Comparison`1<T>)	mscorlib
List_1_ToArray_m1739515760_gshared	T[] System.Collections.Generic.List`1<UnityEngine.UIVertex>::ToArray()	mscorlib
List_1_TrimExcess_m3801445587_gshared	System.Void System.Collections.Generic.List`1<UnityEngine.UIVertex>::TrimExcess()	mscorlib
List_1__ctor_m2135876746_gshared	System.Void System.Collections.Generic.List`1<UnityEngine.Vector2>::.ctor()	mscorlib
List_1__cctor_m4115369596_gshared	System.Void System.Collections.Generic.List`1<UnityEngine.Vector2>::.cctor()	mscorlib
List_1_System_Collections_Generic_IEnumerableU3CTU3E_GetEnumerator_m3445679677_gshared	System.Collections.Generic.IEnumerator`1<T> System.Collections.Generic.List`1<UnityEngine.Vector2>::System.Collections.Generic.IEnumerable<T>.GetEnumerator()	mscorlib
List_1_System_Collections_ICollection_CopyTo_m3005257031_gshared	System.Void System.Collections.Generic.List`1<UnityEngine.Vector2>::System.Collections.ICollection.CopyTo(System.Array,System.Int32)	mscorlib
List_1_System_Collections_IEnumerable_GetEnumerator_m2344957147_gshared	System.Collections.IEnumerator System.Collections.Generic.List`1<UnityEngine.Vector2>::System.Collections.IEnumerable.GetEnumerator()	mscorlib
List_1_System_Collections_IList_Add_m1917877818_gshared	System.Int32 System.Collections.Generic.List`1<UnityEngine.Vector2>::System.Collections.IList.Add(System.Object)	mscorlib
List_1_System_Collections_IList_Contains_m2131605266_gshared	System.Boolean System.Collections.Generic.List`1<UnityEngine.Vector2>::System.Collections.IList.Contains(System.Object)	mscorlib
List_1_System_Collections_IList_IndexOf_m1088859899_gshared	System.Int32 System.Collections.Generic.List`1<UnityEngine.Vector2>::System.Collections.IList.IndexOf(System.Object)	mscorlib
List_1_System_Collections_IList_Insert_m2238786360_gshared	System.Void System.Collections.Generic.List`1<UnityEngine.Vector2>::System.Collections.IList.Insert(System.Int32,System.Object)	mscorlib
List_1_System_Collections_IList_Remove_m4226673807_gshared	System.Void System.Collections.Generic.List`1<UnityEngine.Vector2>::System.Collections.IList.Remove(System.Object)	mscorlib
List_1_System_Collections_Generic_ICollectionU3CTU3E_get_IsReadOnly_m2056527014_gshared	System.Boolean System.Collections.Generic.List`1<UnityEngine.Vector2>::System.Collections.Generic.ICollection<T>.get_IsReadOnly()	mscorlib
List_1_System_Collections_ICollection_get_IsSynchronized_m1552759297_gshared	System.Boolean System.Collections.Generic.List`1<UnityEngine.Vector2>::System.Collections.ICollection.get_IsSynchronized()	mscorlib
List_1_System_Collections_ICollection_get_SyncRoot_m1429851642_gshared	System.Object System.Collections.Generic.List`1<UnityEngine.Vector2>::System.Collections.ICollection.get_SyncRoot()	mscorlib
List_1_System_Collections_IList_get_IsFixedSize_m1423467518_gshared	System.Boolean System.Collections.Generic.List`1<UnityEngine.Vector2>::System.Collections.IList.get_IsFixedSize()	mscorlib
List_1_System_Collections_IList_get_IsReadOnly_m2793860900_gshared	System.Boolean System.Collections.Generic.List`1<UnityEngine.Vector2>::System.Collections.IList.get_IsReadOnly()	mscorlib
List_1_System_Collections_IList_get_Item_m523057313_gshared	System.Object System.Collections.Generic.List`1<UnityEngine.Vector2>::System.Collections.IList.get_Item(System.Int32)	mscorlib
List_1_System_Collections_IList_set_Item_m4101821588_gshared	System.Void System.Collections.Generic.List`1<UnityEngine.Vector2>::System.Collections.IList.set_Item(System.Int32,System.Object)	mscorlib
List_1_GrowIfNeeded_m183799357_gshared	System.Void System.Collections.Generic.List`1<UnityEngine.Vector2>::GrowIfNeeded(System.Int32)	mscorlib
List_1_AddCollection_m1469681717_gshared	System.Void System.Collections.Generic.List`1<UnityEngine.Vector2>::AddCollection(System.Collections.Generic.ICollection`1<T>)	mscorlib
List_1_AddEnumerable_m1267044261_gshared	System.Void System.Collections.Generic.List`1<UnityEngine.Vector2>::AddEnumerable(System.Collections.Generic.IEnumerable`1<T>)	mscorlib
List_1_AsReadOnly_m4010324684_gshared	System.Collections.ObjectModel.ReadOnlyCollection`1<T> System.Collections.Generic.List`1<UnityEngine.Vector2>::AsReadOnly()	mscorlib
List_1_Contains_m2043630929_gshared	System.Boolean System.Collections.Generic.List`1<UnityEngine.Vector2>::Contains(T)	mscorlib
List_1_CopyTo_m2746988508_gshared	System.Void System.Collections.Generic.List`1<UnityEngine.Vector2>::CopyTo(T[],System.Int32)	mscorlib
List_1_Find_m3485944732_gshared	T System.Collections.Generic.List`1<UnityEngine.Vector2>::Find(System.Predicate`1<T>)	mscorlib
List_1_CheckMatch_m2804856007_gshared	System.Void System.Collections.Generic.List`1<UnityEngine.Vector2>::CheckMatch(System.Predicate`1<T>)	mscorlib
List_1_GetIndex_m4058141504_gshared	System.Int32 System.Collections.Generic.List`1<UnityEngine.Vector2>::GetIndex(System.Int32,System.Int32,System.Predicate`1<T>)	mscorlib
List_1_GetEnumerator_m2825145182_gshared	System.Collections.Generic.List`1/Enumerator<T> System.Collections.Generic.List`1<UnityEngine.Vector2>::GetEnumerator()	mscorlib
List_1_IndexOf_m3326954582_gshared	System.Int32 System.Collections.Generic.List`1<UnityEngine.Vector2>::IndexOf(T)	mscorlib
List_1_Shift_m2813184189_gshared	System.Void System.Collections.Generic.List`1<UnityEngine.Vector2>::Shift(System.Int32,System.Int32)	mscorlib
List_1_CheckIndex_m2250397830_gshared	System.Void System.Collections.Generic.List`1<UnityEngine.Vector2>::CheckIndex(System.Int32)	mscorlib
List_1_Insert_m2958195960_gshared	System.Void System.Collections.Generic.List`1<UnityEngine.Vector2>::Insert(System.Int32,T)	mscorlib
List_1_CheckCollection_m205659001_gshared	System.Void System.Collections.Generic.List`1<UnityEngine.Vector2>::CheckCollection(System.Collections.Generic.IEnumerable`1<T>)	mscorlib
List_1_Remove_m2092085040_gshared	System.Boolean System.Collections.Generic.List`1<UnityEngine.Vector2>::Remove(T)	mscorlib
List_1_RemoveAll_m2753465100_gshared	System.Int32 System.Collections.Generic.List`1<UnityEngine.Vector2>::RemoveAll(System.Predicate`1<T>)	mscorlib
List_1_RemoveAt_m484847478_gshared	System.Void System.Collections.Generic.List`1<UnityEngine.Vector2>::RemoveAt(System.Int32)	mscorlib
List_1_Reverse_m4225785698_gshared	System.Void System.Collections.Generic.List`1<UnityEngine.Vector2>::Reverse()	mscorlib
List_1_Sort_m111035942_gshared	System.Void System.Collections.Generic.List`1<UnityEngine.Vector2>::Sort()	mscorlib
List_1_Sort_m378918663_gshared	System.Void System.Collections.Generic.List`1<UnityEngine.Vector2>::Sort(System.Comparison`1<T>)	mscorlib
List_1_ToArray_m3674464401_gshared	T[] System.Collections.Generic.List`1<UnityEngine.Vector2>::ToArray()	mscorlib
List_1_TrimExcess_m285376539_gshared	System.Void System.Collections.Generic.List`1<UnityEngine.Vector2>::TrimExcess()	mscorlib
List_1_get_Capacity_m2865186583_gshared	System.Int32 System.Collections.Generic.List`1<UnityEngine.Vector2>::get_Capacity()	mscorlib
List_1_set_Capacity_m2707586410_gshared	System.Void System.Collections.Generic.List`1<UnityEngine.Vector2>::set_Capacity(System.Int32)	mscorlib
List_1_get_Count_m934158464_gshared	System.Int32 System.Collections.Generic.List`1<UnityEngine.Vector2>::get_Count()	mscorlib
List_1__ctor_m2203182218_gshared	System.Void System.Collections.Generic.List`1<UnityEngine.Vector3>::.ctor()	mscorlib
List_1__cctor_m2037157503_gshared	System.Void System.Collections.Generic.List`1<UnityEngine.Vector3>::.cctor()	mscorlib
List_1_System_Collections_Generic_IEnumerableU3CTU3E_GetEnumerator_m3837076601_gshared	System.Collections.Generic.IEnumerator`1<T> System.Collections.Generic.List`1<UnityEngine.Vector3>::System.Collections.Generic.IEnumerable<T>.GetEnumerator()	mscorlib
List_1_System_Collections_ICollection_CopyTo_m2426940678_gshared	System.Void System.Collections.Generic.List`1<UnityEngine.Vector3>::System.Collections.ICollection.CopyTo(System.Array,System.Int32)	mscorlib
List_1_System_Collections_IEnumerable_GetEnumerator_m2825387296_gshared	System.Collections.IEnumerator System.Collections.Generic.List`1<UnityEngine.Vector3>::System.Collections.IEnumerable.GetEnumerator()	mscorlib
List_1_System_Collections_IList_Add_m1311792172_gshared	System.Int32 System.Collections.Generic.List`1<UnityEngine.Vector3>::System.Collections.IList.Add(System.Object)	mscorlib
List_1_System_Collections_IList_Contains_m3717811284_gshared	System.Boolean System.Collections.Generic.List`1<UnityEngine.Vector3>::System.Collections.IList.Contains(System.Object)	mscorlib
List_1_System_Collections_IList_IndexOf_m3696676247_gshared	System.Int32 System.Collections.Generic.List`1<UnityEngine.Vector3>::System.Collections.IList.IndexOf(System.Object)	mscorlib
List_1_System_Collections_IList_Insert_m159282227_gshared	System.Void System.Collections.Generic.List`1<UnityEngine.Vector3>::System.Collections.IList.Insert(System.Int32,System.Object)	mscorlib
List_1_System_Collections_IList_Remove_m997133631_gshared	System.Void System.Collections.Generic.List`1<UnityEngine.Vector3>::System.Collections.IList.Remove(System.Object)	mscorlib
List_1_System_Collections_Generic_ICollectionU3CTU3E_get_IsReadOnly_m3792935457_gshared	System.Boolean System.Collections.Generic.List`1<UnityEngine.Vector3>::System.Collections.Generic.ICollection<T>.get_IsReadOnly()	mscorlib
List_1_System_Collections_ICollection_get_IsSynchronized_m693118979_gshared	System.Boolean System.Collections.Generic.List`1<UnityEngine.Vector3>::System.Collections.ICollection.get_IsSynchronized()	mscorlib
List_1_System_Collections_ICollection_get_SyncRoot_m556592363_gshared	System.Object System.Collections.Generic.List`1<UnityEngine.Vector3>::System.Collections.ICollection.get_SyncRoot()	mscorlib
List_1_System_Collections_IList_get_IsFixedSize_m58130929_gshared	System.Boolean System.Collections.Generic.List`1<UnityEngine.Vector3>::System.Collections.IList.get_IsFixedSize()	mscorlib
List_1_System_Collections_IList_get_IsReadOnly_m1601400230_gshared	System.Boolean System.Collections.Generic.List`1<UnityEngine.Vector3>::System.Collections.IList.get_IsReadOnly()	mscorlib
List_1_System_Collections_IList_get_Item_m1315368445_gshared	System.Object System.Collections.Generic.List`1<UnityEngine.Vector3>::System.Collections.IList.get_Item(System.Int32)	mscorlib
List_1_System_Collections_IList_set_Item_m470242416_gshared	System.Void System.Collections.Generic.List`1<UnityEngine.Vector3>::System.Collections.IList.set_Item(System.Int32,System.Object)	mscorlib
List_1_GrowIfNeeded_m278824317_gshared	System.Void System.Collections.Generic.List`1<UnityEngine.Vector3>::GrowIfNeeded(System.Int32)	mscorlib
List_1_AddCollection_m3485771260_gshared	System.Void System.Collections.Generic.List`1<UnityEngine.Vector3>::AddCollection(System.Collections.Generic.ICollection`1<T>)	mscorlib
List_1_AddEnumerable_m2724989594_gshared	System.Void System.Collections.Generic.List`1<UnityEngine.Vector3>::AddEnumerable(System.Collections.Generic.IEnumerable`1<T>)	mscorlib
List_1_AsReadOnly_m4011326831_gshared	System.Collections.ObjectModel.ReadOnlyCollection`1<T> System.Collections.Generic.List`1<UnityEngine.Vector3>::AsReadOnly()	mscorlib
List_1_Contains_m2043664690_gshared	System.Boolean System.Collections.Generic.List`1<UnityEngine.Vector3>::Contains(T)	mscorlib
List_1_CopyTo_m421695909_gshared	System.Void System.Collections.Generic.List`1<UnityEngine.Vector3>::CopyTo(T[],System.Int32)	mscorlib
List_1_Find_m2257431514_gshared	T System.Collections.Generic.List`1<UnityEngine.Vector3>::Find(System.Predicate`1<T>)	mscorlib
List_1_CheckMatch_m67824902_gshared	System.Void System.Collections.Generic.List`1<UnityEngine.Vector3>::CheckMatch(System.Predicate`1<T>)	mscorlib
List_1_GetIndex_m1042356532_gshared	System.Int32 System.Collections.Generic.List`1<UnityEngine.Vector3>::GetIndex(System.Int32,System.Int32,System.Predicate`1<T>)	mscorlib
List_1_GetEnumerator_m2431339312_gshared	System.Collections.Generic.List`1/Enumerator<T> System.Collections.Generic.List`1<UnityEngine.Vector3>::GetEnumerator()	mscorlib
List_1_IndexOf_m3534705549_gshared	System.Int32 System.Collections.Generic.List`1<UnityEngine.Vector3>::IndexOf(T)	mscorlib
List_1_Shift_m2938960328_gshared	System.Void System.Collections.Generic.List`1<UnityEngine.Vector3>::Shift(System.Int32,System.Int32)	mscorlib
List_1_CheckIndex_m3636898580_gshared	System.Void System.Collections.Generic.List`1<UnityEngine.Vector3>::CheckIndex(System.Int32)	mscorlib
List_1_Insert_m1695211546_gshared	System.Void System.Collections.Generic.List`1<UnityEngine.Vector3>::Insert(System.Int32,T)	mscorlib
List_1_CheckCollection_m487824007_gshared	System.Void System.Collections.Generic.List`1<UnityEngine.Vector3>::CheckCollection(System.Collections.Generic.IEnumerable`1<T>)	mscorlib
List_1_Remove_m2092116835_gshared	System.Boolean System.Collections.Generic.List`1<UnityEngine.Vector3>::Remove(T)	mscorlib
List_1_RemoveAll_m4058864288_gshared	System.Int32 System.Collections.Generic.List`1<UnityEngine.Vector3>::RemoveAll(System.Predicate`1<T>)	mscorlib
List_1_RemoveAt_m3518997255_gshared	System.Void System.Collections.Generic.List`1<UnityEngine.Vector3>::RemoveAt(System.Int32)	mscorlib
List_1_Reverse_m1606508386_gshared	System.Void System.Collections.Generic.List`1<UnityEngine.Vector3>::Reverse()	mscorlib
List_1_Sort_m43992614_gshared	System.Void System.Collections.Generic.List`1<UnityEngine.Vector3>::Sort()	mscorlib
List_1_Sort_m2033602123_gshared	System.Void System.Collections.Generic.List`1<UnityEngine.Vector3>::Sort(System.Comparison`1<T>)	mscorlib
List_1_ToArray_m1990123684_gshared	T[] System.Collections.Generic.List`1<UnityEngine.Vector3>::ToArray()	mscorlib
List_1_TrimExcess_m4204101579_gshared	System.Void System.Collections.Generic.List`1<UnityEngine.Vector3>::TrimExcess()	mscorlib
List_1_get_Capacity_m869612594_gshared	System.Int32 System.Collections.Generic.List`1<UnityEngine.Vector3>::get_Capacity()	mscorlib
List_1_set_Capacity_m1977188119_gshared	System.Void System.Collections.Generic.List`1<UnityEngine.Vector3>::set_Capacity(System.Int32)	mscorlib
List_1__ctor_m2538398858_gshared	System.Void System.Collections.Generic.List`1<UnityEngine.Vector4>::.ctor()	mscorlib
List_1__ctor_m3376067838_gshared	System.Void System.Collections.Generic.List`1<UnityEngine.Vector4>::.ctor(System.Int32)	mscorlib
List_1__cctor_m236031697_gshared	System.Void System.Collections.Generic.List`1<UnityEngine.Vector4>::.cctor()	mscorlib
List_1_System_Collections_Generic_IEnumerableU3CTU3E_GetEnumerator_m1131765320_gshared	System.Collections.Generic.IEnumerator`1<T> System.Collections.Generic.List`1<UnityEngine.Vector4>::System.Collections.Generic.IEnumerable<T>.GetEnumerator()	mscorlib
List_1_System_Collections_ICollection_CopyTo_m3252857510_gshared	System.Void System.Collections.Generic.List`1<UnityEngine.Vector4>::System.Collections.ICollection.CopyTo(System.Array,System.Int32)	mscorlib
List_1_System_Collections_IEnumerable_GetEnumerator_m1355413981_gshared	System.Collections.IEnumerator System.Collections.Generic.List`1<UnityEngine.Vector4>::System.Collections.IEnumerable.GetEnumerator()	mscorlib
List_1_System_Collections_IList_Add_m2280769760_gshared	System.Int32 System.Collections.Generic.List`1<UnityEngine.Vector4>::System.Collections.IList.Add(System.Object)	mscorlib
List_1_System_Collections_IList_Contains_m353431064_gshared	System.Boolean System.Collections.Generic.List`1<UnityEngine.Vector4>::System.Collections.IList.Contains(System.Object)	mscorlib
List_1_System_Collections_IList_IndexOf_m2444653486_gshared	System.Int32 System.Collections.Generic.List`1<UnityEngine.Vector4>::System.Collections.IList.IndexOf(System.Object)	mscorlib
List_1_System_Collections_IList_Insert_m955419632_gshared	System.Void System.Collections.Generic.List`1<UnityEngine.Vector4>::System.Collections.IList.Insert(System.Int32,System.Object)	mscorlib
List_1_System_Collections_IList_Remove_m248696441_gshared	System.Void System.Collections.Generic.List`1<UnityEngine.Vector4>::System.Collections.IList.Remove(System.Object)	mscorlib
List_1_System_Collections_Generic_ICollectionU3CTU3E_get_IsReadOnly_m1924883606_gshared	System.Boolean System.Collections.Generic.List`1<UnityEngine.Vector4>::System.Collections.Generic.ICollection<T>.get_IsReadOnly()	mscorlib
List_1_System_Collections_ICollection_get_IsSynchronized_m3497948615_gshared	System.Boolean System.Collections.Generic.List`1<UnityEngine.Vector4>::System.Collections.ICollection.get_IsSynchronized()	mscorlib
List_1_System_Collections_ICollection_get_SyncRoot_m2772801375_gshared	System.Object System.Collections.Generic.List`1<UnityEngine.Vector4>::System.Collections.ICollection.get_SyncRoot()	mscorlib
List_1_System_Collections_IList_get_IsFixedSize_m2497371301_gshared	System.Boolean System.Collections.Generic.List`1<UnityEngine.Vector4>::System.Collections.IList.get_IsFixedSize()	mscorlib
List_1_System_Collections_IList_get_IsReadOnly_m3278465421_gshared	System.Boolean System.Collections.Generic.List`1<UnityEngine.Vector4>::System.Collections.IList.get_IsReadOnly()	mscorlib
List_1_System_Collections_IList_get_Item_m2010200267_gshared	System.Object System.Collections.Generic.List`1<UnityEngine.Vector4>::System.Collections.IList.get_Item(System.Int32)	mscorlib
List_1_System_Collections_IList_set_Item_m4221377313_gshared	System.Void System.Collections.Generic.List`1<UnityEngine.Vector4>::System.Collections.IList.set_Item(System.Int32,System.Object)	mscorlib
List_1_GrowIfNeeded_m1280661103_gshared	System.Void System.Collections.Generic.List`1<UnityEngine.Vector4>::GrowIfNeeded(System.Int32)	mscorlib
List_1_AddCollection_m1676622506_gshared	System.Void System.Collections.Generic.List`1<UnityEngine.Vector4>::AddCollection(System.Collections.Generic.ICollection`1<T>)	mscorlib
List_1_AddEnumerable_m2295992518_gshared	System.Void System.Collections.Generic.List`1<UnityEngine.Vector4>::AddEnumerable(System.Collections.Generic.IEnumerable`1<T>)	mscorlib
List_1_AsReadOnly_m4010532130_gshared	System.Collections.ObjectModel.ReadOnlyCollection`1<T> System.Collections.Generic.List`1<UnityEngine.Vector4>::AsReadOnly()	mscorlib
List_1_Contains_m2043463915_gshared	System.Boolean System.Collections.Generic.List`1<UnityEngine.Vector4>::Contains(T)	mscorlib
List_1_CopyTo_m4034402519_gshared	System.Void System.Collections.Generic.List`1<UnityEngine.Vector4>::CopyTo(T[],System.Int32)	mscorlib
List_1_Find_m1094234857_gshared	T System.Collections.Generic.List`1<UnityEngine.Vector4>::Find(System.Predicate`1<T>)	mscorlib
List_1_CheckMatch_m2544320858_gshared	System.Void System.Collections.Generic.List`1<UnityEngine.Vector4>::CheckMatch(System.Predicate`1<T>)	mscorlib
List_1_GetIndex_m582784660_gshared	System.Int32 System.Collections.Generic.List`1<UnityEngine.Vector4>::GetIndex(System.Int32,System.Int32,System.Predicate`1<T>)	mscorlib
List_1_GetEnumerator_m2002930564_gshared	System.Collections.Generic.List`1/Enumerator<T> System.Collections.Generic.List`1<UnityEngine.Vector4>::GetEnumerator()	mscorlib
List_1_IndexOf_m1382728160_gshared	System.Int32 System.Collections.Generic.List`1<UnityEngine.Vector4>::IndexOf(T)	mscorlib
List_1_Shift_m2171864160_gshared	System.Void System.Collections.Generic.List`1<UnityEngine.Vector4>::Shift(System.Int32,System.Int32)	mscorlib
List_1_CheckIndex_m3933537097_gshared	System.Void System.Collections.Generic.List`1<UnityEngine.Vector4>::CheckIndex(System.Int32)	mscorlib
List_1_Insert_m1781696722_gshared	System.Void System.Collections.Generic.List`1<UnityEngine.Vector4>::Insert(System.Int32,T)	mscorlib
List_1_CheckCollection_m3678196246_gshared	System.Void System.Collections.Generic.List`1<UnityEngine.Vector4>::CheckCollection(System.Collections.Generic.IEnumerable`1<T>)	mscorlib
List_1_Remove_m2092443302_gshared	System.Boolean System.Collections.Generic.List`1<UnityEngine.Vector4>::Remove(T)	mscorlib
List_1_RemoveAll_m4060629799_gshared	System.Int32 System.Collections.Generic.List`1<UnityEngine.Vector4>::RemoveAll(System.Predicate`1<T>)	mscorlib
List_1_RemoveAt_m3304170338_gshared	System.Void System.Collections.Generic.List`1<UnityEngine.Vector4>::RemoveAt(System.Int32)	mscorlib
List_1_Reverse_m1445355384_gshared	System.Void System.Collections.Generic.List`1<UnityEngine.Vector4>::Reverse()	mscorlib
List_1_Sort_m807421478_gshared	System.Void System.Collections.Generic.List`1<UnityEngine.Vector4>::Sort()	mscorlib
List_1_Sort_m434801140_gshared	System.Void System.Collections.Generic.List`1<UnityEngine.Vector4>::Sort(System.Comparison`1<T>)	mscorlib
List_1_ToArray_m4056539300_gshared	T[] System.Collections.Generic.List`1<UnityEngine.Vector4>::ToArray()	mscorlib
List_1_TrimExcess_m75792608_gshared	System.Void System.Collections.Generic.List`1<UnityEngine.Vector4>::TrimExcess()	mscorlib
List_1_get_Capacity_m1216621925_gshared	System.Int32 System.Collections.Generic.List`1<UnityEngine.Vector4>::get_Capacity()	mscorlib
List_1_set_Capacity_m749715762_gshared	System.Void System.Collections.Generic.List`1<UnityEngine.Vector4>::set_Capacity(System.Int32)	mscorlib
List_1_get_Count_m1817261570_gshared	System.Int32 System.Collections.Generic.List`1<UnityEngine.Vector4>::get_Count()	mscorlib
Enumerator__ctor_m3618492419_AdjustorThunk	System.Void System.Collections.Generic.Queue`1/Enumerator<UnityEngine.UnitySynchronizationContext/WorkRequest>::.ctor(System.Collections.Generic.Queue`1<T>)	System
Enumerator_System_Collections_IEnumerator_Reset_m2261065994_AdjustorThunk	System.Void System.Collections.Generic.Queue`1/Enumerator<UnityEngine.UnitySynchronizationContext/WorkRequest>::System.Collections.IEnumerator.Reset()	System
Enumerator_System_Collections_IEnumerator_get_Current_m2946853317_AdjustorThunk	System.Object System.Collections.Generic.Queue`1/Enumerator<UnityEngine.UnitySynchronizationContext/WorkRequest>::System.Collections.IEnumerator.get_Current()	System
Enumerator_Dispose_m277244561_AdjustorThunk	System.Void System.Collections.Generic.Queue`1/Enumerator<UnityEngine.UnitySynchronizationContext/WorkRequest>::Dispose()	System
Enumerator_MoveNext_m2902100033_AdjustorThunk	System.Boolean System.Collections.Generic.Queue`1/Enumerator<UnityEngine.UnitySynchronizationContext/WorkRequest>::MoveNext()	System
Enumerator_get_Current_m2282646120_AdjustorThunk	T System.Collections.Generic.Queue`1/Enumerator<UnityEngine.UnitySynchronizationContext/WorkRequest>::get_Current()	System
Queue_1__ctor_m263978079_gshared	System.Void System.Collections.Generic.Queue`1<UnityEngine.UnitySynchronizationContext/WorkRequest>::.ctor()	System
Queue_1_System_Collections_ICollection_CopyTo_m3452613063_gshared	System.Void System.Collections.Generic.Queue`1<UnityEngine.UnitySynchronizationContext/WorkRequest>::System.Collections.ICollection.CopyTo(System.Array,System.Int32)	System
Queue_1_System_Collections_ICollection_get_IsSynchronized_m3891649842_gshared	System.Boolean System.Collections.Generic.Queue`1<UnityEngine.UnitySynchronizationContext/WorkRequest>::System.Collections.ICollection.get_IsSynchronized()	System
Queue_1_System_Collections_ICollection_get_SyncRoot_m2296777650_gshared	System.Object System.Collections.Generic.Queue`1<UnityEngine.UnitySynchronizationContext/WorkRequest>::System.Collections.ICollection.get_SyncRoot()	System
Queue_1_System_Collections_Generic_IEnumerableU3CTU3E_GetEnumerator_m2263220760_gshared	System.Collections.Generic.IEnumerator`1<T> System.Collections.Generic.Queue`1<UnityEngine.UnitySynchronizationContext/WorkRequest>::System.Collections.Generic.IEnumerable<T>.GetEnumerator()	System
Queue_1_System_Collections_IEnumerable_GetEnumerator_m3464578225_gshared	System.Collections.IEnumerator System.Collections.Generic.Queue`1<UnityEngine.UnitySynchronizationContext/WorkRequest>::System.Collections.IEnumerable.GetEnumerator()	System
Queue_1_Peek_m1713833142_gshared	T System.Collections.Generic.Queue`1<UnityEngine.UnitySynchronizationContext/WorkRequest>::Peek()	System
Queue_1_GetEnumerator_m3312077919_gshared	System.Collections.Generic.Queue`1/Enumerator<T> System.Collections.Generic.Queue`1<UnityEngine.UnitySynchronizationContext/WorkRequest>::GetEnumerator()	System
Collection_1__ctor_m3341257071_gshared	System.Void System.Collections.ObjectModel.Collection`1<System.Int32>::.ctor()	mscorlib
Collection_1_System_Collections_Generic_ICollectionU3CTU3E_get_IsReadOnly_m2710155433_gshared	System.Boolean System.Collections.ObjectModel.Collection`1<System.Int32>::System.Collections.Generic.ICollection<T>.get_IsReadOnly()	mscorlib
Collection_1_System_Collections_ICollection_CopyTo_m1205472272_gshared	System.Void System.Collections.ObjectModel.Collection`1<System.Int32>::System.Collections.ICollection.CopyTo(System.Array,System.Int32)	mscorlib
Collection_1_System_Collections_IEnumerable_GetEnumerator_m1376351129_gshared	System.Collections.IEnumerator System.Collections.ObjectModel.Collection`1<System.Int32>::System.Collections.IEnumerable.GetEnumerator()	mscorlib
Collection_1_System_Collections_IList_Add_m486799860_gshared	System.Int32 System.Collections.ObjectModel.Collection`1<System.Int32>::System.Collections.IList.Add(System.Object)	mscorlib
Collection_1_System_Collections_IList_Contains_m1232730805_gshared	System.Boolean System.Collections.ObjectModel.Collection`1<System.Int32>::System.Collections.IList.Contains(System.Object)	mscorlib
Collection_1_System_Collections_IList_IndexOf_m2903056794_gshared	System.Int32 System.Collections.ObjectModel.Collection`1<System.Int32>::System.Collections.IList.IndexOf(System.Object)	mscorlib
Collection_1_System_Collections_IList_Insert_m1447714882_gshared	System.Void System.Collections.ObjectModel.Collection`1<System.Int32>::System.Collections.IList.Insert(System.Int32,System.Object)	mscorlib
Collection_1_System_Collections_IList_Remove_m1867238753_gshared	System.Void System.Collections.ObjectModel.Collection`1<System.Int32>::System.Collections.IList.Remove(System.Object)	mscorlib
Collection_1_System_Collections_ICollection_get_IsSynchronized_m2085179365_gshared	System.Boolean System.Collections.ObjectModel.Collection`1<System.Int32>::System.Collections.ICollection.get_IsSynchronized()	mscorlib
Collection_1_System_Collections_ICollection_get_SyncRoot_m115602947_gshared	System.Object System.Collections.ObjectModel.Collection`1<System.Int32>::System.Collections.ICollection.get_SyncRoot()	mscorlib
Collection_1_System_Collections_IList_get_IsFixedSize_m2381305389_gshared	System.Boolean System.Collections.ObjectModel.Collection`1<System.Int32>::System.Collections.IList.get_IsFixedSize()	mscorlib
Collection_1_System_Collections_IList_get_IsReadOnly_m773226719_gshared	System.Boolean System.Collections.ObjectModel.Collection`1<System.Int32>::System.Collections.IList.get_IsReadOnly()	mscorlib
Collection_1_System_Collections_IList_get_Item_m3293544775_gshared	System.Object System.Collections.ObjectModel.Collection`1<System.Int32>::System.Collections.IList.get_Item(System.Int32)	mscorlib
Collection_1_System_Collections_IList_set_Item_m380569184_gshared	System.Void System.Collections.ObjectModel.Collection`1<System.Int32>::System.Collections.IList.set_Item(System.Int32,System.Object)	mscorlib
Collection_1_Add_m701147988_gshared	System.Void System.Collections.ObjectModel.Collection`1<System.Int32>::Add(T)	mscorlib
Collection_1_Clear_m2676183985_gshared	System.Void System.Collections.ObjectModel.Collection`1<System.Int32>::Clear()	mscorlib
Collection_1_ClearItems_m2656738997_gshared	System.Void System.Collections.ObjectModel.Collection`1<System.Int32>::ClearItems()	mscorlib
Collection_1_Contains_m3290645796_gshared	System.Boolean System.Collections.ObjectModel.Collection`1<System.Int32>::Contains(T)	mscorlib
Collection_1_CopyTo_m3776324248_gshared	System.Void System.Collections.ObjectModel.Collection`1<System.Int32>::CopyTo(T[],System.Int32)	mscorlib
Collection_1_GetEnumerator_m4179858616_gshared	System.Collections.Generic.IEnumerator`1<T> System.Collections.ObjectModel.Collection`1<System.Int32>::GetEnumerator()	mscorlib
Collection_1_IndexOf_m3762683187_gshared	System.Int32 System.Collections.ObjectModel.Collection`1<System.Int32>::IndexOf(T)	mscorlib
Collection_1_Insert_m184125410_gshared	System.Void System.Collections.ObjectModel.Collection`1<System.Int32>::Insert(System.Int32,T)	mscorlib
Collection_1_InsertItem_m2467411606_gshared	System.Void System.Collections.ObjectModel.Collection`1<System.Int32>::InsertItem(System.Int32,T)	mscorlib
Collection_1_Remove_m3749269482_gshared	System.Boolean System.Collections.ObjectModel.Collection`1<System.Int32>::Remove(T)	mscorlib
Collection_1_RemoveAt_m3473300983_gshared	System.Void System.Collections.ObjectModel.Collection`1<System.Int32>::RemoveAt(System.Int32)	mscorlib
Collection_1_RemoveItem_m3024245829_gshared	System.Void System.Collections.ObjectModel.Collection`1<System.Int32>::RemoveItem(System.Int32)	mscorlib
Collection_1_get_Count_m3411178618_gshared	System.Int32 System.Collections.ObjectModel.Collection`1<System.Int32>::get_Count()	mscorlib
Collection_1_get_Item_m1773274637_gshared	T System.Collections.ObjectModel.Collection`1<System.Int32>::get_Item(System.Int32)	mscorlib
Collection_1_set_Item_m2508033871_gshared	System.Void System.Collections.ObjectModel.Collection`1<System.Int32>::set_Item(System.Int32,T)	mscorlib
Collection_1_SetItem_m1218178236_gshared	System.Void System.Collections.ObjectModel.Collection`1<System.Int32>::SetItem(System.Int32,T)	mscorlib
Collection_1_IsValidItem_m3080586124_gshared	System.Boolean System.Collections.ObjectModel.Collection`1<System.Int32>::IsValidItem(System.Object)	mscorlib
Collection_1_ConvertItem_m3668799111_gshared	T System.Collections.ObjectModel.Collection`1<System.Int32>::ConvertItem(System.Object)	mscorlib
Collection_1_CheckWritable_m1823541104_gshared	System.Void System.Collections.ObjectModel.Collection`1<System.Int32>::CheckWritable(System.Collections.Generic.IList`1<T>)	mscorlib
Collection_1_IsSynchronized_m3542739234_gshared	System.Boolean System.Collections.ObjectModel.Collection`1<System.Int32>::IsSynchronized(System.Collections.Generic.IList`1<T>)	mscorlib
Collection_1_IsFixedSize_m3012843063_gshared	System.Boolean System.Collections.ObjectModel.Collection`1<System.Int32>::IsFixedSize(System.Collections.Generic.IList`1<T>)	mscorlib
Collection_1__ctor_m3380123530_gshared	System.Void System.Collections.ObjectModel.Collection`1<System.Reflection.CustomAttributeNamedArgument>::.ctor()	mscorlib
Collection_1_System_Collections_Generic_ICollectionU3CTU3E_get_IsReadOnly_m2759388582_gshared	System.Boolean System.Collections.ObjectModel.Collection`1<System.Reflection.CustomAttributeNamedArgument>::System.Collections.Generic.ICollection<T>.get_IsReadOnly()	mscorlib
Collection_1_System_Collections_ICollection_CopyTo_m1091651328_gshared	System.Void System.Collections.ObjectModel.Collection`1<System.Reflection.CustomAttributeNamedArgument>::System.Collections.ICollection.CopyTo(System.Array,System.Int32)	mscorlib
Collection_1_System_Collections_IEnumerable_GetEnumerator_m835943801_gshared	System.Collections.IEnumerator System.Collections.ObjectModel.Collection`1<System.Reflection.CustomAttributeNamedArgument>::System.Collections.IEnumerable.GetEnumerator()	mscorlib
Collection_1_System_Collections_IList_Add_m1225163487_gshared	System.Int32 System.Collections.ObjectModel.Collection`1<System.Reflection.CustomAttributeNamedArgument>::System.Collections.IList.Add(System.Object)	mscorlib
Collection_1_System_Collections_IList_Contains_m3551606021_gshared	System.Boolean System.Collections.ObjectModel.Collection`1<System.Reflection.CustomAttributeNamedArgument>::System.Collections.IList.Contains(System.Object)	mscorlib
Collection_1_System_Collections_IList_IndexOf_m3786556474_gshared	System.Int32 System.Collections.ObjectModel.Collection`1<System.Reflection.CustomAttributeNamedArgument>::System.Collections.IList.IndexOf(System.Object)	mscorlib
Collection_1_System_Collections_IList_Insert_m665731615_gshared	System.Void System.Collections.ObjectModel.Collection`1<System.Reflection.CustomAttributeNamedArgument>::System.Collections.IList.Insert(System.Int32,System.Object)	mscorlib
Collection_1_System_Collections_IList_Remove_m1376852449_gshared	System.Void System.Collections.ObjectModel.Collection`1<System.Reflection.CustomAttributeNamedArgument>::System.Collections.IList.Remove(System.Object)	mscorlib
Collection_1_System_Collections_ICollection_get_IsSynchronized_m46313006_gshared	System.Boolean System.Collections.ObjectModel.Collection`1<System.Reflection.CustomAttributeNamedArgument>::System.Collections.ICollection.get_IsSynchronized()	mscorlib
Collection_1_System_Collections_ICollection_get_SyncRoot_m2229947369_gshared	System.Object System.Collections.ObjectModel.Collection`1<System.Reflection.CustomAttributeNamedArgument>::System.Collections.ICollection.get_SyncRoot()	mscorlib
Collection_1_System_Collections_IList_get_IsFixedSize_m1381321093_gshared	System.Boolean System.Collections.ObjectModel.Collection`1<System.Reflection.CustomAttributeNamedArgument>::System.Collections.IList.get_IsFixedSize()	mscorlib
Collection_1_System_Collections_IList_get_IsReadOnly_m838092998_gshared	System.Boolean System.Collections.ObjectModel.Collection`1<System.Reflection.CustomAttributeNamedArgument>::System.Collections.IList.get_IsReadOnly()	mscorlib
Collection_1_System_Collections_IList_get_Item_m1368877441_gshared	System.Object System.Collections.ObjectModel.Collection`1<System.Reflection.CustomAttributeNamedArgument>::System.Collections.IList.get_Item(System.Int32)	mscorlib
Collection_1_System_Collections_IList_set_Item_m3534631570_gshared	System.Void System.Collections.ObjectModel.Collection`1<System.Reflection.CustomAttributeNamedArgument>::System.Collections.IList.set_Item(System.Int32,System.Object)	mscorlib
Collection_1_Add_m1736908447_gshared	System.Void System.Collections.ObjectModel.Collection`1<System.Reflection.CustomAttributeNamedArgument>::Add(T)	mscorlib
Collection_1_Clear_m1802910984_gshared	System.Void System.Collections.ObjectModel.Collection`1<System.Reflection.CustomAttributeNamedArgument>::Clear()	mscorlib
Collection_1_ClearItems_m2079015882_gshared	System.Void System.Collections.ObjectModel.Collection`1<System.Reflection.CustomAttributeNamedArgument>::ClearItems()	mscorlib
Collection_1_Contains_m1635530429_gshared	System.Boolean System.Collections.ObjectModel.Collection`1<System.Reflection.CustomAttributeNamedArgument>::Contains(T)	mscorlib
Collection_1_CopyTo_m2405591765_gshared	System.Void System.Collections.ObjectModel.Collection`1<System.Reflection.CustomAttributeNamedArgument>::CopyTo(T[],System.Int32)	mscorlib
Collection_1_GetEnumerator_m1824095167_gshared	System.Collections.Generic.IEnumerator`1<T> System.Collections.ObjectModel.Collection`1<System.Reflection.CustomAttributeNamedArgument>::GetEnumerator()	mscorlib
Collection_1_IndexOf_m202514423_gshared	System.Int32 System.Collections.ObjectModel.Collection`1<System.Reflection.CustomAttributeNamedArgument>::IndexOf(T)	mscorlib
Collection_1_Insert_m4064447728_gshared	System.Void System.Collections.ObjectModel.Collection`1<System.Reflection.CustomAttributeNamedArgument>::Insert(System.Int32,T)	mscorlib
Collection_1_InsertItem_m353733697_gshared	System.Void System.Collections.ObjectModel.Collection`1<System.Reflection.CustomAttributeNamedArgument>::InsertItem(System.Int32,T)	mscorlib
Collection_1_Remove_m1394514143_gshared	System.Boolean System.Collections.ObjectModel.Collection`1<System.Reflection.CustomAttributeNamedArgument>::Remove(T)	mscorlib
Collection_1_RemoveAt_m2594497299_gshared	System.Void System.Collections.ObjectModel.Collection`1<System.Reflection.CustomAttributeNamedArgument>::RemoveAt(System.Int32)	mscorlib
Collection_1_RemoveItem_m1131853396_gshared	System.Void System.Collections.ObjectModel.Collection`1<System.Reflection.CustomAttributeNamedArgument>::RemoveItem(System.Int32)	mscorlib
Collection_1_get_Count_m4116549002_gshared	System.Int32 System.Collections.ObjectModel.Collection`1<System.Reflection.CustomAttributeNamedArgument>::get_Count()	mscorlib
Collection_1_get_Item_m320095871_gshared	T System.Collections.ObjectModel.Collection`1<System.Reflection.CustomAttributeNamedArgument>::get_Item(System.Int32)	mscorlib
Collection_1_set_Item_m3534473787_gshared	System.Void System.Collections.ObjectModel.Collection`1<System.Reflection.CustomAttributeNamedArgument>::set_Item(System.Int32,T)	mscorlib
Collection_1_SetItem_m1660144856_gshared	System.Void System.Collections.ObjectModel.Collection`1<System.Reflection.CustomAttributeNamedArgument>::SetItem(System.Int32,T)	mscorlib
Collection_1_IsValidItem_m1475436662_gshared	System.Boolean System.Collections.ObjectModel.Collection`1<System.Reflection.CustomAttributeNamedArgument>::IsValidItem(System.Object)	mscorlib
Collection_1_ConvertItem_m1981511297_gshared	T System.Collections.ObjectModel.Collection`1<System.Reflection.CustomAttributeNamedArgument>::ConvertItem(System.Object)	mscorlib
Collection_1_CheckWritable_m1826758503_gshared	System.Void System.Collections.ObjectModel.Collection`1<System.Reflection.CustomAttributeNamedArgument>::CheckWritable(System.Collections.Generic.IList`1<T>)	mscorlib
Collection_1_IsSynchronized_m3714553018_gshared	System.Boolean System.Collections.ObjectModel.Collection`1<System.Reflection.CustomAttributeNamedArgument>::IsSynchronized(System.Collections.Generic.IList`1<T>)	mscorlib
Collection_1_IsFixedSize_m3709118201_gshared	System.Boolean System.Collections.ObjectModel.Collection`1<System.Reflection.CustomAttributeNamedArgument>::IsFixedSize(System.Collections.Generic.IList`1<T>)	mscorlib
Collection_1__ctor_m2425854902_gshared	System.Void System.Collections.ObjectModel.Collection`1<System.Reflection.CustomAttributeTypedArgument>::.ctor()	mscorlib
Collection_1_System_Collections_Generic_ICollectionU3CTU3E_get_IsReadOnly_m1419845799_gshared	System.Boolean System.Collections.ObjectModel.Collection`1<System.Reflection.CustomAttributeTypedArgument>::System.Collections.Generic.ICollection<T>.get_IsReadOnly()	mscorlib
Collection_1_System_Collections_ICollection_CopyTo_m1516601228_gshared	System.Void System.Collections.ObjectModel.Collection`1<System.Reflection.CustomAttributeTypedArgument>::System.Collections.ICollection.CopyTo(System.Array,System.Int32)	mscorlib
Collection_1_System_Collections_IEnumerable_GetEnumerator_m2770152814_gshared	System.Collections.IEnumerator System.Collections.ObjectModel.Collection`1<System.Reflection.CustomAttributeTypedArgument>::System.Collections.IEnumerable.GetEnumerator()	mscorlib
Collection_1_System_Collections_IList_Add_m4130721479_gshared	System.Int32 System.Collections.ObjectModel.Collection`1<System.Reflection.CustomAttributeTypedArgument>::System.Collections.IList.Add(System.Object)	mscorlib
Collection_1_System_Collections_IList_Contains_m770254693_gshared	System.Boolean System.Collections.ObjectModel.Collection`1<System.Reflection.CustomAttributeTypedArgument>::System.Collections.IList.Contains(System.Object)	mscorlib
Collection_1_System_Collections_IList_IndexOf_m4096172810_gshared	System.Int32 System.Collections.ObjectModel.Collection`1<System.Reflection.CustomAttributeTypedArgument>::System.Collections.IList.IndexOf(System.Object)	mscorlib
Collection_1_System_Collections_IList_Insert_m238083555_gshared	System.Void System.Collections.ObjectModel.Collection`1<System.Reflection.CustomAttributeTypedArgument>::System.Collections.IList.Insert(System.Int32,System.Object)	mscorlib
Collection_1_System_Collections_IList_Remove_m4145242747_gshared	System.Void System.Collections.ObjectModel.Collection`1<System.Reflection.CustomAttributeTypedArgument>::System.Collections.IList.Remove(System.Object)	mscorlib
Collection_1_System_Collections_ICollection_get_IsSynchronized_m1220042356_gshared	System.Boolean System.Collections.ObjectModel.Collection`1<System.Reflection.CustomAttributeTypedArgument>::System.Collections.ICollection.get_IsSynchronized()	mscorlib
Collection_1_System_Collections_ICollection_get_SyncRoot_m2514790028_gshared	System.Object System.Collections.ObjectModel.Collection`1<System.Reflection.CustomAttributeTypedArgument>::System.Collections.ICollection.get_SyncRoot()	mscorlib
Collection_1_System_Collections_IList_get_IsFixedSize_m4009503353_gshared	System.Boolean System.Collections.ObjectModel.Collection`1<System.Reflection.CustomAttributeTypedArgument>::System.Collections.IList.get_IsFixedSize()	mscorlib
Collection_1_System_Collections_IList_get_IsReadOnly_m3928924451_gshared	System.Boolean System.Collections.ObjectModel.Collection`1<System.Reflection.CustomAttributeTypedArgument>::System.Collections.IList.get_IsReadOnly()	mscorlib
Collection_1_System_Collections_IList_get_Item_m4270028271_gshared	System.Object System.Collections.ObjectModel.Collection`1<System.Reflection.CustomAttributeTypedArgument>::System.Collections.IList.get_Item(System.Int32)	mscorlib
Collection_1_System_Collections_IList_set_Item_m4234446892_gshared	System.Void System.Collections.ObjectModel.Collection`1<System.Reflection.CustomAttributeTypedArgument>::System.Collections.IList.set_Item(System.Int32,System.Object)	mscorlib
Collection_1_Add_m1180505945_gshared	System.Void System.Collections.ObjectModel.Collection`1<System.Reflection.CustomAttributeTypedArgument>::Add(T)	mscorlib
Collection_1_Clear_m1850706650_gshared	System.Void System.Collections.ObjectModel.Collection`1<System.Reflection.CustomAttributeTypedArgument>::Clear()	mscorlib
Collection_1_ClearItems_m4018514455_gshared	System.Void System.Collections.ObjectModel.Collection`1<System.Reflection.CustomAttributeTypedArgument>::ClearItems()	mscorlib
Collection_1_Contains_m981881783_gshared	System.Boolean System.Collections.ObjectModel.Collection`1<System.Reflection.CustomAttributeTypedArgument>::Contains(T)	mscorlib
Collection_1_CopyTo_m3142835220_gshared	System.Void System.Collections.ObjectModel.Collection`1<System.Reflection.CustomAttributeTypedArgument>::CopyTo(T[],System.Int32)	mscorlib
Collection_1_GetEnumerator_m1651518914_gshared	System.Collections.Generic.IEnumerator`1<T> System.Collections.ObjectModel.Collection`1<System.Reflection.CustomAttributeTypedArgument>::GetEnumerator()	mscorlib
Collection_1_IndexOf_m2150223968_gshared	System.Int32 System.Collections.ObjectModel.Collection`1<System.Reflection.CustomAttributeTypedArgument>::IndexOf(T)	mscorlib
Collection_1_Insert_m3320865810_gshared	System.Void System.Collections.ObjectModel.Collection`1<System.Reflection.CustomAttributeTypedArgument>::Insert(System.Int32,T)	mscorlib
Collection_1_InsertItem_m168969280_gshared	System.Void System.Collections.ObjectModel.Collection`1<System.Reflection.CustomAttributeTypedArgument>::InsertItem(System.Int32,T)	mscorlib
Collection_1_Remove_m3611142372_gshared	System.Boolean System.Collections.ObjectModel.Collection`1<System.Reflection.CustomAttributeTypedArgument>::Remove(T)	mscorlib
Collection_1_RemoveAt_m1763805052_gshared	System.Void System.Collections.ObjectModel.Collection`1<System.Reflection.CustomAttributeTypedArgument>::RemoveAt(System.Int32)	mscorlib
Collection_1_RemoveItem_m1793654223_gshared	System.Void System.Collections.ObjectModel.Collection`1<System.Reflection.CustomAttributeTypedArgument>::RemoveItem(System.Int32)	mscorlib
Collection_1_get_Count_m3580287489_gshared	System.Int32 System.Collections.ObjectModel.Collection`1<System.Reflection.CustomAttributeTypedArgument>::get_Count()	mscorlib
Collection_1_get_Item_m1493027586_gshared	T System.Collections.ObjectModel.Collection`1<System.Reflection.CustomAttributeTypedArgument>::get_Item(System.Int32)	mscorlib
Collection_1_set_Item_m3051224697_gshared	System.Void System.Collections.ObjectModel.Collection`1<System.Reflection.CustomAttributeTypedArgument>::set_Item(System.Int32,T)	mscorlib
Collection_1_SetItem_m1252556583_gshared	System.Void System.Collections.ObjectModel.Collection`1<System.Reflection.CustomAttributeTypedArgument>::SetItem(System.Int32,T)	mscorlib
Collection_1_IsValidItem_m93481171_gshared	System.Boolean System.Collections.ObjectModel.Collection`1<System.Reflection.CustomAttributeTypedArgument>::IsValidItem(System.Object)	mscorlib
Collection_1_ConvertItem_m169929357_gshared	T System.Collections.ObjectModel.Collection`1<System.Reflection.CustomAttributeTypedArgument>::ConvertItem(System.Object)	mscorlib
Collection_1_CheckWritable_m2948668795_gshared	System.Void System.Collections.ObjectModel.Collection`1<System.Reflection.CustomAttributeTypedArgument>::CheckWritable(System.Collections.Generic.IList`1<T>)	mscorlib
Collection_1_IsSynchronized_m1075865569_gshared	System.Boolean System.Collections.ObjectModel.Collection`1<System.Reflection.CustomAttributeTypedArgument>::IsSynchronized(System.Collections.Generic.IList`1<T>)	mscorlib
Collection_1_IsFixedSize_m1332190758_gshared	System.Boolean System.Collections.ObjectModel.Collection`1<System.Reflection.CustomAttributeTypedArgument>::IsFixedSize(System.Collections.Generic.IList`1<T>)	mscorlib
Collection_1__ctor_m825528237_gshared	System.Void System.Collections.ObjectModel.Collection`1<UnityEngine.BeforeRenderHelper/OrderBlock>::.ctor()	mscorlib
Collection_1_System_Collections_Generic_ICollectionU3CTU3E_get_IsReadOnly_m1032650589_gshared	System.Boolean System.Collections.ObjectModel.Collection`1<UnityEngine.BeforeRenderHelper/OrderBlock>::System.Collections.Generic.ICollection<T>.get_IsReadOnly()	mscorlib
Collection_1_System_Collections_ICollection_CopyTo_m1586379243_gshared	System.Void System.Collections.ObjectModel.Collection`1<UnityEngine.BeforeRenderHelper/OrderBlock>::System.Collections.ICollection.CopyTo(System.Array,System.Int32)	mscorlib
Collection_1_System_Collections_IEnumerable_GetEnumerator_m1975594176_gshared	System.Collections.IEnumerator System.Collections.ObjectModel.Collection`1<UnityEngine.BeforeRenderHelper/OrderBlock>::System.Collections.IEnumerable.GetEnumerator()	mscorlib
Collection_1_System_Collections_IList_Add_m2416802040_gshared	System.Int32 System.Collections.ObjectModel.Collection`1<UnityEngine.BeforeRenderHelper/OrderBlock>::System.Collections.IList.Add(System.Object)	mscorlib
Collection_1_System_Collections_IList_Contains_m2070247420_gshared	System.Boolean System.Collections.ObjectModel.Collection`1<UnityEngine.BeforeRenderHelper/OrderBlock>::System.Collections.IList.Contains(System.Object)	mscorlib
Collection_1_System_Collections_IList_IndexOf_m2366012874_gshared	System.Int32 System.Collections.ObjectModel.Collection`1<UnityEngine.BeforeRenderHelper/OrderBlock>::System.Collections.IList.IndexOf(System.Object)	mscorlib
Collection_1_System_Collections_IList_Insert_m1312748629_gshared	System.Void System.Collections.ObjectModel.Collection`1<UnityEngine.BeforeRenderHelper/OrderBlock>::System.Collections.IList.Insert(System.Int32,System.Object)	mscorlib
Collection_1_System_Collections_IList_Remove_m3891161183_gshared	System.Void System.Collections.ObjectModel.Collection`1<UnityEngine.BeforeRenderHelper/OrderBlock>::System.Collections.IList.Remove(System.Object)	mscorlib
Collection_1_System_Collections_ICollection_get_IsSynchronized_m2918440696_gshared	System.Boolean System.Collections.ObjectModel.Collection`1<UnityEngine.BeforeRenderHelper/OrderBlock>::System.Collections.ICollection.get_IsSynchronized()	mscorlib
Collection_1_System_Collections_ICollection_get_SyncRoot_m1542100736_gshared	System.Object System.Collections.ObjectModel.Collection`1<UnityEngine.BeforeRenderHelper/OrderBlock>::System.Collections.ICollection.get_SyncRoot()	mscorlib
Collection_1_System_Collections_IList_get_IsFixedSize_m445124839_gshared	System.Boolean System.Collections.ObjectModel.Collection`1<UnityEngine.BeforeRenderHelper/OrderBlock>::System.Collections.IList.get_IsFixedSize()	mscorlib
Collection_1_System_Collections_IList_get_IsReadOnly_m3752820326_gshared	System.Boolean System.Collections.ObjectModel.Collection`1<UnityEngine.BeforeRenderHelper/OrderBlock>::System.Collections.IList.get_IsReadOnly()	mscorlib
Collection_1_System_Collections_IList_get_Item_m3426129749_gshared	System.Object System.Collections.ObjectModel.Collection`1<UnityEngine.BeforeRenderHelper/OrderBlock>::System.Collections.IList.get_Item(System.Int32)	mscorlib
Collection_1_System_Collections_IList_set_Item_m3791803266_gshared	System.Void System.Collections.ObjectModel.Collection`1<UnityEngine.BeforeRenderHelper/OrderBlock>::System.Collections.IList.set_Item(System.Int32,System.Object)	mscorlib
Collection_1_Add_m4226064992_gshared	System.Void System.Collections.ObjectModel.Collection`1<UnityEngine.BeforeRenderHelper/OrderBlock>::Add(T)	mscorlib
Collection_1_Clear_m4039872710_gshared	System.Void System.Collections.ObjectModel.Collection`1<UnityEngine.BeforeRenderHelper/OrderBlock>::Clear()	mscorlib
Collection_1_ClearItems_m1634557848_gshared	System.Void System.Collections.ObjectModel.Collection`1<UnityEngine.BeforeRenderHelper/OrderBlock>::ClearItems()	mscorlib
Collection_1_Contains_m2137629355_gshared	System.Boolean System.Collections.ObjectModel.Collection`1<UnityEngine.BeforeRenderHelper/OrderBlock>::Contains(T)	mscorlib
Collection_1_CopyTo_m4278237485_gshared	System.Void System.Collections.ObjectModel.Collection`1<UnityEngine.BeforeRenderHelper/OrderBlock>::CopyTo(T[],System.Int32)	mscorlib
Collection_1_GetEnumerator_m3986802482_gshared	System.Collections.Generic.IEnumerator`1<T> System.Collections.ObjectModel.Collection`1<UnityEngine.BeforeRenderHelper/OrderBlock>::GetEnumerator()	mscorlib
Collection_1_IndexOf_m3352223004_gshared	System.Int32 System.Collections.ObjectModel.Collection`1<UnityEngine.BeforeRenderHelper/OrderBlock>::IndexOf(T)	mscorlib
Collection_1_Insert_m429619567_gshared	System.Void System.Collections.ObjectModel.Collection`1<UnityEngine.BeforeRenderHelper/OrderBlock>::Insert(System.Int32,T)	mscorlib
Collection_1_InsertItem_m3944342621_gshared	System.Void System.Collections.ObjectModel.Collection`1<UnityEngine.BeforeRenderHelper/OrderBlock>::InsertItem(System.Int32,T)	mscorlib
Collection_1_Remove_m2147931020_gshared	System.Boolean System.Collections.ObjectModel.Collection`1<UnityEngine.BeforeRenderHelper/OrderBlock>::Remove(T)	mscorlib
Collection_1_RemoveAt_m1813368096_gshared	System.Void System.Collections.ObjectModel.Collection`1<UnityEngine.BeforeRenderHelper/OrderBlock>::RemoveAt(System.Int32)	mscorlib
Collection_1_RemoveItem_m343558876_gshared	System.Void System.Collections.ObjectModel.Collection`1<UnityEngine.BeforeRenderHelper/OrderBlock>::RemoveItem(System.Int32)	mscorlib
Collection_1_get_Count_m88089283_gshared	System.Int32 System.Collections.ObjectModel.Collection`1<UnityEngine.BeforeRenderHelper/OrderBlock>::get_Count()	mscorlib
Collection_1_get_Item_m2420155551_gshared	T System.Collections.ObjectModel.Collection`1<UnityEngine.BeforeRenderHelper/OrderBlock>::get_Item(System.Int32)	mscorlib
Collection_1_set_Item_m3113853128_gshared	System.Void System.Collections.ObjectModel.Collection`1<UnityEngine.BeforeRenderHelper/OrderBlock>::set_Item(System.Int32,T)	mscorlib
Collection_1_SetItem_m3298315861_gshared	System.Void System.Collections.ObjectModel.Collection`1<UnityEngine.BeforeRenderHelper/OrderBlock>::SetItem(System.Int32,T)	mscorlib
Collection_1_IsValidItem_m2228990663_gshared	System.Boolean System.Collections.ObjectModel.Collection`1<UnityEngine.BeforeRenderHelper/OrderBlock>::IsValidItem(System.Object)	mscorlib
Collection_1_ConvertItem_m66946637_gshared	T System.Collections.ObjectModel.Collection`1<UnityEngine.BeforeRenderHelper/OrderBlock>::ConvertItem(System.Object)	mscorlib
Collection_1_CheckWritable_m4189907202_gshared	System.Void System.Collections.ObjectModel.Collection`1<UnityEngine.BeforeRenderHelper/OrderBlock>::CheckWritable(System.Collections.Generic.IList`1<T>)	mscorlib
Collection_1_IsSynchronized_m1618360515_gshared	System.Boolean System.Collections.ObjectModel.Collection`1<UnityEngine.BeforeRenderHelper/OrderBlock>::IsSynchronized(System.Collections.Generic.IList`1<T>)	mscorlib
Collection_1_IsFixedSize_m1317669805_gshared	System.Boolean System.Collections.ObjectModel.Collection`1<UnityEngine.BeforeRenderHelper/OrderBlock>::IsFixedSize(System.Collections.Generic.IList`1<T>)	mscorlib
Collection_1__ctor_m2567115113_gshared	System.Void System.Collections.ObjectModel.Collection`1<UnityEngine.Color32>::.ctor()	mscorlib
Collection_1_System_Collections_Generic_ICollectionU3CTU3E_get_IsReadOnly_m4134422013_gshared	System.Boolean System.Collections.ObjectModel.Collection`1<UnityEngine.Color32>::System.Collections.Generic.ICollection<T>.get_IsReadOnly()	mscorlib
Collection_1_System_Collections_ICollection_CopyTo_m5285659_gshared	System.Void System.Collections.ObjectModel.Collection`1<UnityEngine.Color32>::System.Collections.ICollection.CopyTo(System.Array,System.Int32)	mscorlib
Collection_1_System_Collections_IEnumerable_GetEnumerator_m2331214269_gshared	System.Collections.IEnumerator System.Collections.ObjectModel.Collection`1<UnityEngine.Color32>::System.Collections.IEnumerable.GetEnumerator()	mscorlib
Collection_1_System_Collections_IList_Add_m3523284545_gshared	System.Int32 System.Collections.ObjectModel.Collection`1<UnityEngine.Color32>::System.Collections.IList.Add(System.Object)	mscorlib
Collection_1_System_Collections_IList_Contains_m3397768605_gshared	System.Boolean System.Collections.ObjectModel.Collection`1<UnityEngine.Color32>::System.Collections.IList.Contains(System.Object)	mscorlib
Collection_1_System_Collections_IList_IndexOf_m3271188411_gshared	System.Int32 System.Collections.ObjectModel.Collection`1<UnityEngine.Color32>::System.Collections.IList.IndexOf(System.Object)	mscorlib
Collection_1_System_Collections_IList_Insert_m1082337854_gshared	System.Void System.Collections.ObjectModel.Collection`1<UnityEngine.Color32>::System.Collections.IList.Insert(System.Int32,System.Object)	mscorlib
Collection_1_System_Collections_IList_Remove_m1476284619_gshared	System.Void System.Collections.ObjectModel.Collection`1<UnityEngine.Color32>::System.Collections.IList.Remove(System.Object)	mscorlib
Collection_1_System_Collections_ICollection_get_IsSynchronized_m1640823718_gshared	System.Boolean System.Collections.ObjectModel.Collection`1<UnityEngine.Color32>::System.Collections.ICollection.get_IsSynchronized()	mscorlib
Collection_1_System_Collections_ICollection_get_SyncRoot_m1366515121_gshared	System.Object System.Collections.ObjectModel.Collection`1<UnityEngine.Color32>::System.Collections.ICollection.get_SyncRoot()	mscorlib
Collection_1_System_Collections_IList_get_IsFixedSize_m1405161344_gshared	System.Boolean System.Collections.ObjectModel.Collection`1<UnityEngine.Color32>::System.Collections.IList.get_IsFixedSize()	mscorlib
Collection_1_System_Collections_IList_get_IsReadOnly_m4084244672_gshared	System.Boolean System.Collections.ObjectModel.Collection`1<UnityEngine.Color32>::System.Collections.IList.get_IsReadOnly()	mscorlib
Collection_1_System_Collections_IList_get_Item_m2422562729_gshared	System.Object System.Collections.ObjectModel.Collection`1<UnityEngine.Color32>::System.Collections.IList.get_Item(System.Int32)	mscorlib
Collection_1_System_Collections_IList_set_Item_m4249768453_gshared	System.Void System.Collections.ObjectModel.Collection`1<UnityEngine.Color32>::System.Collections.IList.set_Item(System.Int32,System.Object)	mscorlib
Collection_1_Add_m1050937178_gshared	System.Void System.Collections.ObjectModel.Collection`1<UnityEngine.Color32>::Add(T)	mscorlib
Collection_1_Clear_m2682779892_gshared	System.Void System.Collections.ObjectModel.Collection`1<UnityEngine.Color32>::Clear()	mscorlib
Collection_1_ClearItems_m2728738230_gshared	System.Void System.Collections.ObjectModel.Collection`1<UnityEngine.Color32>::ClearItems()	mscorlib
Collection_1_Contains_m3960178049_gshared	System.Boolean System.Collections.ObjectModel.Collection`1<UnityEngine.Color32>::Contains(T)	mscorlib
Collection_1_CopyTo_m1351356450_gshared	System.Void System.Collections.ObjectModel.Collection`1<UnityEngine.Color32>::CopyTo(T[],System.Int32)	mscorlib
Collection_1_GetEnumerator_m1126338847_gshared	System.Collections.Generic.IEnumerator`1<T> System.Collections.ObjectModel.Collection`1<UnityEngine.Color32>::GetEnumerator()	mscorlib
Collection_1_IndexOf_m3672533141_gshared	System.Int32 System.Collections.ObjectModel.Collection`1<UnityEngine.Color32>::IndexOf(T)	mscorlib
Collection_1_Insert_m3628361809_gshared	System.Void System.Collections.ObjectModel.Collection`1<UnityEngine.Color32>::Insert(System.Int32,T)	mscorlib
Collection_1_InsertItem_m1769868998_gshared	System.Void System.Collections.ObjectModel.Collection`1<UnityEngine.Color32>::InsertItem(System.Int32,T)	mscorlib
Collection_1_Remove_m3022471627_gshared	System.Boolean System.Collections.ObjectModel.Collection`1<UnityEngine.Color32>::Remove(T)	mscorlib
Collection_1_RemoveAt_m3828722247_gshared	System.Void System.Collections.ObjectModel.Collection`1<UnityEngine.Color32>::RemoveAt(System.Int32)	mscorlib
Collection_1_RemoveItem_m3705475086_gshared	System.Void System.Collections.ObjectModel.Collection`1<UnityEngine.Color32>::RemoveItem(System.Int32)	mscorlib
Collection_1_get_Count_m3285674630_gshared	System.Int32 System.Collections.ObjectModel.Collection`1<UnityEngine.Color32>::get_Count()	mscorlib
Collection_1_get_Item_m1405296108_gshared	T System.Collections.ObjectModel.Collection`1<UnityEngine.Color32>::get_Item(System.Int32)	mscorlib
Collection_1_set_Item_m3564541406_gshared	System.Void System.Collections.ObjectModel.Collection`1<UnityEngine.Color32>::set_Item(System.Int32,T)	mscorlib
Collection_1_SetItem_m605100262_gshared	System.Void System.Collections.ObjectModel.Collection`1<UnityEngine.Color32>::SetItem(System.Int32,T)	mscorlib
Collection_1_IsValidItem_m3865853065_gshared	System.Boolean System.Collections.ObjectModel.Collection`1<UnityEngine.Color32>::IsValidItem(System.Object)	mscorlib
Collection_1_ConvertItem_m492501417_gshared	T System.Collections.ObjectModel.Collection`1<UnityEngine.Color32>::ConvertItem(System.Object)	mscorlib
Collection_1_CheckWritable_m1586584257_gshared	System.Void System.Collections.ObjectModel.Collection`1<UnityEngine.Color32>::CheckWritable(System.Collections.Generic.IList`1<T>)	mscorlib
Collection_1_IsSynchronized_m4171956644_gshared	System.Boolean System.Collections.ObjectModel.Collection`1<UnityEngine.Color32>::IsSynchronized(System.Collections.Generic.IList`1<T>)	mscorlib
Collection_1_IsFixedSize_m439271340_gshared	System.Boolean System.Collections.ObjectModel.Collection`1<UnityEngine.Color32>::IsFixedSize(System.Collections.Generic.IList`1<T>)	mscorlib
Collection_1__ctor_m2786975168_gshared	System.Void System.Collections.ObjectModel.Collection`1<UnityEngine.EventSystems.RaycastResult>::.ctor()	mscorlib
Collection_1_System_Collections_Generic_ICollectionU3CTU3E_get_IsReadOnly_m2322158129_gshared	System.Boolean System.Collections.ObjectModel.Collection`1<UnityEngine.EventSystems.RaycastResult>::System.Collections.Generic.ICollection<T>.get_IsReadOnly()	mscorlib
Collection_1_System_Collections_ICollection_CopyTo_m2832735628_gshared	System.Void System.Collections.ObjectModel.Collection`1<UnityEngine.EventSystems.RaycastResult>::System.Collections.ICollection.CopyTo(System.Array,System.Int32)	mscorlib
Collection_1_System_Collections_IEnumerable_GetEnumerator_m1248348407_gshared	System.Collections.IEnumerator System.Collections.ObjectModel.Collection`1<UnityEngine.EventSystems.RaycastResult>::System.Collections.IEnumerable.GetEnumerator()	mscorlib
Collection_1_System_Collections_IList_Add_m3364892189_gshared	System.Int32 System.Collections.ObjectModel.Collection`1<UnityEngine.EventSystems.RaycastResult>::System.Collections.IList.Add(System.Object)	mscorlib
Collection_1_System_Collections_IList_Contains_m541474733_gshared	System.Boolean System.Collections.ObjectModel.Collection`1<UnityEngine.EventSystems.RaycastResult>::System.Collections.IList.Contains(System.Object)	mscorlib
Collection_1_System_Collections_IList_IndexOf_m3894953546_gshared	System.Int32 System.Collections.ObjectModel.Collection`1<UnityEngine.EventSystems.RaycastResult>::System.Collections.IList.IndexOf(System.Object)	mscorlib
Collection_1_System_Collections_IList_Insert_m1578684526_gshared	System.Void System.Collections.ObjectModel.Collection`1<UnityEngine.EventSystems.RaycastResult>::System.Collections.IList.Insert(System.Int32,System.Object)	mscorlib
Collection_1_System_Collections_IList_Remove_m3800279569_gshared	System.Void System.Collections.ObjectModel.Collection`1<UnityEngine.EventSystems.RaycastResult>::System.Collections.IList.Remove(System.Object)	mscorlib
Collection_1_System_Collections_ICollection_get_IsSynchronized_m3296404134_gshared	System.Boolean System.Collections.ObjectModel.Collection`1<UnityEngine.EventSystems.RaycastResult>::System.Collections.ICollection.get_IsSynchronized()	mscorlib
Collection_1_System_Collections_ICollection_get_SyncRoot_m1659213062_gshared	System.Object System.Collections.ObjectModel.Collection`1<UnityEngine.EventSystems.RaycastResult>::System.Collections.ICollection.get_SyncRoot()	mscorlib
Collection_1_System_Collections_IList_get_IsFixedSize_m3898710915_gshared	System.Boolean System.Collections.ObjectModel.Collection`1<UnityEngine.EventSystems.RaycastResult>::System.Collections.IList.get_IsFixedSize()	mscorlib
Collection_1_System_Collections_IList_get_IsReadOnly_m2202364665_gshared	System.Boolean System.Collections.ObjectModel.Collection`1<UnityEngine.EventSystems.RaycastResult>::System.Collections.IList.get_IsReadOnly()	mscorlib
Collection_1_System_Collections_IList_get_Item_m3651807887_gshared	System.Object System.Collections.ObjectModel.Collection`1<UnityEngine.EventSystems.RaycastResult>::System.Collections.IList.get_Item(System.Int32)	mscorlib
Collection_1_System_Collections_IList_set_Item_m876512695_gshared	System.Void System.Collections.ObjectModel.Collection`1<UnityEngine.EventSystems.RaycastResult>::System.Collections.IList.set_Item(System.Int32,System.Object)	mscorlib
Collection_1_Add_m809543251_gshared	System.Void System.Collections.ObjectModel.Collection`1<UnityEngine.EventSystems.RaycastResult>::Add(T)	mscorlib
Collection_1_Clear_m2603085718_gshared	System.Void System.Collections.ObjectModel.Collection`1<UnityEngine.EventSystems.RaycastResult>::Clear()	mscorlib
Collection_1_ClearItems_m1642813056_gshared	System.Void System.Collections.ObjectModel.Collection`1<UnityEngine.EventSystems.RaycastResult>::ClearItems()	mscorlib
Collection_1_Contains_m189679656_gshared	System.Boolean System.Collections.ObjectModel.Collection`1<UnityEngine.EventSystems.RaycastResult>::Contains(T)	mscorlib
Collection_1_CopyTo_m2074515280_gshared	System.Void System.Collections.ObjectModel.Collection`1<UnityEngine.EventSystems.RaycastResult>::CopyTo(T[],System.Int32)	mscorlib
Collection_1_GetEnumerator_m3990758110_gshared	System.Collections.Generic.IEnumerator`1<T> System.Collections.ObjectModel.Collection`1<UnityEngine.EventSystems.RaycastResult>::GetEnumerator()	mscorlib
Collection_1_IndexOf_m971442381_gshared	System.Int32 System.Collections.ObjectModel.Collection`1<UnityEngine.EventSystems.RaycastResult>::IndexOf(T)	mscorlib
Collection_1_Insert_m747097472_gshared	System.Void System.Collections.ObjectModel.Collection`1<UnityEngine.EventSystems.RaycastResult>::Insert(System.Int32,T)	mscorlib
Collection_1_InsertItem_m1697804600_gshared	System.Void System.Collections.ObjectModel.Collection`1<UnityEngine.EventSystems.RaycastResult>::InsertItem(System.Int32,T)	mscorlib
Collection_1_Remove_m1028090446_gshared	System.Boolean System.Collections.ObjectModel.Collection`1<UnityEngine.EventSystems.RaycastResult>::Remove(T)	mscorlib
Collection_1_RemoveAt_m2240641437_gshared	System.Void System.Collections.ObjectModel.Collection`1<UnityEngine.EventSystems.RaycastResult>::RemoveAt(System.Int32)	mscorlib
Collection_1_RemoveItem_m2911050674_gshared	System.Void System.Collections.ObjectModel.Collection`1<UnityEngine.EventSystems.RaycastResult>::RemoveItem(System.Int32)	mscorlib
Collection_1_get_Count_m2882398454_gshared	System.Int32 System.Collections.ObjectModel.Collection`1<UnityEngine.EventSystems.RaycastResult>::get_Count()	mscorlib
Collection_1_get_Item_m2815060627_gshared	T System.Collections.ObjectModel.Collection`1<UnityEngine.EventSystems.RaycastResult>::get_Item(System.Int32)	mscorlib
Collection_1_set_Item_m3756018377_gshared	System.Void System.Collections.ObjectModel.Collection`1<UnityEngine.EventSystems.RaycastResult>::set_Item(System.Int32,T)	mscorlib
Collection_1_SetItem_m2109164320_gshared	System.Void System.Collections.ObjectModel.Collection`1<UnityEngine.EventSystems.RaycastResult>::SetItem(System.Int32,T)	mscorlib
Collection_1_IsValidItem_m745209230_gshared	System.Boolean System.Collections.ObjectModel.Collection`1<UnityEngine.EventSystems.RaycastResult>::IsValidItem(System.Object)	mscorlib
Collection_1_ConvertItem_m1520610223_gshared	T System.Collections.ObjectModel.Collection`1<UnityEngine.EventSystems.RaycastResult>::ConvertItem(System.Object)	mscorlib
Collection_1_CheckWritable_m3351764735_gshared	System.Void System.Collections.ObjectModel.Collection`1<UnityEngine.EventSystems.RaycastResult>::CheckWritable(System.Collections.Generic.IList`1<T>)	mscorlib
Collection_1_IsSynchronized_m13647692_gshared	System.Boolean System.Collections.ObjectModel.Collection`1<UnityEngine.EventSystems.RaycastResult>::IsSynchronized(System.Collections.Generic.IList`1<T>)	mscorlib
Collection_1_IsFixedSize_m609371284_gshared	System.Boolean System.Collections.ObjectModel.Collection`1<UnityEngine.EventSystems.RaycastResult>::IsFixedSize(System.Collections.Generic.IList`1<T>)	mscorlib
Collection_1__ctor_m1698822176_gshared	System.Void System.Collections.ObjectModel.Collection`1<UnityEngine.UICharInfo>::.ctor()	mscorlib
Collection_1_System_Collections_Generic_ICollectionU3CTU3E_get_IsReadOnly_m3534923892_gshared	System.Boolean System.Collections.ObjectModel.Collection`1<UnityEngine.UICharInfo>::System.Collections.Generic.ICollection<T>.get_IsReadOnly()	mscorlib
Collection_1_System_Collections_ICollection_CopyTo_m2236588249_gshared	System.Void System.Collections.ObjectModel.Collection`1<UnityEngine.UICharInfo>::System.Collections.ICollection.CopyTo(System.Array,System.Int32)	mscorlib
Collection_1_System_Collections_IEnumerable_GetEnumerator_m2668928206_gshared	System.Collections.IEnumerator System.Collections.ObjectModel.Collection`1<UnityEngine.UICharInfo>::System.Collections.IEnumerable.GetEnumerator()	mscorlib
Collection_1_System_Collections_IList_Add_m1403891193_gshared	System.Int32 System.Collections.ObjectModel.Collection`1<UnityEngine.UICharInfo>::System.Collections.IList.Add(System.Object)	mscorlib
Collection_1_System_Collections_IList_Contains_m3701412152_gshared	System.Boolean System.Collections.ObjectModel.Collection`1<UnityEngine.UICharInfo>::System.Collections.IList.Contains(System.Object)	mscorlib
Collection_1_System_Collections_IList_IndexOf_m3360434989_gshared	System.Int32 System.Collections.ObjectModel.Collection`1<UnityEngine.UICharInfo>::System.Collections.IList.IndexOf(System.Object)	mscorlib
Collection_1_System_Collections_IList_Insert_m2043632350_gshared	System.Void System.Collections.ObjectModel.Collection`1<UnityEngine.UICharInfo>::System.Collections.IList.Insert(System.Int32,System.Object)	mscorlib
Collection_1_System_Collections_IList_Remove_m3435210914_gshared	System.Void System.Collections.ObjectModel.Collection`1<UnityEngine.UICharInfo>::System.Collections.IList.Remove(System.Object)	mscorlib
Collection_1_System_Collections_ICollection_get_IsSynchronized_m1839086514_gshared	System.Boolean System.Collections.ObjectModel.Collection`1<UnityEngine.UICharInfo>::System.Collections.ICollection.get_IsSynchronized()	mscorlib
Collection_1_System_Collections_ICollection_get_SyncRoot_m1797027618_gshared	System.Object System.Collections.ObjectModel.Collection`1<UnityEngine.UICharInfo>::System.Collections.ICollection.get_SyncRoot()	mscorlib
Collection_1_System_Collections_IList_get_IsFixedSize_m214626114_gshared	System.Boolean System.Collections.ObjectModel.Collection`1<UnityEngine.UICharInfo>::System.Collections.IList.get_IsFixedSize()	mscorlib
Collection_1_System_Collections_IList_get_IsReadOnly_m3388856773_gshared	System.Boolean System.Collections.ObjectModel.Collection`1<UnityEngine.UICharInfo>::System.Collections.IList.get_IsReadOnly()	mscorlib
Collection_1_System_Collections_IList_get_Item_m1677338752_gshared	System.Object System.Collections.ObjectModel.Collection`1<UnityEngine.UICharInfo>::System.Collections.IList.get_Item(System.Int32)	mscorlib
Collection_1_System_Collections_IList_set_Item_m2355356541_gshared	System.Void System.Collections.ObjectModel.Collection`1<UnityEngine.UICharInfo>::System.Collections.IList.set_Item(System.Int32,System.Object)	mscorlib
Collection_1_Add_m3860636938_gshared	System.Void System.Collections.ObjectModel.Collection`1<UnityEngine.UICharInfo>::Add(T)	mscorlib
Collection_1_Clear_m2465453002_gshared	System.Void System.Collections.ObjectModel.Collection`1<UnityEngine.UICharInfo>::Clear()	mscorlib
Collection_1_ClearItems_m258576500_gshared	System.Void System.Collections.ObjectModel.Collection`1<UnityEngine.UICharInfo>::ClearItems()	mscorlib
Collection_1_Contains_m3057491264_gshared	System.Boolean System.Collections.ObjectModel.Collection`1<UnityEngine.UICharInfo>::Contains(T)	mscorlib
Collection_1_CopyTo_m756458445_gshared	System.Void System.Collections.ObjectModel.Collection`1<UnityEngine.UICharInfo>::CopyTo(T[],System.Int32)	mscorlib
Collection_1_GetEnumerator_m521229886_gshared	System.Collections.Generic.IEnumerator`1<T> System.Collections.ObjectModel.Collection`1<UnityEngine.UICharInfo>::GetEnumerator()	mscorlib
Collection_1_IndexOf_m107588570_gshared	System.Int32 System.Collections.ObjectModel.Collection`1<UnityEngine.UICharInfo>::IndexOf(T)	mscorlib
Collection_1_Insert_m487079509_gshared	System.Void System.Collections.ObjectModel.Collection`1<UnityEngine.UICharInfo>::Insert(System.Int32,T)	mscorlib
Collection_1_InsertItem_m2655850824_gshared	System.Void System.Collections.ObjectModel.Collection`1<UnityEngine.UICharInfo>::InsertItem(System.Int32,T)	mscorlib
Collection_1_Remove_m4030926499_gshared	System.Boolean System.Collections.ObjectModel.Collection`1<UnityEngine.UICharInfo>::Remove(T)	mscorlib
Collection_1_RemoveAt_m3506636491_gshared	System.Void System.Collections.ObjectModel.Collection`1<UnityEngine.UICharInfo>::RemoveAt(System.Int32)	mscorlib
Collection_1_RemoveItem_m4288484076_gshared	System.Void System.Collections.ObjectModel.Collection`1<UnityEngine.UICharInfo>::RemoveItem(System.Int32)	mscorlib
Collection_1_get_Count_m962788822_gshared	System.Int32 System.Collections.ObjectModel.Collection`1<UnityEngine.UICharInfo>::get_Count()	mscorlib
Collection_1_get_Item_m582558707_gshared	T System.Collections.ObjectModel.Collection`1<UnityEngine.UICharInfo>::get_Item(System.Int32)	mscorlib
Collection_1_set_Item_m2355850893_gshared	System.Void System.Collections.ObjectModel.Collection`1<UnityEngine.UICharInfo>::set_Item(System.Int32,T)	mscorlib
Collection_1_SetItem_m941095285_gshared	System.Void System.Collections.ObjectModel.Collection`1<UnityEngine.UICharInfo>::SetItem(System.Int32,T)	mscorlib
Collection_1_IsValidItem_m3527606717_gshared	System.Boolean System.Collections.ObjectModel.Collection`1<UnityEngine.UICharInfo>::IsValidItem(System.Object)	mscorlib
Collection_1_ConvertItem_m1556170494_gshared	T System.Collections.ObjectModel.Collection`1<UnityEngine.UICharInfo>::ConvertItem(System.Object)	mscorlib
Collection_1_CheckWritable_m3480342093_gshared	System.Void System.Collections.ObjectModel.Collection`1<UnityEngine.UICharInfo>::CheckWritable(System.Collections.Generic.IList`1<T>)	mscorlib
Collection_1_IsSynchronized_m2220669445_gshared	System.Boolean System.Collections.ObjectModel.Collection`1<UnityEngine.UICharInfo>::IsSynchronized(System.Collections.Generic.IList`1<T>)	mscorlib
Collection_1_IsFixedSize_m2242181315_gshared	System.Boolean System.Collections.ObjectModel.Collection`1<UnityEngine.UICharInfo>::IsFixedSize(System.Collections.Generic.IList`1<T>)	mscorlib
Collection_1__ctor_m938666128_gshared	System.Void System.Collections.ObjectModel.Collection`1<UnityEngine.UILineInfo>::.ctor()	mscorlib
Collection_1_System_Collections_Generic_ICollectionU3CTU3E_get_IsReadOnly_m216722205_gshared	System.Boolean System.Collections.ObjectModel.Collection`1<UnityEngine.UILineInfo>::System.Collections.Generic.ICollection<T>.get_IsReadOnly()	mscorlib
Collection_1_System_Collections_ICollection_CopyTo_m2541320340_gshared	System.Void System.Collections.ObjectModel.Collection`1<UnityEngine.UILineInfo>::System.Collections.ICollection.CopyTo(System.Array,System.Int32)	mscorlib
Collection_1_System_Collections_IEnumerable_GetEnumerator_m3047571880_gshared	System.Collections.IEnumerator System.Collections.ObjectModel.Collection`1<UnityEngine.UILineInfo>::System.Collections.IEnumerable.GetEnumerator()	mscorlib
Collection_1_System_Collections_IList_Add_m3667497629_gshared	System.Int32 System.Collections.ObjectModel.Collection`1<UnityEngine.UILineInfo>::System.Collections.IList.Add(System.Object)	mscorlib
Collection_1_System_Collections_IList_Contains_m2393482847_gshared	System.Boolean System.Collections.ObjectModel.Collection`1<UnityEngine.UILineInfo>::System.Collections.IList.Contains(System.Object)	mscorlib
Collection_1_System_Collections_IList_IndexOf_m328668474_gshared	System.Int32 System.Collections.ObjectModel.Collection`1<UnityEngine.UILineInfo>::System.Collections.IList.IndexOf(System.Object)	mscorlib
Collection_1_System_Collections_IList_Insert_m3446871088_gshared	System.Void System.Collections.ObjectModel.Collection`1<UnityEngine.UILineInfo>::System.Collections.IList.Insert(System.Int32,System.Object)	mscorlib
Collection_1_System_Collections_IList_Remove_m1957572751_gshared	System.Void System.Collections.ObjectModel.Collection`1<UnityEngine.UILineInfo>::System.Collections.IList.Remove(System.Object)	mscorlib
Collection_1_System_Collections_ICollection_get_IsSynchronized_m210085837_gshared	System.Boolean System.Collections.ObjectModel.Collection`1<UnityEngine.UILineInfo>::System.Collections.ICollection.get_IsSynchronized()	mscorlib
Collection_1_System_Collections_ICollection_get_SyncRoot_m1295303203_gshared	System.Object System.Collections.ObjectModel.Collection`1<UnityEngine.UILineInfo>::System.Collections.ICollection.get_SyncRoot()	mscorlib
Collection_1_System_Collections_IList_get_IsFixedSize_m2659115398_gshared	System.Boolean System.Collections.ObjectModel.Collection`1<UnityEngine.UILineInfo>::System.Collections.IList.get_IsFixedSize()	mscorlib
Collection_1_System_Collections_IList_get_IsReadOnly_m4292118938_gshared	System.Boolean System.Collections.ObjectModel.Collection`1<UnityEngine.UILineInfo>::System.Collections.IList.get_IsReadOnly()	mscorlib
Collection_1_System_Collections_IList_get_Item_m3430061500_gshared	System.Object System.Collections.ObjectModel.Collection`1<UnityEngine.UILineInfo>::System.Collections.IList.get_Item(System.Int32)	mscorlib
Collection_1_System_Collections_IList_set_Item_m4102777379_gshared	System.Void System.Collections.ObjectModel.Collection`1<UnityEngine.UILineInfo>::System.Collections.IList.set_Item(System.Int32,System.Object)	mscorlib
Collection_1_Add_m3747592157_gshared	System.Void System.Collections.ObjectModel.Collection`1<UnityEngine.UILineInfo>::Add(T)	mscorlib
Collection_1_Clear_m3662856124_gshared	System.Void System.Collections.ObjectModel.Collection`1<UnityEngine.UILineInfo>::Clear()	mscorlib
Collection_1_ClearItems_m636543682_gshared	System.Void System.Collections.ObjectModel.Collection`1<UnityEngine.UILineInfo>::ClearItems()	mscorlib
Collection_1_Contains_m692247505_gshared	System.Boolean System.Collections.ObjectModel.Collection`1<UnityEngine.UILineInfo>::Contains(T)	mscorlib
Collection_1_CopyTo_m4271769704_gshared	System.Void System.Collections.ObjectModel.Collection`1<UnityEngine.UILineInfo>::CopyTo(T[],System.Int32)	mscorlib
Collection_1_GetEnumerator_m2238768587_gshared	System.Collections.Generic.IEnumerator`1<T> System.Collections.ObjectModel.Collection`1<UnityEngine.UILineInfo>::GetEnumerator()	mscorlib
Collection_1_IndexOf_m594823407_gshared	System.Int32 System.Collections.ObjectModel.Collection`1<UnityEngine.UILineInfo>::IndexOf(T)	mscorlib
Collection_1_Insert_m2542726717_gshared	System.Void System.Collections.ObjectModel.Collection`1<UnityEngine.UILineInfo>::Insert(System.Int32,T)	mscorlib
Collection_1_InsertItem_m954500348_gshared	System.Void System.Collections.ObjectModel.Collection`1<UnityEngine.UILineInfo>::InsertItem(System.Int32,T)	mscorlib
Collection_1_Remove_m260196983_gshared	System.Boolean System.Collections.ObjectModel.Collection`1<UnityEngine.UILineInfo>::Remove(T)	mscorlib
Collection_1_RemoveAt_m1496527686_gshared	System.Void System.Collections.ObjectModel.Collection`1<UnityEngine.UILineInfo>::RemoveAt(System.Int32)	mscorlib
Collection_1_RemoveItem_m2501836766_gshared	System.Void System.Collections.ObjectModel.Collection`1<UnityEngine.UILineInfo>::RemoveItem(System.Int32)	mscorlib
Collection_1_get_Count_m344874246_gshared	System.Int32 System.Collections.ObjectModel.Collection`1<UnityEngine.UILineInfo>::get_Count()	mscorlib
Collection_1_get_Item_m980686231_gshared	T System.Collections.ObjectModel.Collection`1<UnityEngine.UILineInfo>::get_Item(System.Int32)	mscorlib
Collection_1_set_Item_m2534512220_gshared	System.Void System.Collections.ObjectModel.Collection`1<UnityEngine.UILineInfo>::set_Item(System.Int32,T)	mscorlib
Collection_1_SetItem_m4106373643_gshared	System.Void System.Collections.ObjectModel.Collection`1<UnityEngine.UILineInfo>::SetItem(System.Int32,T)	mscorlib
Collection_1_IsValidItem_m714924194_gshared	System.Boolean System.Collections.ObjectModel.Collection`1<UnityEngine.UILineInfo>::IsValidItem(System.Object)	mscorlib
Collection_1_ConvertItem_m4023613763_gshared	T System.Collections.ObjectModel.Collection`1<UnityEngine.UILineInfo>::ConvertItem(System.Object)	mscorlib
Collection_1_CheckWritable_m3225530705_gshared	System.Void System.Collections.ObjectModel.Collection`1<UnityEngine.UILineInfo>::CheckWritable(System.Collections.Generic.IList`1<T>)	mscorlib
Collection_1_IsSynchronized_m356730288_gshared	System.Boolean System.Collections.ObjectModel.Collection`1<UnityEngine.UILineInfo>::IsSynchronized(System.Collections.Generic.IList`1<T>)	mscorlib
Collection_1_IsFixedSize_m3748602684_gshared	System.Boolean System.Collections.ObjectModel.Collection`1<UnityEngine.UILineInfo>::IsFixedSize(System.Collections.Generic.IList`1<T>)	mscorlib
Collection_1__ctor_m3489157029_gshared	System.Void System.Collections.ObjectModel.Collection`1<UnityEngine.UIVertex>::.ctor()	mscorlib
Collection_1_System_Collections_Generic_ICollectionU3CTU3E_get_IsReadOnly_m2439431_gshared	System.Boolean System.Collections.ObjectModel.Collection`1<UnityEngine.UIVertex>::System.Collections.Generic.ICollection<T>.get_IsReadOnly()	mscorlib
Collection_1_System_Collections_ICollection_CopyTo_m787979241_gshared	System.Void System.Collections.ObjectModel.Collection`1<UnityEngine.UIVertex>::System.Collections.ICollection.CopyTo(System.Array,System.Int32)	mscorlib
Collection_1_System_Collections_IEnumerable_GetEnumerator_m801406918_gshared	System.Collections.IEnumerator System.Collections.ObjectModel.Collection`1<UnityEngine.UIVertex>::System.Collections.IEnumerable.GetEnumerator()	mscorlib
Collection_1_System_Collections_IList_Add_m2969482770_gshared	System.Int32 System.Collections.ObjectModel.Collection`1<UnityEngine.UIVertex>::System.Collections.IList.Add(System.Object)	mscorlib
Collection_1_System_Collections_IList_Contains_m296643274_gshared	System.Boolean System.Collections.ObjectModel.Collection`1<UnityEngine.UIVertex>::System.Collections.IList.Contains(System.Object)	mscorlib
Collection_1_System_Collections_IList_IndexOf_m4256072926_gshared	System.Int32 System.Collections.ObjectModel.Collection`1<UnityEngine.UIVertex>::System.Collections.IList.IndexOf(System.Object)	mscorlib
Collection_1_System_Collections_IList_Insert_m3939906216_gshared	System.Void System.Collections.ObjectModel.Collection`1<UnityEngine.UIVertex>::System.Collections.IList.Insert(System.Int32,System.Object)	mscorlib
Collection_1_System_Collections_IList_Remove_m1132402675_gshared	System.Void System.Collections.ObjectModel.Collection`1<UnityEngine.UIVertex>::System.Collections.IList.Remove(System.Object)	mscorlib
Collection_1_System_Collections_ICollection_get_IsSynchronized_m3942868872_gshared	System.Boolean System.Collections.ObjectModel.Collection`1<UnityEngine.UIVertex>::System.Collections.ICollection.get_IsSynchronized()	mscorlib
Collection_1_System_Collections_ICollection_get_SyncRoot_m3063354074_gshared	System.Object System.Collections.ObjectModel.Collection`1<UnityEngine.UIVertex>::System.Collections.ICollection.get_SyncRoot()	mscorlib
Collection_1_System_Collections_IList_get_IsFixedSize_m3315941971_gshared	System.Boolean System.Collections.ObjectModel.Collection`1<UnityEngine.UIVertex>::System.Collections.IList.get_IsFixedSize()	mscorlib
Collection_1_System_Collections_IList_get_IsReadOnly_m4039913433_gshared	System.Boolean System.Collections.ObjectModel.Collection`1<UnityEngine.UIVertex>::System.Collections.IList.get_IsReadOnly()	mscorlib
Collection_1_System_Collections_IList_get_Item_m3120008918_gshared	System.Object System.Collections.ObjectModel.Collection`1<UnityEngine.UIVertex>::System.Collections.IList.get_Item(System.Int32)	mscorlib
Collection_1_System_Collections_IList_set_Item_m3680659359_gshared	System.Void System.Collections.ObjectModel.Collection`1<UnityEngine.UIVertex>::System.Collections.IList.set_Item(System.Int32,System.Object)	mscorlib
Collection_1_Add_m4192171434_gshared	System.Void System.Collections.ObjectModel.Collection`1<UnityEngine.UIVertex>::Add(T)	mscorlib
Collection_1_Clear_m1202187437_gshared	System.Void System.Collections.ObjectModel.Collection`1<UnityEngine.UIVertex>::Clear()	mscorlib
Collection_1_ClearItems_m2531213793_gshared	System.Void System.Collections.ObjectModel.Collection`1<UnityEngine.UIVertex>::ClearItems()	mscorlib
Collection_1_Contains_m3619955795_gshared	System.Boolean System.Collections.ObjectModel.Collection`1<UnityEngine.UIVertex>::Contains(T)	mscorlib
Collection_1_CopyTo_m955200729_gshared	System.Void System.Collections.ObjectModel.Collection`1<UnityEngine.UIVertex>::CopyTo(T[],System.Int32)	mscorlib
Collection_1_GetEnumerator_m1409207647_gshared	System.Collections.Generic.IEnumerator`1<T> System.Collections.ObjectModel.Collection`1<UnityEngine.UIVertex>::GetEnumerator()	mscorlib
Collection_1_IndexOf_m3554911333_gshared	System.Int32 System.Collections.ObjectModel.Collection`1<UnityEngine.UIVertex>::IndexOf(T)	mscorlib
Collection_1_Insert_m2109031502_gshared	System.Void System.Collections.ObjectModel.Collection`1<UnityEngine.UIVertex>::Insert(System.Int32,T)	mscorlib
Collection_1_InsertItem_m1727883524_gshared	System.Void System.Collections.ObjectModel.Collection`1<UnityEngine.UIVertex>::InsertItem(System.Int32,T)	mscorlib
Collection_1_Remove_m2372638279_gshared	System.Boolean System.Collections.ObjectModel.Collection`1<UnityEngine.UIVertex>::Remove(T)	mscorlib
Collection_1_RemoveAt_m226266097_gshared	System.Void System.Collections.ObjectModel.Collection`1<UnityEngine.UIVertex>::RemoveAt(System.Int32)	mscorlib
Collection_1_RemoveItem_m1136316291_gshared	System.Void System.Collections.ObjectModel.Collection`1<UnityEngine.UIVertex>::RemoveItem(System.Int32)	mscorlib
Collection_1_get_Count_m1904779199_gshared	System.Int32 System.Collections.ObjectModel.Collection`1<UnityEngine.UIVertex>::get_Count()	mscorlib
Collection_1_get_Item_m2253972692_gshared	T System.Collections.ObjectModel.Collection`1<UnityEngine.UIVertex>::get_Item(System.Int32)	mscorlib
Collection_1_set_Item_m4280581817_gshared	System.Void System.Collections.ObjectModel.Collection`1<UnityEngine.UIVertex>::set_Item(System.Int32,T)	mscorlib
Collection_1_SetItem_m774004841_gshared	System.Void System.Collections.ObjectModel.Collection`1<UnityEngine.UIVertex>::SetItem(System.Int32,T)	mscorlib
Collection_1_IsValidItem_m411599567_gshared	System.Boolean System.Collections.ObjectModel.Collection`1<UnityEngine.UIVertex>::IsValidItem(System.Object)	mscorlib
Collection_1_ConvertItem_m3870088145_gshared	T System.Collections.ObjectModel.Collection`1<UnityEngine.UIVertex>::ConvertItem(System.Object)	mscorlib
Collection_1_CheckWritable_m1583234367_gshared	System.Void System.Collections.ObjectModel.Collection`1<UnityEngine.UIVertex>::CheckWritable(System.Collections.Generic.IList`1<T>)	mscorlib
Collection_1_IsSynchronized_m1117613618_gshared	System.Boolean System.Collections.ObjectModel.Collection`1<UnityEngine.UIVertex>::IsSynchronized(System.Collections.Generic.IList`1<T>)	mscorlib
Collection_1_IsFixedSize_m3123038610_gshared	System.Boolean System.Collections.ObjectModel.Collection`1<UnityEngine.UIVertex>::IsFixedSize(System.Collections.Generic.IList`1<T>)	mscorlib
Collection_1__ctor_m2277581063_gshared	System.Void System.Collections.ObjectModel.Collection`1<UnityEngine.Vector2>::.ctor()	mscorlib
Collection_1_System_Collections_Generic_ICollectionU3CTU3E_get_IsReadOnly_m3103099306_gshared	System.Boolean System.Collections.ObjectModel.Collection`1<UnityEngine.Vector2>::System.Collections.Generic.ICollection<T>.get_IsReadOnly()	mscorlib
Collection_1_System_Collections_ICollection_CopyTo_m3262686807_gshared	System.Void System.Collections.ObjectModel.Collection`1<UnityEngine.Vector2>::System.Collections.ICollection.CopyTo(System.Array,System.Int32)	mscorlib
Collection_1_System_Collections_IEnumerable_GetEnumerator_m1556664799_gshared	System.Collections.IEnumerator System.Collections.ObjectModel.Collection`1<UnityEngine.Vector2>::System.Collections.IEnumerable.GetEnumerator()	mscorlib
Collection_1_System_Collections_IList_Add_m1835235450_gshared	System.Int32 System.Collections.ObjectModel.Collection`1<UnityEngine.Vector2>::System.Collections.IList.Add(System.Object)	mscorlib
Collection_1_System_Collections_IList_Contains_m4026121020_gshared	System.Boolean System.Collections.ObjectModel.Collection`1<UnityEngine.Vector2>::System.Collections.IList.Contains(System.Object)	mscorlib
Collection_1_System_Collections_IList_IndexOf_m4249181785_gshared	System.Int32 System.Collections.ObjectModel.Collection`1<UnityEngine.Vector2>::System.Collections.IList.IndexOf(System.Object)	mscorlib
Collection_1_System_Collections_IList_Insert_m2404807565_gshared	System.Void System.Collections.ObjectModel.Collection`1<UnityEngine.Vector2>::System.Collections.IList.Insert(System.Int32,System.Object)	mscorlib
Collection_1_System_Collections_IList_Remove_m3037581697_gshared	System.Void System.Collections.ObjectModel.Collection`1<UnityEngine.Vector2>::System.Collections.IList.Remove(System.Object)	mscorlib
Collection_1_System_Collections_ICollection_get_IsSynchronized_m2228426193_gshared	System.Boolean System.Collections.ObjectModel.Collection`1<UnityEngine.Vector2>::System.Collections.ICollection.get_IsSynchronized()	mscorlib
Collection_1_System_Collections_ICollection_get_SyncRoot_m2525349246_gshared	System.Object System.Collections.ObjectModel.Collection`1<UnityEngine.Vector2>::System.Collections.ICollection.get_SyncRoot()	mscorlib
Collection_1_System_Collections_IList_get_IsFixedSize_m1196814129_gshared	System.Boolean System.Collections.ObjectModel.Collection`1<UnityEngine.Vector2>::System.Collections.IList.get_IsFixedSize()	mscorlib
Collection_1_System_Collections_IList_get_IsReadOnly_m2103316314_gshared	System.Boolean System.Collections.ObjectModel.Collection`1<UnityEngine.Vector2>::System.Collections.IList.get_IsReadOnly()	mscorlib
Collection_1_System_Collections_IList_get_Item_m3314684800_gshared	System.Object System.Collections.ObjectModel.Collection`1<UnityEngine.Vector2>::System.Collections.IList.get_Item(System.Int32)	mscorlib
Collection_1_System_Collections_IList_set_Item_m2625856224_gshared	System.Void System.Collections.ObjectModel.Collection`1<UnityEngine.Vector2>::System.Collections.IList.set_Item(System.Int32,System.Object)	mscorlib
Collection_1_Add_m1534228646_gshared	System.Void System.Collections.ObjectModel.Collection`1<UnityEngine.Vector2>::Add(T)	mscorlib
Collection_1_Clear_m3193274572_gshared	System.Void System.Collections.ObjectModel.Collection`1<UnityEngine.Vector2>::Clear()	mscorlib
Collection_1_ClearItems_m3220156826_gshared	System.Void System.Collections.ObjectModel.Collection`1<UnityEngine.Vector2>::ClearItems()	mscorlib
Collection_1_Contains_m1707523067_gshared	System.Boolean System.Collections.ObjectModel.Collection`1<UnityEngine.Vector2>::Contains(T)	mscorlib
Collection_1_CopyTo_m4213496053_gshared	System.Void System.Collections.ObjectModel.Collection`1<UnityEngine.Vector2>::CopyTo(T[],System.Int32)	mscorlib
Collection_1_GetEnumerator_m344341702_gshared	System.Collections.Generic.IEnumerator`1<T> System.Collections.ObjectModel.Collection`1<UnityEngine.Vector2>::GetEnumerator()	mscorlib
Collection_1_IndexOf_m3565398508_gshared	System.Int32 System.Collections.ObjectModel.Collection`1<UnityEngine.Vector2>::IndexOf(T)	mscorlib
Collection_1_Insert_m3799612791_gshared	System.Void System.Collections.ObjectModel.Collection`1<UnityEngine.Vector2>::Insert(System.Int32,T)	mscorlib
Collection_1_InsertItem_m1996433897_gshared	System.Void System.Collections.ObjectModel.Collection`1<UnityEngine.Vector2>::InsertItem(System.Int32,T)	mscorlib
Collection_1_Remove_m38999319_gshared	System.Boolean System.Collections.ObjectModel.Collection`1<UnityEngine.Vector2>::Remove(T)	mscorlib
Collection_1_RemoveAt_m3841405113_gshared	System.Void System.Collections.ObjectModel.Collection`1<UnityEngine.Vector2>::RemoveAt(System.Int32)	mscorlib
Collection_1_RemoveItem_m2942561924_gshared	System.Void System.Collections.ObjectModel.Collection`1<UnityEngine.Vector2>::RemoveItem(System.Int32)	mscorlib
Collection_1_get_Count_m179433091_gshared	System.Int32 System.Collections.ObjectModel.Collection`1<UnityEngine.Vector2>::get_Count()	mscorlib
Collection_1_get_Item_m1909559914_gshared	T System.Collections.ObjectModel.Collection`1<UnityEngine.Vector2>::get_Item(System.Int32)	mscorlib
Collection_1_set_Item_m4084225937_gshared	System.Void System.Collections.ObjectModel.Collection`1<UnityEngine.Vector2>::set_Item(System.Int32,T)	mscorlib
Collection_1_SetItem_m467943134_gshared	System.Void System.Collections.ObjectModel.Collection`1<UnityEngine.Vector2>::SetItem(System.Int32,T)	mscorlib
Collection_1_IsValidItem_m4061519318_gshared	System.Boolean System.Collections.ObjectModel.Collection`1<UnityEngine.Vector2>::IsValidItem(System.Object)	mscorlib
Collection_1_ConvertItem_m1576825196_gshared	T System.Collections.ObjectModel.Collection`1<UnityEngine.Vector2>::ConvertItem(System.Object)	mscorlib
Collection_1_CheckWritable_m3381316405_gshared	System.Void System.Collections.ObjectModel.Collection`1<UnityEngine.Vector2>::CheckWritable(System.Collections.Generic.IList`1<T>)	mscorlib
Collection_1_IsSynchronized_m2655903966_gshared	System.Boolean System.Collections.ObjectModel.Collection`1<UnityEngine.Vector2>::IsSynchronized(System.Collections.Generic.IList`1<T>)	mscorlib
Collection_1_IsFixedSize_m2175106491_gshared	System.Boolean System.Collections.ObjectModel.Collection`1<UnityEngine.Vector2>::IsFixedSize(System.Collections.Generic.IList`1<T>)	mscorlib
Collection_1__ctor_m2668765447_gshared	System.Void System.Collections.ObjectModel.Collection`1<UnityEngine.Vector3>::.ctor()	mscorlib
Collection_1_System_Collections_Generic_ICollectionU3CTU3E_get_IsReadOnly_m3592201488_gshared	System.Boolean System.Collections.ObjectModel.Collection`1<UnityEngine.Vector3>::System.Collections.Generic.ICollection<T>.get_IsReadOnly()	mscorlib
Collection_1_System_Collections_ICollection_CopyTo_m2784783113_gshared	System.Void System.Collections.ObjectModel.Collection`1<UnityEngine.Vector3>::System.Collections.ICollection.CopyTo(System.Array,System.Int32)	mscorlib
Collection_1_System_Collections_IEnumerable_GetEnumerator_m1598238343_gshared	System.Collections.IEnumerator System.Collections.ObjectModel.Collection`1<UnityEngine.Vector3>::System.Collections.IEnumerable.GetEnumerator()	mscorlib
Collection_1_System_Collections_IList_Add_m960664677_gshared	System.Int32 System.Collections.ObjectModel.Collection`1<UnityEngine.Vector3>::System.Collections.IList.Add(System.Object)	mscorlib
Collection_1_System_Collections_IList_Contains_m3348135931_gshared	System.Boolean System.Collections.ObjectModel.Collection`1<UnityEngine.Vector3>::System.Collections.IList.Contains(System.Object)	mscorlib
Collection_1_System_Collections_IList_IndexOf_m837396833_gshared	System.Int32 System.Collections.ObjectModel.Collection`1<UnityEngine.Vector3>::System.Collections.IList.IndexOf(System.Object)	mscorlib
Collection_1_System_Collections_IList_Insert_m131561980_gshared	System.Void System.Collections.ObjectModel.Collection`1<UnityEngine.Vector3>::System.Collections.IList.Insert(System.Int32,System.Object)	mscorlib
Collection_1_System_Collections_IList_Remove_m2611389232_gshared	System.Void System.Collections.ObjectModel.Collection`1<UnityEngine.Vector3>::System.Collections.IList.Remove(System.Object)	mscorlib
Collection_1_System_Collections_ICollection_get_IsSynchronized_m2702498661_gshared	System.Boolean System.Collections.ObjectModel.Collection`1<UnityEngine.Vector3>::System.Collections.ICollection.get_IsSynchronized()	mscorlib
Collection_1_System_Collections_ICollection_get_SyncRoot_m465942577_gshared	System.Object System.Collections.ObjectModel.Collection`1<UnityEngine.Vector3>::System.Collections.ICollection.get_SyncRoot()	mscorlib
Collection_1_System_Collections_IList_get_IsFixedSize_m989176001_gshared	System.Boolean System.Collections.ObjectModel.Collection`1<UnityEngine.Vector3>::System.Collections.IList.get_IsFixedSize()	mscorlib
Collection_1_System_Collections_IList_get_IsReadOnly_m2288996004_gshared	System.Boolean System.Collections.ObjectModel.Collection`1<UnityEngine.Vector3>::System.Collections.IList.get_IsReadOnly()	mscorlib
Collection_1_System_Collections_IList_get_Item_m2087137030_gshared	System.Object System.Collections.ObjectModel.Collection`1<UnityEngine.Vector3>::System.Collections.IList.get_Item(System.Int32)	mscorlib
Collection_1_System_Collections_IList_set_Item_m348138503_gshared	System.Void System.Collections.ObjectModel.Collection`1<UnityEngine.Vector3>::System.Collections.IList.set_Item(System.Int32,System.Object)	mscorlib
Collection_1_Add_m2672392358_gshared	System.Void System.Collections.ObjectModel.Collection`1<UnityEngine.Vector3>::Add(T)	mscorlib
Collection_1_Clear_m2266529996_gshared	System.Void System.Collections.ObjectModel.Collection`1<UnityEngine.Vector3>::Clear()	mscorlib
Collection_1_ClearItems_m4271644899_gshared	System.Void System.Collections.ObjectModel.Collection`1<UnityEngine.Vector3>::ClearItems()	mscorlib
Collection_1_Contains_m2544696728_gshared	System.Boolean System.Collections.ObjectModel.Collection`1<UnityEngine.Vector3>::Contains(T)	mscorlib
Collection_1_CopyTo_m2846959919_gshared	System.Void System.Collections.ObjectModel.Collection`1<UnityEngine.Vector3>::CopyTo(T[],System.Int32)	mscorlib
Collection_1_GetEnumerator_m760901162_gshared	System.Collections.Generic.IEnumerator`1<T> System.Collections.ObjectModel.Collection`1<UnityEngine.Vector3>::GetEnumerator()	mscorlib
Collection_1_IndexOf_m3565229457_gshared	System.Int32 System.Collections.ObjectModel.Collection`1<UnityEngine.Vector3>::IndexOf(T)	mscorlib
Collection_1_Insert_m2946046483_gshared	System.Void System.Collections.ObjectModel.Collection`1<UnityEngine.Vector3>::Insert(System.Int32,T)	mscorlib
Collection_1_InsertItem_m1829850438_gshared	System.Void System.Collections.ObjectModel.Collection`1<UnityEngine.Vector3>::InsertItem(System.Int32,T)	mscorlib
Collection_1_Remove_m2701917186_gshared	System.Boolean System.Collections.ObjectModel.Collection`1<UnityEngine.Vector3>::Remove(T)	mscorlib
Collection_1_RemoveAt_m2505650807_gshared	System.Void System.Collections.ObjectModel.Collection`1<UnityEngine.Vector3>::RemoveAt(System.Int32)	mscorlib
Collection_1_RemoveItem_m3294958821_gshared	System.Void System.Collections.ObjectModel.Collection`1<UnityEngine.Vector3>::RemoveItem(System.Int32)	mscorlib
Collection_1_get_Count_m179473378_gshared	System.Int32 System.Collections.ObjectModel.Collection`1<UnityEngine.Vector3>::get_Count()	mscorlib
Collection_1_get_Item_m2350896701_gshared	T System.Collections.ObjectModel.Collection`1<UnityEngine.Vector3>::get_Item(System.Int32)	mscorlib
Collection_1_set_Item_m480139225_gshared	System.Void System.Collections.ObjectModel.Collection`1<UnityEngine.Vector3>::set_Item(System.Int32,T)	mscorlib
Collection_1_SetItem_m794903769_gshared	System.Void System.Collections.ObjectModel.Collection`1<UnityEngine.Vector3>::SetItem(System.Int32,T)	mscorlib
Collection_1_IsValidItem_m1019351358_gshared	System.Boolean System.Collections.ObjectModel.Collection`1<UnityEngine.Vector3>::IsValidItem(System.Object)	mscorlib
Collection_1_ConvertItem_m2379573075_gshared	T System.Collections.ObjectModel.Collection`1<UnityEngine.Vector3>::ConvertItem(System.Object)	mscorlib
Collection_1_CheckWritable_m1480051876_gshared	System.Void System.Collections.ObjectModel.Collection`1<UnityEngine.Vector3>::CheckWritable(System.Collections.Generic.IList`1<T>)	mscorlib
Collection_1_IsSynchronized_m2291009199_gshared	System.Boolean System.Collections.ObjectModel.Collection`1<UnityEngine.Vector3>::IsSynchronized(System.Collections.Generic.IList`1<T>)	mscorlib
Collection_1_IsFixedSize_m1250041796_gshared	System.Boolean System.Collections.ObjectModel.Collection`1<UnityEngine.Vector3>::IsFixedSize(System.Collections.Generic.IList`1<T>)	mscorlib
Collection_1__ctor_m3908509959_gshared	System.Void System.Collections.ObjectModel.Collection`1<UnityEngine.Vector4>::.ctor()	mscorlib
Collection_1_System_Collections_Generic_ICollectionU3CTU3E_get_IsReadOnly_m136303623_gshared	System.Boolean System.Collections.ObjectModel.Collection`1<UnityEngine.Vector4>::System.Collections.Generic.ICollection<T>.get_IsReadOnly()	mscorlib
Collection_1_System_Collections_ICollection_CopyTo_m1300514422_gshared	System.Void System.Collections.ObjectModel.Collection`1<UnityEngine.Vector4>::System.Collections.ICollection.CopyTo(System.Array,System.Int32)	mscorlib
Collection_1_System_Collections_IEnumerable_GetEnumerator_m3596816767_gshared	System.Collections.IEnumerator System.Collections.ObjectModel.Collection`1<UnityEngine.Vector4>::System.Collections.IEnumerable.GetEnumerator()	mscorlib
Collection_1_System_Collections_IList_Add_m1802516464_gshared	System.Int32 System.Collections.ObjectModel.Collection`1<UnityEngine.Vector4>::System.Collections.IList.Add(System.Object)	mscorlib
Collection_1_System_Collections_IList_Contains_m2190526680_gshared	System.Boolean System.Collections.ObjectModel.Collection`1<UnityEngine.Vector4>::System.Collections.IList.Contains(System.Object)	mscorlib
Collection_1_System_Collections_IList_IndexOf_m2959896215_gshared	System.Int32 System.Collections.ObjectModel.Collection`1<UnityEngine.Vector4>::System.Collections.IList.IndexOf(System.Object)	mscorlib
Collection_1_System_Collections_IList_Insert_m366800531_gshared	System.Void System.Collections.ObjectModel.Collection`1<UnityEngine.Vector4>::System.Collections.IList.Insert(System.Int32,System.Object)	mscorlib
Collection_1_System_Collections_IList_Remove_m3038944289_gshared	System.Void System.Collections.ObjectModel.Collection`1<UnityEngine.Vector4>::System.Collections.IList.Remove(System.Object)	mscorlib
Collection_1_System_Collections_ICollection_get_IsSynchronized_m500240145_gshared	System.Boolean System.Collections.ObjectModel.Collection`1<UnityEngine.Vector4>::System.Collections.ICollection.get_IsSynchronized()	mscorlib
Collection_1_System_Collections_ICollection_get_SyncRoot_m1929535891_gshared	System.Object System.Collections.ObjectModel.Collection`1<UnityEngine.Vector4>::System.Collections.ICollection.get_SyncRoot()	mscorlib
Collection_1_System_Collections_IList_get_IsFixedSize_m2266186018_gshared	System.Boolean System.Collections.ObjectModel.Collection`1<UnityEngine.Vector4>::System.Collections.IList.get_IsFixedSize()	mscorlib
Collection_1_System_Collections_IList_get_IsReadOnly_m2978442176_gshared	System.Boolean System.Collections.ObjectModel.Collection`1<UnityEngine.Vector4>::System.Collections.IList.get_IsReadOnly()	mscorlib
Collection_1_System_Collections_IList_get_Item_m2931804586_gshared	System.Object System.Collections.ObjectModel.Collection`1<UnityEngine.Vector4>::System.Collections.IList.get_Item(System.Int32)	mscorlib
Collection_1_System_Collections_IList_set_Item_m1352739859_gshared	System.Void System.Collections.ObjectModel.Collection`1<UnityEngine.Vector4>::System.Collections.IList.set_Item(System.Int32,System.Object)	mscorlib
Collection_1_Add_m835745958_gshared	System.Void System.Collections.ObjectModel.Collection`1<UnityEngine.Vector4>::Add(T)	mscorlib
Collection_1_Clear_m1194557644_gshared	System.Void System.Collections.ObjectModel.Collection`1<UnityEngine.Vector4>::Clear()	mscorlib
Collection_1_ClearItems_m2182923889_gshared	System.Void System.Collections.ObjectModel.Collection`1<UnityEngine.Vector4>::ClearItems()	mscorlib
Collection_1_Contains_m4216772229_gshared	System.Boolean System.Collections.ObjectModel.Collection`1<UnityEngine.Vector4>::Contains(T)	mscorlib
Collection_1_CopyTo_m2335349786_gshared	System.Void System.Collections.ObjectModel.Collection`1<UnityEngine.Vector4>::CopyTo(T[],System.Int32)	mscorlib
Collection_1_GetEnumerator_m2328356592_gshared	System.Collections.Generic.IEnumerator`1<T> System.Collections.ObjectModel.Collection`1<UnityEngine.Vector4>::GetEnumerator()	mscorlib
Collection_1_IndexOf_m3566527406_gshared	System.Int32 System.Collections.ObjectModel.Collection`1<UnityEngine.Vector4>::IndexOf(T)	mscorlib
Collection_1_Insert_m2198700796_gshared	System.Void System.Collections.ObjectModel.Collection`1<UnityEngine.Vector4>::Insert(System.Int32,T)	mscorlib
Collection_1_InsertItem_m1985040597_gshared	System.Void System.Collections.ObjectModel.Collection`1<UnityEngine.Vector4>::InsertItem(System.Int32,T)	mscorlib
Collection_1_Remove_m1271137757_gshared	System.Boolean System.Collections.ObjectModel.Collection`1<UnityEngine.Vector4>::Remove(T)	mscorlib
Collection_1_RemoveAt_m2616419837_gshared	System.Void System.Collections.ObjectModel.Collection`1<UnityEngine.Vector4>::RemoveAt(System.Int32)	mscorlib
Collection_1_RemoveItem_m2605336143_gshared	System.Void System.Collections.ObjectModel.Collection`1<UnityEngine.Vector4>::RemoveItem(System.Int32)	mscorlib
Collection_1_get_Count_m179640005_gshared	System.Int32 System.Collections.ObjectModel.Collection`1<UnityEngine.Vector4>::get_Count()	mscorlib
Collection_1_get_Item_m3371899536_gshared	T System.Collections.ObjectModel.Collection`1<UnityEngine.Vector4>::get_Item(System.Int32)	mscorlib
Collection_1_set_Item_m11553568_gshared	System.Void System.Collections.ObjectModel.Collection`1<UnityEngine.Vector4>::set_Item(System.Int32,T)	mscorlib
Collection_1_SetItem_m3435952461_gshared	System.Void System.Collections.ObjectModel.Collection`1<UnityEngine.Vector4>::SetItem(System.Int32,T)	mscorlib
Collection_1_IsValidItem_m2333176545_gshared	System.Boolean System.Collections.ObjectModel.Collection`1<UnityEngine.Vector4>::IsValidItem(System.Object)	mscorlib
Collection_1_ConvertItem_m618594517_gshared	T System.Collections.ObjectModel.Collection`1<UnityEngine.Vector4>::ConvertItem(System.Object)	mscorlib
Collection_1_CheckWritable_m3160678901_gshared	System.Void System.Collections.ObjectModel.Collection`1<UnityEngine.Vector4>::CheckWritable(System.Collections.Generic.IList`1<T>)	mscorlib
Collection_1_IsSynchronized_m2026234852_gshared	System.Boolean System.Collections.ObjectModel.Collection`1<UnityEngine.Vector4>::IsSynchronized(System.Collections.Generic.IList`1<T>)	mscorlib
Collection_1_IsFixedSize_m3698021882_gshared	System.Boolean System.Collections.ObjectModel.Collection`1<UnityEngine.Vector4>::IsFixedSize(System.Collections.Generic.IList`1<T>)	mscorlib
ReadOnlyCollection_1__ctor_m1345363288_gshared	System.Void System.Collections.ObjectModel.ReadOnlyCollection`1<System.Int32>::.ctor(System.Collections.Generic.IList`1<T>)	mscorlib
ReadOnlyCollection_1_System_Collections_Generic_ICollectionU3CTU3E_Add_m3377900538_gshared	System.Void System.Collections.ObjectModel.ReadOnlyCollection`1<System.Int32>::System.Collections.Generic.ICollection<T>.Add(T)	mscorlib
ReadOnlyCollection_1_System_Collections_Generic_ICollectionU3CTU3E_Clear_m1597493784_gshared	System.Void System.Collections.ObjectModel.ReadOnlyCollection`1<System.Int32>::System.Collections.Generic.ICollection<T>.Clear()	mscorlib
ReadOnlyCollection_1_System_Collections_Generic_IListU3CTU3E_Insert_m568455025_gshared	System.Void System.Collections.ObjectModel.ReadOnlyCollection`1<System.Int32>::System.Collections.Generic.IList<T>.Insert(System.Int32,T)	mscorlib
ReadOnlyCollection_1_System_Collections_Generic_ICollectionU3CTU3E_Remove_m1100818788_gshared	System.Boolean System.Collections.ObjectModel.ReadOnlyCollection`1<System.Int32>::System.Collections.Generic.ICollection<T>.Remove(T)	mscorlib
ReadOnlyCollection_1_System_Collections_Generic_IListU3CTU3E_RemoveAt_m2478755775_gshared	System.Void System.Collections.ObjectModel.ReadOnlyCollection`1<System.Int32>::System.Collections.Generic.IList<T>.RemoveAt(System.Int32)	mscorlib
ReadOnlyCollection_1_System_Collections_Generic_IListU3CTU3E_get_Item_m2779882111_gshared	T System.Collections.ObjectModel.ReadOnlyCollection`1<System.Int32>::System.Collections.Generic.IList<T>.get_Item(System.Int32)	mscorlib
ReadOnlyCollection_1_System_Collections_Generic_IListU3CTU3E_set_Item_m1713768980_gshared	System.Void System.Collections.ObjectModel.ReadOnlyCollection`1<System.Int32>::System.Collections.Generic.IList<T>.set_Item(System.Int32,T)	mscorlib
ReadOnlyCollection_1_System_Collections_Generic_ICollectionU3CTU3E_get_IsReadOnly_m1520260055_gshared	System.Boolean System.Collections.ObjectModel.ReadOnlyCollection`1<System.Int32>::System.Collections.Generic.ICollection<T>.get_IsReadOnly()	mscorlib
ReadOnlyCollection_1_System_Collections_ICollection_CopyTo_m3158690403_gshared	System.Void System.Collections.ObjectModel.ReadOnlyCollection`1<System.Int32>::System.Collections.ICollection.CopyTo(System.Array,System.Int32)	mscorlib
ReadOnlyCollection_1_System_Collections_IEnumerable_GetEnumerator_m3304524126_gshared	System.Collections.IEnumerator System.Collections.ObjectModel.ReadOnlyCollection`1<System.Int32>::System.Collections.IEnumerable.GetEnumerator()	mscorlib
ReadOnlyCollection_1_System_Collections_IList_Add_m1880131683_gshared	System.Int32 System.Collections.ObjectModel.ReadOnlyCollection`1<System.Int32>::System.Collections.IList.Add(System.Object)	mscorlib
ReadOnlyCollection_1_System_Collections_IList_Clear_m868794620_gshared	System.Void System.Collections.ObjectModel.ReadOnlyCollection`1<System.Int32>::System.Collections.IList.Clear()	mscorlib
ReadOnlyCollection_1_System_Collections_IList_Contains_m1728645106_gshared	System.Boolean System.Collections.ObjectModel.ReadOnlyCollection`1<System.Int32>::System.Collections.IList.Contains(System.Object)	mscorlib
ReadOnlyCollection_1_System_Collections_IList_IndexOf_m3120991897_gshared	System.Int32 System.Collections.ObjectModel.ReadOnlyCollection`1<System.Int32>::System.Collections.IList.IndexOf(System.Object)	mscorlib
ReadOnlyCollection_1_System_Collections_IList_Insert_m3464093077_gshared	System.Void System.Collections.ObjectModel.ReadOnlyCollection`1<System.Int32>::System.Collections.IList.Insert(System.Int32,System.Object)	mscorlib
ReadOnlyCollection_1_System_Collections_IList_Remove_m75251792_gshared	System.Void System.Collections.ObjectModel.ReadOnlyCollection`1<System.Int32>::System.Collections.IList.Remove(System.Object)	mscorlib
ReadOnlyCollection_1_System_Collections_IList_RemoveAt_m2190078400_gshared	System.Void System.Collections.ObjectModel.ReadOnlyCollection`1<System.Int32>::System.Collections.IList.RemoveAt(System.Int32)	mscorlib
ReadOnlyCollection_1_System_Collections_ICollection_get_IsSynchronized_m3196228157_gshared	System.Boolean System.Collections.ObjectModel.ReadOnlyCollection`1<System.Int32>::System.Collections.ICollection.get_IsSynchronized()	mscorlib
ReadOnlyCollection_1_System_Collections_ICollection_get_SyncRoot_m2167239074_gshared	System.Object System.Collections.ObjectModel.ReadOnlyCollection`1<System.Int32>::System.Collections.ICollection.get_SyncRoot()	mscorlib
ReadOnlyCollection_1_System_Collections_IList_get_IsFixedSize_m4143657074_gshared	System.Boolean System.Collections.ObjectModel.ReadOnlyCollection`1<System.Int32>::System.Collections.IList.get_IsFixedSize()	mscorlib
ReadOnlyCollection_1_System_Collections_IList_get_IsReadOnly_m2219122619_gshared	System.Boolean System.Collections.ObjectModel.ReadOnlyCollection`1<System.Int32>::System.Collections.IList.get_IsReadOnly()	mscorlib
ReadOnlyCollection_1_System_Collections_IList_get_Item_m2174806213_gshared	System.Object System.Collections.ObjectModel.ReadOnlyCollection`1<System.Int32>::System.Collections.IList.get_Item(System.Int32)	mscorlib
ReadOnlyCollection_1_System_Collections_IList_set_Item_m4047645019_gshared	System.Void System.Collections.ObjectModel.ReadOnlyCollection`1<System.Int32>::System.Collections.IList.set_Item(System.Int32,System.Object)	mscorlib
ReadOnlyCollection_1_Contains_m2337397575_gshared	System.Boolean System.Collections.ObjectModel.ReadOnlyCollection`1<System.Int32>::Contains(T)	mscorlib
ReadOnlyCollection_1_CopyTo_m3722791265_gshared	System.Void System.Collections.ObjectModel.ReadOnlyCollection`1<System.Int32>::CopyTo(T[],System.Int32)	mscorlib
ReadOnlyCollection_1_GetEnumerator_m2076208389_gshared	System.Collections.Generic.IEnumerator`1<T> System.Collections.ObjectModel.ReadOnlyCollection`1<System.Int32>::GetEnumerator()	mscorlib
ReadOnlyCollection_1_IndexOf_m1444084529_gshared	System.Int32 System.Collections.ObjectModel.ReadOnlyCollection`1<System.Int32>::IndexOf(T)	mscorlib
ReadOnlyCollection_1_get_Count_m1034771382_gshared	System.Int32 System.Collections.ObjectModel.ReadOnlyCollection`1<System.Int32>::get_Count()	mscorlib
ReadOnlyCollection_1_get_Item_m82297625_gshared	T System.Collections.ObjectModel.ReadOnlyCollection`1<System.Int32>::get_Item(System.Int32)	mscorlib
ReadOnlyCollection_1__ctor_m3265034937_gshared	System.Void System.Collections.ObjectModel.ReadOnlyCollection`1<System.Reflection.CustomAttributeNamedArgument>::.ctor(System.Collections.Generic.IList`1<T>)	mscorlib
ReadOnlyCollection_1_System_Collections_Generic_ICollectionU3CTU3E_Add_m3769274581_gshared	System.Void System.Collections.ObjectModel.ReadOnlyCollection`1<System.Reflection.CustomAttributeNamedArgument>::System.Collections.Generic.ICollection<T>.Add(T)	mscorlib
ReadOnlyCollection_1_System_Collections_Generic_ICollectionU3CTU3E_Clear_m2772202961_gshared	System.Void System.Collections.ObjectModel.ReadOnlyCollection`1<System.Reflection.CustomAttributeNamedArgument>::System.Collections.Generic.ICollection<T>.Clear()	mscorlib
ReadOnlyCollection_1_System_Collections_Generic_IListU3CTU3E_Insert_m1020890112_gshared	System.Void System.Collections.ObjectModel.ReadOnlyCollection`1<System.Reflection.CustomAttributeNamedArgument>::System.Collections.Generic.IList<T>.Insert(System.Int32,T)	mscorlib
ReadOnlyCollection_1_System_Collections_Generic_ICollectionU3CTU3E_Remove_m620491000_gshared	System.Boolean System.Collections.ObjectModel.ReadOnlyCollection`1<System.Reflection.CustomAttributeNamedArgument>::System.Collections.Generic.ICollection<T>.Remove(T)	mscorlib
ReadOnlyCollection_1_System_Collections_Generic_IListU3CTU3E_RemoveAt_m2659121554_gshared	System.Void System.Collections.ObjectModel.ReadOnlyCollection`1<System.Reflection.CustomAttributeNamedArgument>::System.Collections.Generic.IList<T>.RemoveAt(System.Int32)	mscorlib
ReadOnlyCollection_1_System_Collections_Generic_IListU3CTU3E_get_Item_m3189289772_gshared	T System.Collections.ObjectModel.ReadOnlyCollection`1<System.Reflection.CustomAttributeNamedArgument>::System.Collections.Generic.IList<T>.get_Item(System.Int32)	mscorlib
ReadOnlyCollection_1_System_Collections_Generic_IListU3CTU3E_set_Item_m2669767497_gshared	System.Void System.Collections.ObjectModel.ReadOnlyCollection`1<System.Reflection.CustomAttributeNamedArgument>::System.Collections.Generic.IList<T>.set_Item(System.Int32,T)	mscorlib
ReadOnlyCollection_1_System_Collections_Generic_ICollectionU3CTU3E_get_IsReadOnly_m803101750_gshared	System.Boolean System.Collections.ObjectModel.ReadOnlyCollection`1<System.Reflection.CustomAttributeNamedArgument>::System.Collections.Generic.ICollection<T>.get_IsReadOnly()	mscorlib
ReadOnlyCollection_1_System_Collections_ICollection_CopyTo_m3127175806_gshared	System.Void System.Collections.ObjectModel.ReadOnlyCollection`1<System.Reflection.CustomAttributeNamedArgument>::System.Collections.ICollection.CopyTo(System.Array,System.Int32)	mscorlib
ReadOnlyCollection_1_System_Collections_IEnumerable_GetEnumerator_m610559569_gshared	System.Collections.IEnumerator System.Collections.ObjectModel.ReadOnlyCollection`1<System.Reflection.CustomAttributeNamedArgument>::System.Collections.IEnumerable.GetEnumerator()	mscorlib
ReadOnlyCollection_1_System_Collections_IList_Add_m1307486000_gshared	System.Int32 System.Collections.ObjectModel.ReadOnlyCollection`1<System.Reflection.CustomAttributeNamedArgument>::System.Collections.IList.Add(System.Object)	mscorlib
ReadOnlyCollection_1_System_Collections_IList_Clear_m108858531_gshared	System.Void System.Collections.ObjectModel.ReadOnlyCollection`1<System.Reflection.CustomAttributeNamedArgument>::System.Collections.IList.Clear()	mscorlib
ReadOnlyCollection_1_System_Collections_IList_Contains_m1294103577_gshared	System.Boolean System.Collections.ObjectModel.ReadOnlyCollection`1<System.Reflection.CustomAttributeNamedArgument>::System.Collections.IList.Contains(System.Object)	mscorlib
ReadOnlyCollection_1_System_Collections_IList_IndexOf_m2708534183_gshared	System.Int32 System.Collections.ObjectModel.ReadOnlyCollection`1<System.Reflection.CustomAttributeNamedArgument>::System.Collections.IList.IndexOf(System.Object)	mscorlib
ReadOnlyCollection_1_System_Collections_IList_Insert_m2746084579_gshared	System.Void System.Collections.ObjectModel.ReadOnlyCollection`1<System.Reflection.CustomAttributeNamedArgument>::System.Collections.IList.Insert(System.Int32,System.Object)	mscorlib
ReadOnlyCollection_1_System_Collections_IList_Remove_m1842121503_gshared	System.Void System.Collections.ObjectModel.ReadOnlyCollection`1<System.Reflection.CustomAttributeNamedArgument>::System.Collections.IList.Remove(System.Object)	mscorlib
ReadOnlyCollection_1_System_Collections_IList_RemoveAt_m4204563965_gshared	System.Void System.Collections.ObjectModel.ReadOnlyCollection`1<System.Reflection.CustomAttributeNamedArgument>::System.Collections.IList.RemoveAt(System.Int32)	mscorlib
ReadOnlyCollection_1_System_Collections_ICollection_get_IsSynchronized_m1729757172_gshared	System.Boolean System.Collections.ObjectModel.ReadOnlyCollection`1<System.Reflection.CustomAttributeNamedArgument>::System.Collections.ICollection.get_IsSynchronized()	mscorlib
ReadOnlyCollection_1_System_Collections_ICollection_get_SyncRoot_m3235017172_gshared	System.Object System.Collections.ObjectModel.ReadOnlyCollection`1<System.Reflection.CustomAttributeNamedArgument>::System.Collections.ICollection.get_SyncRoot()	mscorlib
ReadOnlyCollection_1_System_Collections_IList_get_IsFixedSize_m1441747412_gshared	System.Boolean System.Collections.ObjectModel.ReadOnlyCollection`1<System.Reflection.CustomAttributeNamedArgument>::System.Collections.IList.get_IsFixedSize()	mscorlib
ReadOnlyCollection_1_System_Collections_IList_get_IsReadOnly_m3350804613_gshared	System.Boolean System.Collections.ObjectModel.ReadOnlyCollection`1<System.Reflection.CustomAttributeNamedArgument>::System.Collections.IList.get_IsReadOnly()	mscorlib
ReadOnlyCollection_1_System_Collections_IList_get_Item_m3076053687_gshared	System.Object System.Collections.ObjectModel.ReadOnlyCollection`1<System.Reflection.CustomAttributeNamedArgument>::System.Collections.IList.get_Item(System.Int32)	mscorlib
ReadOnlyCollection_1_System_Collections_IList_set_Item_m3582274843_gshared	System.Void System.Collections.ObjectModel.ReadOnlyCollection`1<System.Reflection.CustomAttributeNamedArgument>::System.Collections.IList.set_Item(System.Int32,System.Object)	mscorlib
ReadOnlyCollection_1_Contains_m1169298096_gshared	System.Boolean System.Collections.ObjectModel.ReadOnlyCollection`1<System.Reflection.CustomAttributeNamedArgument>::Contains(T)	mscorlib
ReadOnlyCollection_1_CopyTo_m3474153465_gshared	System.Void System.Collections.ObjectModel.ReadOnlyCollection`1<System.Reflection.CustomAttributeNamedArgument>::CopyTo(T[],System.Int32)	mscorlib
ReadOnlyCollection_1_GetEnumerator_m2915975691_gshared	System.Collections.Generic.IEnumerator`1<T> System.Collections.ObjectModel.ReadOnlyCollection`1<System.Reflection.CustomAttributeNamedArgument>::GetEnumerator()	mscorlib
ReadOnlyCollection_1_IndexOf_m2192265022_gshared	System.Int32 System.Collections.ObjectModel.ReadOnlyCollection`1<System.Reflection.CustomAttributeNamedArgument>::IndexOf(T)	mscorlib
ReadOnlyCollection_1_get_Count_m1336304542_gshared	System.Int32 System.Collections.ObjectModel.ReadOnlyCollection`1<System.Reflection.CustomAttributeNamedArgument>::get_Count()	mscorlib
ReadOnlyCollection_1_get_Item_m155866516_gshared	T System.Collections.ObjectModel.ReadOnlyCollection`1<System.Reflection.CustomAttributeNamedArgument>::get_Item(System.Int32)	mscorlib
ReadOnlyCollection_1__ctor_m2610384050_gshared	System.Void System.Collections.ObjectModel.ReadOnlyCollection`1<System.Reflection.CustomAttributeTypedArgument>::.ctor(System.Collections.Generic.IList`1<T>)	mscorlib
ReadOnlyCollection_1_System_Collections_Generic_ICollectionU3CTU3E_Add_m2686599243_gshared	System.Void System.Collections.ObjectModel.ReadOnlyCollection`1<System.Reflection.CustomAttributeTypedArgument>::System.Collections.Generic.ICollection<T>.Add(T)	mscorlib
ReadOnlyCollection_1_System_Collections_Generic_ICollectionU3CTU3E_Clear_m522482168_gshared	System.Void System.Collections.ObjectModel.ReadOnlyCollection`1<System.Reflection.CustomAttributeTypedArgument>::System.Collections.Generic.ICollection<T>.Clear()	mscorlib
ReadOnlyCollection_1_System_Collections_Generic_IListU3CTU3E_Insert_m4219875092_gshared	System.Void System.Collections.ObjectModel.ReadOnlyCollection`1<System.Reflection.CustomAttributeTypedArgument>::System.Collections.Generic.IList<T>.Insert(System.Int32,T)	mscorlib
ReadOnlyCollection_1_System_Collections_Generic_ICollectionU3CTU3E_Remove_m576609459_gshared	System.Boolean System.Collections.ObjectModel.ReadOnlyCollection`1<System.Reflection.CustomAttributeTypedArgument>::System.Collections.Generic.ICollection<T>.Remove(T)	mscorlib
ReadOnlyCollection_1_System_Collections_Generic_IListU3CTU3E_RemoveAt_m3969985996_gshared	System.Void System.Collections.ObjectModel.ReadOnlyCollection`1<System.Reflection.CustomAttributeTypedArgument>::System.Collections.Generic.IList<T>.RemoveAt(System.Int32)	mscorlib
ReadOnlyCollection_1_System_Collections_Generic_IListU3CTU3E_get_Item_m978644313_gshared	T System.Collections.ObjectModel.ReadOnlyCollection`1<System.Reflection.CustomAttributeTypedArgument>::System.Collections.Generic.IList<T>.get_Item(System.Int32)	mscorlib
ReadOnlyCollection_1_System_Collections_Generic_IListU3CTU3E_set_Item_m88350439_gshared	System.Void System.Collections.ObjectModel.ReadOnlyCollection`1<System.Reflection.CustomAttributeTypedArgument>::System.Collections.Generic.IList<T>.set_Item(System.Int32,T)	mscorlib
ReadOnlyCollection_1_System_Collections_Generic_ICollectionU3CTU3E_get_IsReadOnly_m2788045022_gshared	System.Boolean System.Collections.ObjectModel.ReadOnlyCollection`1<System.Reflection.CustomAttributeTypedArgument>::System.Collections.Generic.ICollection<T>.get_IsReadOnly()	mscorlib
ReadOnlyCollection_1_System_Collections_ICollection_CopyTo_m1705891372_gshared	System.Void System.Collections.ObjectModel.ReadOnlyCollection`1<System.Reflection.CustomAttributeTypedArgument>::System.Collections.ICollection.CopyTo(System.Array,System.Int32)	mscorlib
ReadOnlyCollection_1_System_Collections_IEnumerable_GetEnumerator_m1190113002_gshared	System.Collections.IEnumerator System.Collections.ObjectModel.ReadOnlyCollection`1<System.Reflection.CustomAttributeTypedArgument>::System.Collections.IEnumerable.GetEnumerator()	mscorlib
ReadOnlyCollection_1_System_Collections_IList_Add_m1881324749_gshared	System.Int32 System.Collections.ObjectModel.ReadOnlyCollection`1<System.Reflection.CustomAttributeTypedArgument>::System.Collections.IList.Add(System.Object)	mscorlib
ReadOnlyCollection_1_System_Collections_IList_Clear_m2164373218_gshared	System.Void System.Collections.ObjectModel.ReadOnlyCollection`1<System.Reflection.CustomAttributeTypedArgument>::System.Collections.IList.Clear()	mscorlib
ReadOnlyCollection_1_System_Collections_IList_Contains_m1478471296_gshared	System.Boolean System.Collections.ObjectModel.ReadOnlyCollection`1<System.Reflection.CustomAttributeTypedArgument>::System.Collections.IList.Contains(System.Object)	mscorlib
ReadOnlyCollection_1_System_Collections_IList_IndexOf_m1554444589_gshared	System.Int32 System.Collections.ObjectModel.ReadOnlyCollection`1<System.Reflection.CustomAttributeTypedArgument>::System.Collections.IList.IndexOf(System.Object)	mscorlib
ReadOnlyCollection_1_System_Collections_IList_Insert_m1097034733_gshared	System.Void System.Collections.ObjectModel.ReadOnlyCollection`1<System.Reflection.CustomAttributeTypedArgument>::System.Collections.IList.Insert(System.Int32,System.Object)	mscorlib
ReadOnlyCollection_1_System_Collections_IList_Remove_m4129318771_gshared	System.Void System.Collections.ObjectModel.ReadOnlyCollection`1<System.Reflection.CustomAttributeTypedArgument>::System.Collections.IList.Remove(System.Object)	mscorlib
ReadOnlyCollection_1_System_Collections_IList_RemoveAt_m2129436005_gshared	System.Void System.Collections.ObjectModel.ReadOnlyCollection`1<System.Reflection.CustomAttributeTypedArgument>::System.Collections.IList.RemoveAt(System.Int32)	mscorlib
ReadOnlyCollection_1_System_Collections_ICollection_get_IsSynchronized_m3617193477_gshared	System.Boolean System.Collections.ObjectModel.ReadOnlyCollection`1<System.Reflection.CustomAttributeTypedArgument>::System.Collections.ICollection.get_IsSynchronized()	mscorlib
ReadOnlyCollection_1_System_Collections_ICollection_get_SyncRoot_m2528824501_gshared	System.Object System.Collections.ObjectModel.ReadOnlyCollection`1<System.Reflection.CustomAttributeTypedArgument>::System.Collections.ICollection.get_SyncRoot()	mscorlib
ReadOnlyCollection_1_System_Collections_IList_get_IsFixedSize_m2907849374_gshared	System.Boolean System.Collections.ObjectModel.ReadOnlyCollection`1<System.Reflection.CustomAttributeTypedArgument>::System.Collections.IList.get_IsFixedSize()	mscorlib
ReadOnlyCollection_1_System_Collections_IList_get_IsReadOnly_m3888539454_gshared	System.Boolean System.Collections.ObjectModel.ReadOnlyCollection`1<System.Reflection.CustomAttributeTypedArgument>::System.Collections.IList.get_IsReadOnly()	mscorlib
ReadOnlyCollection_1_System_Collections_IList_get_Item_m762570940_gshared	System.Object System.Collections.ObjectModel.ReadOnlyCollection`1<System.Reflection.CustomAttributeTypedArgument>::System.Collections.IList.get_Item(System.Int32)	mscorlib
ReadOnlyCollection_1_System_Collections_IList_set_Item_m4166186676_gshared	System.Void System.Collections.ObjectModel.ReadOnlyCollection`1<System.Reflection.CustomAttributeTypedArgument>::System.Collections.IList.set_Item(System.Int32,System.Object)	mscorlib
ReadOnlyCollection_1_Contains_m3869904379_gshared	System.Boolean System.Collections.ObjectModel.ReadOnlyCollection`1<System.Reflection.CustomAttributeTypedArgument>::Contains(T)	mscorlib
ReadOnlyCollection_1_CopyTo_m3132438051_gshared	System.Void System.Collections.ObjectModel.ReadOnlyCollection`1<System.Reflection.CustomAttributeTypedArgument>::CopyTo(T[],System.Int32)	mscorlib
ReadOnlyCollection_1_GetEnumerator_m52674105_gshared	System.Collections.Generic.IEnumerator`1<T> System.Collections.ObjectModel.ReadOnlyCollection`1<System.Reflection.CustomAttributeTypedArgument>::GetEnumerator()	mscorlib
ReadOnlyCollection_1_IndexOf_m1305514714_gshared	System.Int32 System.Collections.ObjectModel.ReadOnlyCollection`1<System.Reflection.CustomAttributeTypedArgument>::IndexOf(T)	mscorlib
ReadOnlyCollection_1_get_Count_m2091157553_gshared	System.Int32 System.Collections.ObjectModel.ReadOnlyCollection`1<System.Reflection.CustomAttributeTypedArgument>::get_Count()	mscorlib
ReadOnlyCollection_1_get_Item_m3437922467_gshared	T System.Collections.ObjectModel.ReadOnlyCollection`1<System.Reflection.CustomAttributeTypedArgument>::get_Item(System.Int32)	mscorlib
ReadOnlyCollection_1__ctor_m4279684014_gshared	System.Void System.Collections.ObjectModel.ReadOnlyCollection`1<UnityEngine.BeforeRenderHelper/OrderBlock>::.ctor(System.Collections.Generic.IList`1<T>)	mscorlib
ReadOnlyCollection_1_System_Collections_Generic_ICollectionU3CTU3E_Add_m1738170497_gshared	System.Void System.Collections.ObjectModel.ReadOnlyCollection`1<UnityEngine.BeforeRenderHelper/OrderBlock>::System.Collections.Generic.ICollection<T>.Add(T)	mscorlib
ReadOnlyCollection_1_System_Collections_Generic_ICollectionU3CTU3E_Clear_m4209207589_gshared	System.Void System.Collections.ObjectModel.ReadOnlyCollection`1<UnityEngine.BeforeRenderHelper/OrderBlock>::System.Collections.Generic.ICollection<T>.Clear()	mscorlib
ReadOnlyCollection_1_System_Collections_Generic_IListU3CTU3E_Insert_m1480742963_gshared	System.Void System.Collections.ObjectModel.ReadOnlyCollection`1<UnityEngine.BeforeRenderHelper/OrderBlock>::System.Collections.Generic.IList<T>.Insert(System.Int32,T)	mscorlib
ReadOnlyCollection_1_System_Collections_Generic_ICollectionU3CTU3E_Remove_m1364299481_gshared	System.Boolean System.Collections.ObjectModel.ReadOnlyCollection`1<UnityEngine.BeforeRenderHelper/OrderBlock>::System.Collections.Generic.ICollection<T>.Remove(T)	mscorlib
ReadOnlyCollection_1_System_Collections_Generic_IListU3CTU3E_RemoveAt_m9618945_gshared	System.Void System.Collections.ObjectModel.ReadOnlyCollection`1<UnityEngine.BeforeRenderHelper/OrderBlock>::System.Collections.Generic.IList<T>.RemoveAt(System.Int32)	mscorlib
ReadOnlyCollection_1_System_Collections_Generic_IListU3CTU3E_get_Item_m2268092603_gshared	T System.Collections.ObjectModel.ReadOnlyCollection`1<UnityEngine.BeforeRenderHelper/OrderBlock>::System.Collections.Generic.IList<T>.get_Item(System.Int32)	mscorlib
ReadOnlyCollection_1_System_Collections_Generic_IListU3CTU3E_set_Item_m3209059215_gshared	System.Void System.Collections.ObjectModel.ReadOnlyCollection`1<UnityEngine.BeforeRenderHelper/OrderBlock>::System.Collections.Generic.IList<T>.set_Item(System.Int32,T)	mscorlib
ReadOnlyCollection_1_System_Collections_Generic_ICollectionU3CTU3E_get_IsReadOnly_m678502068_gshared	System.Boolean System.Collections.ObjectModel.ReadOnlyCollection`1<UnityEngine.BeforeRenderHelper/OrderBlock>::System.Collections.Generic.ICollection<T>.get_IsReadOnly()	mscorlib
ReadOnlyCollection_1_System_Collections_ICollection_CopyTo_m2527663815_gshared	System.Void System.Collections.ObjectModel.ReadOnlyCollection`1<UnityEngine.BeforeRenderHelper/OrderBlock>::System.Collections.ICollection.CopyTo(System.Array,System.Int32)	mscorlib
ReadOnlyCollection_1_System_Collections_IEnumerable_GetEnumerator_m3042843502_gshared	System.Collections.IEnumerator System.Collections.ObjectModel.ReadOnlyCollection`1<UnityEngine.BeforeRenderHelper/OrderBlock>::System.Collections.IEnumerable.GetEnumerator()	mscorlib
ReadOnlyCollection_1_System_Collections_IList_Add_m3968477706_gshared	System.Int32 System.Collections.ObjectModel.ReadOnlyCollection`1<UnityEngine.BeforeRenderHelper/OrderBlock>::System.Collections.IList.Add(System.Object)	mscorlib
ReadOnlyCollection_1_System_Collections_IList_Clear_m2007013334_gshared	System.Void System.Collections.ObjectModel.ReadOnlyCollection`1<UnityEngine.BeforeRenderHelper/OrderBlock>::System.Collections.IList.Clear()	mscorlib
ReadOnlyCollection_1_System_Collections_IList_Contains_m2473980949_gshared	System.Boolean System.Collections.ObjectModel.ReadOnlyCollection`1<UnityEngine.BeforeRenderHelper/OrderBlock>::System.Collections.IList.Contains(System.Object)	mscorlib
ReadOnlyCollection_1_System_Collections_IList_IndexOf_m110832904_gshared	System.Int32 System.Collections.ObjectModel.ReadOnlyCollection`1<UnityEngine.BeforeRenderHelper/OrderBlock>::System.Collections.IList.IndexOf(System.Object)	mscorlib
ReadOnlyCollection_1_System_Collections_IList_Insert_m2797533731_gshared	System.Void System.Collections.ObjectModel.ReadOnlyCollection`1<UnityEngine.BeforeRenderHelper/OrderBlock>::System.Collections.IList.Insert(System.Int32,System.Object)	mscorlib
ReadOnlyCollection_1_System_Collections_IList_Remove_m1910476269_gshared	System.Void System.Collections.ObjectModel.ReadOnlyCollection`1<UnityEngine.BeforeRenderHelper/OrderBlock>::System.Collections.IList.Remove(System.Object)	mscorlib
ReadOnlyCollection_1_System_Collections_IList_RemoveAt_m362591173_gshared	System.Void System.Collections.ObjectModel.ReadOnlyCollection`1<UnityEngine.BeforeRenderHelper/OrderBlock>::System.Collections.IList.RemoveAt(System.Int32)	mscorlib
ReadOnlyCollection_1_System_Collections_ICollection_get_IsSynchronized_m1830112154_gshared	System.Boolean System.Collections.ObjectModel.ReadOnlyCollection`1<UnityEngine.BeforeRenderHelper/OrderBlock>::System.Collections.ICollection.get_IsSynchronized()	mscorlib
ReadOnlyCollection_1_System_Collections_ICollection_get_SyncRoot_m160672544_gshared	System.Object System.Collections.ObjectModel.ReadOnlyCollection`1<UnityEngine.BeforeRenderHelper/OrderBlock>::System.Collections.ICollection.get_SyncRoot()	mscorlib
ReadOnlyCollection_1_System_Collections_IList_get_IsFixedSize_m3402868227_gshared	System.Boolean System.Collections.ObjectModel.ReadOnlyCollection`1<UnityEngine.BeforeRenderHelper/OrderBlock>::System.Collections.IList.get_IsFixedSize()	mscorlib
ReadOnlyCollection_1_System_Collections_IList_get_IsReadOnly_m375760151_gshared	System.Boolean System.Collections.ObjectModel.ReadOnlyCollection`1<UnityEngine.BeforeRenderHelper/OrderBlock>::System.Collections.IList.get_IsReadOnly()	mscorlib
ReadOnlyCollection_1_System_Collections_IList_get_Item_m1005238747_gshared	System.Object System.Collections.ObjectModel.ReadOnlyCollection`1<UnityEngine.BeforeRenderHelper/OrderBlock>::System.Collections.IList.get_Item(System.Int32)	mscorlib
ReadOnlyCollection_1_System_Collections_IList_set_Item_m4015530489_gshared	System.Void System.Collections.ObjectModel.ReadOnlyCollection`1<UnityEngine.BeforeRenderHelper/OrderBlock>::System.Collections.IList.set_Item(System.Int32,System.Object)	mscorlib
ReadOnlyCollection_1_Contains_m4211954914_gshared	System.Boolean System.Collections.ObjectModel.ReadOnlyCollection`1<UnityEngine.BeforeRenderHelper/OrderBlock>::Contains(T)	mscorlib
ReadOnlyCollection_1_CopyTo_m999653426_gshared	System.Void System.Collections.ObjectModel.ReadOnlyCollection`1<UnityEngine.BeforeRenderHelper/OrderBlock>::CopyTo(T[],System.Int32)	mscorlib
ReadOnlyCollection_1_GetEnumerator_m3626437412_gshared	System.Collections.Generic.IEnumerator`1<T> System.Collections.ObjectModel.ReadOnlyCollection`1<UnityEngine.BeforeRenderHelper/OrderBlock>::GetEnumerator()	mscorlib
ReadOnlyCollection_1_IndexOf_m406164823_gshared	System.Int32 System.Collections.ObjectModel.ReadOnlyCollection`1<UnityEngine.BeforeRenderHelper/OrderBlock>::IndexOf(T)	mscorlib
ReadOnlyCollection_1_get_Count_m2585917695_gshared	System.Int32 System.Collections.ObjectModel.ReadOnlyCollection`1<UnityEngine.BeforeRenderHelper/OrderBlock>::get_Count()	mscorlib
ReadOnlyCollection_1_get_Item_m4005849861_gshared	T System.Collections.ObjectModel.ReadOnlyCollection`1<UnityEngine.BeforeRenderHelper/OrderBlock>::get_Item(System.Int32)	mscorlib
ReadOnlyCollection_1__ctor_m2766815925_gshared	System.Void System.Collections.ObjectModel.ReadOnlyCollection`1<UnityEngine.Color32>::.ctor(System.Collections.Generic.IList`1<T>)	mscorlib
ReadOnlyCollection_1_System_Collections_Generic_ICollectionU3CTU3E_Add_m69722965_gshared	System.Void System.Collections.ObjectModel.ReadOnlyCollection`1<UnityEngine.Color32>::System.Collections.Generic.ICollection<T>.Add(T)	mscorlib
ReadOnlyCollection_1_System_Collections_Generic_ICollectionU3CTU3E_Clear_m3700426865_gshared	System.Void System.Collections.ObjectModel.ReadOnlyCollection`1<UnityEngine.Color32>::System.Collections.Generic.ICollection<T>.Clear()	mscorlib
ReadOnlyCollection_1_System_Collections_Generic_IListU3CTU3E_Insert_m3435413875_gshared	System.Void System.Collections.ObjectModel.ReadOnlyCollection`1<UnityEngine.Color32>::System.Collections.Generic.IList<T>.Insert(System.Int32,T)	mscorlib
ReadOnlyCollection_1_System_Collections_Generic_ICollectionU3CTU3E_Remove_m1760770631_gshared	System.Boolean System.Collections.ObjectModel.ReadOnlyCollection`1<UnityEngine.Color32>::System.Collections.Generic.ICollection<T>.Remove(T)	mscorlib
ReadOnlyCollection_1_System_Collections_Generic_IListU3CTU3E_RemoveAt_m3933896072_gshared	System.Void System.Collections.ObjectModel.ReadOnlyCollection`1<UnityEngine.Color32>::System.Collections.Generic.IList<T>.RemoveAt(System.Int32)	mscorlib
ReadOnlyCollection_1_System_Collections_Generic_IListU3CTU3E_get_Item_m4153579838_gshared	T System.Collections.ObjectModel.ReadOnlyCollection`1<UnityEngine.Color32>::System.Collections.Generic.IList<T>.get_Item(System.Int32)	mscorlib
ReadOnlyCollection_1_System_Collections_Generic_IListU3CTU3E_set_Item_m375376101_gshared	System.Void System.Collections.ObjectModel.ReadOnlyCollection`1<UnityEngine.Color32>::System.Collections.Generic.IList<T>.set_Item(System.Int32,T)	mscorlib
ReadOnlyCollection_1_System_Collections_Generic_ICollectionU3CTU3E_get_IsReadOnly_m2153861674_gshared	System.Boolean System.Collections.ObjectModel.ReadOnlyCollection`1<UnityEngine.Color32>::System.Collections.Generic.ICollection<T>.get_IsReadOnly()	mscorlib
ReadOnlyCollection_1_System_Collections_ICollection_CopyTo_m2643246984_gshared	System.Void System.Collections.ObjectModel.ReadOnlyCollection`1<UnityEngine.Color32>::System.Collections.ICollection.CopyTo(System.Array,System.Int32)	mscorlib
ReadOnlyCollection_1_System_Collections_IEnumerable_GetEnumerator_m436360262_gshared	System.Collections.IEnumerator System.Collections.ObjectModel.ReadOnlyCollection`1<UnityEngine.Color32>::System.Collections.IEnumerable.GetEnumerator()	mscorlib
ReadOnlyCollection_1_System_Collections_IList_Add_m564301405_gshared	System.Int32 System.Collections.ObjectModel.ReadOnlyCollection`1<UnityEngine.Color32>::System.Collections.IList.Add(System.Object)	mscorlib
ReadOnlyCollection_1_System_Collections_IList_Clear_m417468276_gshared	System.Void System.Collections.ObjectModel.ReadOnlyCollection`1<UnityEngine.Color32>::System.Collections.IList.Clear()	mscorlib
ReadOnlyCollection_1_System_Collections_IList_Contains_m1654820978_gshared	System.Boolean System.Collections.ObjectModel.ReadOnlyCollection`1<UnityEngine.Color32>::System.Collections.IList.Contains(System.Object)	mscorlib
ReadOnlyCollection_1_System_Collections_IList_IndexOf_m2157367578_gshared	System.Int32 System.Collections.ObjectModel.ReadOnlyCollection`1<UnityEngine.Color32>::System.Collections.IList.IndexOf(System.Object)	mscorlib
ReadOnlyCollection_1_System_Collections_IList_Insert_m634799052_gshared	System.Void System.Collections.ObjectModel.ReadOnlyCollection`1<UnityEngine.Color32>::System.Collections.IList.Insert(System.Int32,System.Object)	mscorlib
ReadOnlyCollection_1_System_Collections_IList_Remove_m1472063226_gshared	System.Void System.Collections.ObjectModel.ReadOnlyCollection`1<UnityEngine.Color32>::System.Collections.IList.Remove(System.Object)	mscorlib
ReadOnlyCollection_1_System_Collections_IList_RemoveAt_m422909114_gshared	System.Void System.Collections.ObjectModel.ReadOnlyCollection`1<UnityEngine.Color32>::System.Collections.IList.RemoveAt(System.Int32)	mscorlib
ReadOnlyCollection_1_System_Collections_ICollection_get_IsSynchronized_m1849508339_gshared	System.Boolean System.Collections.ObjectModel.ReadOnlyCollection`1<UnityEngine.Color32>::System.Collections.ICollection.get_IsSynchronized()	mscorlib
ReadOnlyCollection_1_System_Collections_ICollection_get_SyncRoot_m156309055_gshared	System.Object System.Collections.ObjectModel.ReadOnlyCollection`1<UnityEngine.Color32>::System.Collections.ICollection.get_SyncRoot()	mscorlib
ReadOnlyCollection_1_System_Collections_IList_get_IsFixedSize_m2434242610_gshared	System.Boolean System.Collections.ObjectModel.ReadOnlyCollection`1<UnityEngine.Color32>::System.Collections.IList.get_IsFixedSize()	mscorlib
ReadOnlyCollection_1_System_Collections_IList_get_IsReadOnly_m3626439112_gshared	System.Boolean System.Collections.ObjectModel.ReadOnlyCollection`1<UnityEngine.Color32>::System.Collections.IList.get_IsReadOnly()	mscorlib
ReadOnlyCollection_1_System_Collections_IList_get_Item_m666401694_gshared	System.Object System.Collections.ObjectModel.ReadOnlyCollection`1<UnityEngine.Color32>::System.Collections.IList.get_Item(System.Int32)	mscorlib
ReadOnlyCollection_1_System_Collections_IList_set_Item_m70952451_gshared	System.Void System.Collections.ObjectModel.ReadOnlyCollection`1<UnityEngine.Color32>::System.Collections.IList.set_Item(System.Int32,System.Object)	mscorlib
ReadOnlyCollection_1_Contains_m3757059754_gshared	System.Boolean System.Collections.ObjectModel.ReadOnlyCollection`1<UnityEngine.Color32>::Contains(T)	mscorlib
ReadOnlyCollection_1_CopyTo_m1950082901_gshared	System.Void System.Collections.ObjectModel.ReadOnlyCollection`1<UnityEngine.Color32>::CopyTo(T[],System.Int32)	mscorlib
ReadOnlyCollection_1_GetEnumerator_m3522987773_gshared	System.Collections.Generic.IEnumerator`1<T> System.Collections.ObjectModel.ReadOnlyCollection`1<UnityEngine.Color32>::GetEnumerator()	mscorlib
ReadOnlyCollection_1_IndexOf_m2539022912_gshared	System.Int32 System.Collections.ObjectModel.ReadOnlyCollection`1<UnityEngine.Color32>::IndexOf(T)	mscorlib
ReadOnlyCollection_1_get_Count_m1278766258_gshared	System.Int32 System.Collections.ObjectModel.ReadOnlyCollection`1<UnityEngine.Color32>::get_Count()	mscorlib
ReadOnlyCollection_1_get_Item_m3865786060_gshared	T System.Collections.ObjectModel.ReadOnlyCollection`1<UnityEngine.Color32>::get_Item(System.Int32)	mscorlib
ReadOnlyCollection_1__ctor_m77218408_gshared	System.Void System.Collections.ObjectModel.ReadOnlyCollection`1<UnityEngine.EventSystems.RaycastResult>::.ctor(System.Collections.Generic.IList`1<T>)	mscorlib
ReadOnlyCollection_1_System_Collections_Generic_ICollectionU3CTU3E_Add_m2386940333_gshared	System.Void System.Collections.ObjectModel.ReadOnlyCollection`1<UnityEngine.EventSystems.RaycastResult>::System.Collections.Generic.ICollection<T>.Add(T)	mscorlib
ReadOnlyCollection_1_System_Collections_Generic_ICollectionU3CTU3E_Clear_m2102011098_gshared	System.Void System.Collections.ObjectModel.ReadOnlyCollection`1<UnityEngine.EventSystems.RaycastResult>::System.Collections.Generic.ICollection<T>.Clear()	mscorlib
ReadOnlyCollection_1_System_Collections_Generic_IListU3CTU3E_Insert_m3804866210_gshared	System.Void System.Collections.ObjectModel.ReadOnlyCollection`1<UnityEngine.EventSystems.RaycastResult>::System.Collections.Generic.IList<T>.Insert(System.Int32,T)	mscorlib
ReadOnlyCollection_1_System_Collections_Generic_ICollectionU3CTU3E_Remove_m4177779688_gshared	System.Boolean System.Collections.ObjectModel.ReadOnlyCollection`1<UnityEngine.EventSystems.RaycastResult>::System.Collections.Generic.ICollection<T>.Remove(T)	mscorlib
ReadOnlyCollection_1_System_Collections_Generic_IListU3CTU3E_RemoveAt_m3171070954_gshared	System.Void System.Collections.ObjectModel.ReadOnlyCollection`1<UnityEngine.EventSystems.RaycastResult>::System.Collections.Generic.IList<T>.RemoveAt(System.Int32)	mscorlib
ReadOnlyCollection_1_System_Collections_Generic_IListU3CTU3E_get_Item_m933064285_gshared	T System.Collections.ObjectModel.ReadOnlyCollection`1<UnityEngine.EventSystems.RaycastResult>::System.Collections.Generic.IList<T>.get_Item(System.Int32)	mscorlib
ReadOnlyCollection_1_System_Collections_Generic_IListU3CTU3E_set_Item_m711370667_gshared	System.Void System.Collections.ObjectModel.ReadOnlyCollection`1<UnityEngine.EventSystems.RaycastResult>::System.Collections.Generic.IList<T>.set_Item(System.Int32,T)	mscorlib
ReadOnlyCollection_1_System_Collections_Generic_ICollectionU3CTU3E_get_IsReadOnly_m3887826072_gshared	System.Boolean System.Collections.ObjectModel.ReadOnlyCollection`1<UnityEngine.EventSystems.RaycastResult>::System.Collections.Generic.ICollection<T>.get_IsReadOnly()	mscorlib
ReadOnlyCollection_1_System_Collections_ICollection_CopyTo_m2715087453_gshared	System.Void System.Collections.ObjectModel.ReadOnlyCollection`1<UnityEngine.EventSystems.RaycastResult>::System.Collections.ICollection.CopyTo(System.Array,System.Int32)	mscorlib
ReadOnlyCollection_1_System_Collections_IEnumerable_GetEnumerator_m1671097018_gshared	System.Collections.IEnumerator System.Collections.ObjectModel.ReadOnlyCollection`1<UnityEngine.EventSystems.RaycastResult>::System.Collections.IEnumerable.GetEnumerator()	mscorlib
ReadOnlyCollection_1_System_Collections_IList_Add_m2776498952_gshared	System.Int32 System.Collections.ObjectModel.ReadOnlyCollection`1<UnityEngine.EventSystems.RaycastResult>::System.Collections.IList.Add(System.Object)	mscorlib
ReadOnlyCollection_1_System_Collections_IList_Clear_m1076810235_gshared	System.Void System.Collections.ObjectModel.ReadOnlyCollection`1<UnityEngine.EventSystems.RaycastResult>::System.Collections.IList.Clear()	mscorlib
ReadOnlyCollection_1_System_Collections_IList_Contains_m2650112051_gshared	System.Boolean System.Collections.ObjectModel.ReadOnlyCollection`1<UnityEngine.EventSystems.RaycastResult>::System.Collections.IList.Contains(System.Object)	mscorlib
ReadOnlyCollection_1_System_Collections_IList_IndexOf_m3822189793_gshared	System.Int32 System.Collections.ObjectModel.ReadOnlyCollection`1<UnityEngine.EventSystems.RaycastResult>::System.Collections.IList.IndexOf(System.Object)	mscorlib
ReadOnlyCollection_1_System_Collections_IList_Insert_m2216746332_gshared	System.Void System.Collections.ObjectModel.ReadOnlyCollection`1<UnityEngine.EventSystems.RaycastResult>::System.Collections.IList.Insert(System.Int32,System.Object)	mscorlib
ReadOnlyCollection_1_System_Collections_IList_Remove_m136266917_gshared	System.Void System.Collections.ObjectModel.ReadOnlyCollection`1<UnityEngine.EventSystems.RaycastResult>::System.Collections.IList.Remove(System.Object)	mscorlib
ReadOnlyCollection_1_System_Collections_IList_RemoveAt_m2323497237_gshared	System.Void System.Collections.ObjectModel.ReadOnlyCollection`1<UnityEngine.EventSystems.RaycastResult>::System.Collections.IList.RemoveAt(System.Int32)	mscorlib
ReadOnlyCollection_1_System_Collections_ICollection_get_IsSynchronized_m1345568026_gshared	System.Boolean System.Collections.ObjectModel.ReadOnlyCollection`1<UnityEngine.EventSystems.RaycastResult>::System.Collections.ICollection.get_IsSynchronized()	mscorlib
ReadOnlyCollection_1_System_Collections_ICollection_get_SyncRoot_m2420785827_gshared	System.Object System.Collections.ObjectModel.ReadOnlyCollection`1<UnityEngine.EventSystems.RaycastResult>::System.Collections.ICollection.get_SyncRoot()	mscorlib
ReadOnlyCollection_1_System_Collections_IList_get_IsFixedSize_m1858914832_gshared	System.Boolean System.Collections.ObjectModel.ReadOnlyCollection`1<UnityEngine.EventSystems.RaycastResult>::System.Collections.IList.get_IsFixedSize()	mscorlib
ReadOnlyCollection_1_System_Collections_IList_get_IsReadOnly_m3824095259_gshared	System.Boolean System.Collections.ObjectModel.ReadOnlyCollection`1<UnityEngine.EventSystems.RaycastResult>::System.Collections.IList.get_IsReadOnly()	mscorlib
ReadOnlyCollection_1_System_Collections_IList_get_Item_m3406154740_gshared	System.Object System.Collections.ObjectModel.ReadOnlyCollection`1<UnityEngine.EventSystems.RaycastResult>::System.Collections.IList.get_Item(System.Int32)	mscorlib
ReadOnlyCollection_1_System_Collections_IList_set_Item_m2513951121_gshared	System.Void System.Collections.ObjectModel.ReadOnlyCollection`1<UnityEngine.EventSystems.RaycastResult>::System.Collections.IList.set_Item(System.Int32,System.Object)	mscorlib
ReadOnlyCollection_1_Contains_m335542748_gshared	System.Boolean System.Collections.ObjectModel.ReadOnlyCollection`1<UnityEngine.EventSystems.RaycastResult>::Contains(T)	mscorlib
ReadOnlyCollection_1_CopyTo_m209634623_gshared	System.Void System.Collections.ObjectModel.ReadOnlyCollection`1<UnityEngine.EventSystems.RaycastResult>::CopyTo(T[],System.Int32)	mscorlib
ReadOnlyCollection_1_GetEnumerator_m1724847072_gshared	System.Collections.Generic.IEnumerator`1<T> System.Collections.ObjectModel.ReadOnlyCollection`1<UnityEngine.EventSystems.RaycastResult>::GetEnumerator()	mscorlib
ReadOnlyCollection_1_IndexOf_m2698520697_gshared	System.Int32 System.Collections.ObjectModel.ReadOnlyCollection`1<UnityEngine.EventSystems.RaycastResult>::IndexOf(T)	mscorlib
ReadOnlyCollection_1_get_Count_m4132306017_gshared	System.Int32 System.Collections.ObjectModel.ReadOnlyCollection`1<UnityEngine.EventSystems.RaycastResult>::get_Count()	mscorlib
ReadOnlyCollection_1_get_Item_m2633527597_gshared	T System.Collections.ObjectModel.ReadOnlyCollection`1<UnityEngine.EventSystems.RaycastResult>::get_Item(System.Int32)	mscorlib
ReadOnlyCollection_1__ctor_m3455572340_gshared	System.Void System.Collections.ObjectModel.ReadOnlyCollection`1<UnityEngine.UICharInfo>::.ctor(System.Collections.Generic.IList`1<T>)	mscorlib
ReadOnlyCollection_1_System_Collections_Generic_ICollectionU3CTU3E_Add_m2585951131_gshared	System.Void System.Collections.ObjectModel.ReadOnlyCollection`1<UnityEngine.UICharInfo>::System.Collections.Generic.ICollection<T>.Add(T)	mscorlib
ReadOnlyCollection_1_System_Collections_Generic_ICollectionU3CTU3E_Clear_m2760721383_gshared	System.Void System.Collections.ObjectModel.ReadOnlyCollection`1<UnityEngine.UICharInfo>::System.Collections.Generic.ICollection<T>.Clear()	mscorlib
ReadOnlyCollection_1_System_Collections_Generic_IListU3CTU3E_Insert_m2489506856_gshared	System.Void System.Collections.ObjectModel.ReadOnlyCollection`1<UnityEngine.UICharInfo>::System.Collections.Generic.IList<T>.Insert(System.Int32,T)	mscorlib
ReadOnlyCollection_1_System_Collections_Generic_ICollectionU3CTU3E_Remove_m2007407359_gshared	System.Boolean System.Collections.ObjectModel.ReadOnlyCollection`1<UnityEngine.UICharInfo>::System.Collections.Generic.ICollection<T>.Remove(T)	mscorlib
ReadOnlyCollection_1_System_Collections_Generic_IListU3CTU3E_RemoveAt_m2431705982_gshared	System.Void System.Collections.ObjectModel.ReadOnlyCollection`1<UnityEngine.UICharInfo>::System.Collections.Generic.IList<T>.RemoveAt(System.Int32)	mscorlib
ReadOnlyCollection_1_System_Collections_Generic_IListU3CTU3E_get_Item_m2747659694_gshared	T System.Collections.ObjectModel.ReadOnlyCollection`1<UnityEngine.UICharInfo>::System.Collections.Generic.IList<T>.get_Item(System.Int32)	mscorlib
ReadOnlyCollection_1_System_Collections_Generic_IListU3CTU3E_set_Item_m1584697503_gshared	System.Void System.Collections.ObjectModel.ReadOnlyCollection`1<UnityEngine.UICharInfo>::System.Collections.Generic.IList<T>.set_Item(System.Int32,T)	mscorlib
ReadOnlyCollection_1_System_Collections_Generic_ICollectionU3CTU3E_get_IsReadOnly_m1130909331_gshared	System.Boolean System.Collections.ObjectModel.ReadOnlyCollection`1<UnityEngine.UICharInfo>::System.Collections.Generic.ICollection<T>.get_IsReadOnly()	mscorlib
ReadOnlyCollection_1_System_Collections_ICollection_CopyTo_m2672196987_gshared	System.Void System.Collections.ObjectModel.ReadOnlyCollection`1<UnityEngine.UICharInfo>::System.Collections.ICollection.CopyTo(System.Array,System.Int32)	mscorlib
ReadOnlyCollection_1_System_Collections_IEnumerable_GetEnumerator_m2762559519_gshared	System.Collections.IEnumerator System.Collections.ObjectModel.ReadOnlyCollection`1<UnityEngine.UICharInfo>::System.Collections.IEnumerable.GetEnumerator()	mscorlib
ReadOnlyCollection_1_System_Collections_IList_Add_m2305603000_gshared	System.Int32 System.Collections.ObjectModel.ReadOnlyCollection`1<UnityEngine.UICharInfo>::System.Collections.IList.Add(System.Object)	mscorlib
ReadOnlyCollection_1_System_Collections_IList_Clear_m3591436538_gshared	System.Void System.Collections.ObjectModel.ReadOnlyCollection`1<UnityEngine.UICharInfo>::System.Collections.IList.Clear()	mscorlib
ReadOnlyCollection_1_System_Collections_IList_Contains_m3063773648_gshared	System.Boolean System.Collections.ObjectModel.ReadOnlyCollection`1<UnityEngine.UICharInfo>::System.Collections.IList.Contains(System.Object)	mscorlib
ReadOnlyCollection_1_System_Collections_IList_IndexOf_m3664838805_gshared	System.Int32 System.Collections.ObjectModel.ReadOnlyCollection`1<UnityEngine.UICharInfo>::System.Collections.IList.IndexOf(System.Object)	mscorlib
ReadOnlyCollection_1_System_Collections_IList_Insert_m177536056_gshared	System.Void System.Collections.ObjectModel.ReadOnlyCollection`1<UnityEngine.UICharInfo>::System.Collections.IList.Insert(System.Int32,System.Object)	mscorlib
ReadOnlyCollection_1_System_Collections_IList_Remove_m4169110229_gshared	System.Void System.Collections.ObjectModel.ReadOnlyCollection`1<UnityEngine.UICharInfo>::System.Collections.IList.Remove(System.Object)	mscorlib
ReadOnlyCollection_1_System_Collections_IList_RemoveAt_m214957151_gshared	System.Void System.Collections.ObjectModel.ReadOnlyCollection`1<UnityEngine.UICharInfo>::System.Collections.IList.RemoveAt(System.Int32)	mscorlib
ReadOnlyCollection_1_System_Collections_ICollection_get_IsSynchronized_m2097942994_gshared	System.Boolean System.Collections.ObjectModel.ReadOnlyCollection`1<UnityEngine.UICharInfo>::System.Collections.ICollection.get_IsSynchronized()	mscorlib
ReadOnlyCollection_1_System_Collections_ICollection_get_SyncRoot_m1089559008_gshared	System.Object System.Collections.ObjectModel.ReadOnlyCollection`1<UnityEngine.UICharInfo>::System.Collections.ICollection.get_SyncRoot()	mscorlib
ReadOnlyCollection_1_System_Collections_IList_get_IsFixedSize_m2842020896_gshared	System.Boolean System.Collections.ObjectModel.ReadOnlyCollection`1<UnityEngine.UICharInfo>::System.Collections.IList.get_IsFixedSize()	mscorlib
ReadOnlyCollection_1_System_Collections_IList_get_IsReadOnly_m2041535988_gshared	System.Boolean System.Collections.ObjectModel.ReadOnlyCollection`1<UnityEngine.UICharInfo>::System.Collections.IList.get_IsReadOnly()	mscorlib
ReadOnlyCollection_1_System_Collections_IList_get_Item_m3335199438_gshared	System.Object System.Collections.ObjectModel.ReadOnlyCollection`1<UnityEngine.UICharInfo>::System.Collections.IList.get_Item(System.Int32)	mscorlib
ReadOnlyCollection_1_System_Collections_IList_set_Item_m2162444692_gshared	System.Void System.Collections.ObjectModel.ReadOnlyCollection`1<UnityEngine.UICharInfo>::System.Collections.IList.set_Item(System.Int32,System.Object)	mscorlib
ReadOnlyCollection_1_Contains_m928418982_gshared	System.Boolean System.Collections.ObjectModel.ReadOnlyCollection`1<UnityEngine.UICharInfo>::Contains(T)	mscorlib
ReadOnlyCollection_1_CopyTo_m2947568682_gshared	System.Void System.Collections.ObjectModel.ReadOnlyCollection`1<UnityEngine.UICharInfo>::CopyTo(T[],System.Int32)	mscorlib
ReadOnlyCollection_1_GetEnumerator_m2216056532_gshared	System.Collections.Generic.IEnumerator`1<T> System.Collections.ObjectModel.ReadOnlyCollection`1<UnityEngine.UICharInfo>::GetEnumerator()	mscorlib
ReadOnlyCollection_1_IndexOf_m2431013286_gshared	System.Int32 System.Collections.ObjectModel.ReadOnlyCollection`1<UnityEngine.UICharInfo>::IndexOf(T)	mscorlib
ReadOnlyCollection_1_get_Count_m1760160536_gshared	System.Int32 System.Collections.ObjectModel.ReadOnlyCollection`1<UnityEngine.UICharInfo>::get_Count()	mscorlib
ReadOnlyCollection_1_get_Item_m2874039361_gshared	T System.Collections.ObjectModel.ReadOnlyCollection`1<UnityEngine.UICharInfo>::get_Item(System.Int32)	mscorlib
ReadOnlyCollection_1__ctor_m2706325984_gshared	System.Void System.Collections.ObjectModel.ReadOnlyCollection`1<UnityEngine.UILineInfo>::.ctor(System.Collections.Generic.IList`1<T>)	mscorlib
ReadOnlyCollection_1_System_Collections_Generic_ICollectionU3CTU3E_Add_m4137362799_gshared	System.Void System.Collections.ObjectModel.ReadOnlyCollection`1<UnityEngine.UILineInfo>::System.Collections.Generic.ICollection<T>.Add(T)	mscorlib
ReadOnlyCollection_1_System_Collections_Generic_ICollectionU3CTU3E_Clear_m3451551308_gshared	System.Void System.Collections.ObjectModel.ReadOnlyCollection`1<UnityEngine.UILineInfo>::System.Collections.Generic.ICollection<T>.Clear()	mscorlib
ReadOnlyCollection_1_System_Collections_Generic_IListU3CTU3E_Insert_m1121807192_gshared	System.Void System.Collections.ObjectModel.ReadOnlyCollection`1<UnityEngine.UILineInfo>::System.Collections.Generic.IList<T>.Insert(System.Int32,T)	mscorlib
ReadOnlyCollection_1_System_Collections_Generic_ICollectionU3CTU3E_Remove_m4072504734_gshared	System.Boolean System.Collections.ObjectModel.ReadOnlyCollection`1<UnityEngine.UILineInfo>::System.Collections.Generic.ICollection<T>.Remove(T)	mscorlib
ReadOnlyCollection_1_System_Collections_Generic_IListU3CTU3E_RemoveAt_m3849058645_gshared	System.Void System.Collections.ObjectModel.ReadOnlyCollection`1<UnityEngine.UILineInfo>::System.Collections.Generic.IList<T>.RemoveAt(System.Int32)	mscorlib
ReadOnlyCollection_1_System_Collections_Generic_IListU3CTU3E_get_Item_m280858072_gshared	T System.Collections.ObjectModel.ReadOnlyCollection`1<UnityEngine.UILineInfo>::System.Collections.Generic.IList<T>.get_Item(System.Int32)	mscorlib
ReadOnlyCollection_1_System_Collections_Generic_IListU3CTU3E_set_Item_m4156940443_gshared	System.Void System.Collections.ObjectModel.ReadOnlyCollection`1<UnityEngine.UILineInfo>::System.Collections.Generic.IList<T>.set_Item(System.Int32,T)	mscorlib
ReadOnlyCollection_1_System_Collections_Generic_ICollectionU3CTU3E_get_IsReadOnly_m3551835259_gshared	System.Boolean System.Collections.ObjectModel.ReadOnlyCollection`1<UnityEngine.UILineInfo>::System.Collections.Generic.ICollection<T>.get_IsReadOnly()	mscorlib
ReadOnlyCollection_1_System_Collections_ICollection_CopyTo_m1092095998_gshared	System.Void System.Collections.ObjectModel.ReadOnlyCollection`1<UnityEngine.UILineInfo>::System.Collections.ICollection.CopyTo(System.Array,System.Int32)	mscorlib
ReadOnlyCollection_1_System_Collections_IEnumerable_GetEnumerator_m2505713430_gshared	System.Collections.IEnumerator System.Collections.ObjectModel.ReadOnlyCollection`1<UnityEngine.UILineInfo>::System.Collections.IEnumerable.GetEnumerator()	mscorlib
ReadOnlyCollection_1_System_Collections_IList_Add_m1349101077_gshared	System.Int32 System.Collections.ObjectModel.ReadOnlyCollection`1<UnityEngine.UILineInfo>::System.Collections.IList.Add(System.Object)	mscorlib
ReadOnlyCollection_1_System_Collections_IList_Clear_m4022532825_gshared	System.Void System.Collections.ObjectModel.ReadOnlyCollection`1<UnityEngine.UILineInfo>::System.Collections.IList.Clear()	mscorlib
ReadOnlyCollection_1_System_Collections_IList_Contains_m353411307_gshared	System.Boolean System.Collections.ObjectModel.ReadOnlyCollection`1<UnityEngine.UILineInfo>::System.Collections.IList.Contains(System.Object)	mscorlib
ReadOnlyCollection_1_System_Collections_IList_IndexOf_m2648080861_gshared	System.Int32 System.Collections.ObjectModel.ReadOnlyCollection`1<UnityEngine.UILineInfo>::System.Collections.IList.IndexOf(System.Object)	mscorlib
ReadOnlyCollection_1_System_Collections_IList_Insert_m2868364412_gshared	System.Void System.Collections.ObjectModel.ReadOnlyCollection`1<UnityEngine.UILineInfo>::System.Collections.IList.Insert(System.Int32,System.Object)	mscorlib
ReadOnlyCollection_1_System_Collections_IList_Remove_m3469490059_gshared	System.Void System.Collections.ObjectModel.ReadOnlyCollection`1<UnityEngine.UILineInfo>::System.Collections.IList.Remove(System.Object)	mscorlib
ReadOnlyCollection_1_System_Collections_IList_RemoveAt_m1286790069_gshared	System.Void System.Collections.ObjectModel.ReadOnlyCollection`1<UnityEngine.UILineInfo>::System.Collections.IList.RemoveAt(System.Int32)	mscorlib
ReadOnlyCollection_1_System_Collections_ICollection_get_IsSynchronized_m4294213710_gshared	System.Boolean System.Collections.ObjectModel.ReadOnlyCollection`1<UnityEngine.UILineInfo>::System.Collections.ICollection.get_IsSynchronized()	mscorlib
ReadOnlyCollection_1_System_Collections_ICollection_get_SyncRoot_m1280260618_gshared	System.Object System.Collections.ObjectModel.ReadOnlyCollection`1<UnityEngine.UILineInfo>::System.Collections.ICollection.get_SyncRoot()	mscorlib
ReadOnlyCollection_1_System_Collections_IList_get_IsFixedSize_m733459177_gshared	System.Boolean System.Collections.ObjectModel.ReadOnlyCollection`1<UnityEngine.UILineInfo>::System.Collections.IList.get_IsFixedSize()	mscorlib
ReadOnlyCollection_1_System_Collections_IList_get_IsReadOnly_m3636077220_gshared	System.Boolean System.Collections.ObjectModel.ReadOnlyCollection`1<UnityEngine.UILineInfo>::System.Collections.IList.get_IsReadOnly()	mscorlib
ReadOnlyCollection_1_System_Collections_IList_get_Item_m3110315408_gshared	System.Object System.Collections.ObjectModel.ReadOnlyCollection`1<UnityEngine.UILineInfo>::System.Collections.IList.get_Item(System.Int32)	mscorlib
ReadOnlyCollection_1_System_Collections_IList_set_Item_m3570269385_gshared	System.Void System.Collections.ObjectModel.ReadOnlyCollection`1<UnityEngine.UILineInfo>::System.Collections.IList.set_Item(System.Int32,System.Object)	mscorlib
ReadOnlyCollection_1_Contains_m1699971074_gshared	System.Boolean System.Collections.ObjectModel.ReadOnlyCollection`1<UnityEngine.UILineInfo>::Contains(T)	mscorlib
ReadOnlyCollection_1_CopyTo_m2867438211_gshared	System.Void System.Collections.ObjectModel.ReadOnlyCollection`1<UnityEngine.UILineInfo>::CopyTo(T[],System.Int32)	mscorlib
ReadOnlyCollection_1_GetEnumerator_m2557694741_gshared	System.Collections.Generic.IEnumerator`1<T> System.Collections.ObjectModel.ReadOnlyCollection`1<UnityEngine.UILineInfo>::GetEnumerator()	mscorlib
ReadOnlyCollection_1_IndexOf_m2747606499_gshared	System.Int32 System.Collections.ObjectModel.ReadOnlyCollection`1<UnityEngine.UILineInfo>::IndexOf(T)	mscorlib
ReadOnlyCollection_1_get_Count_m2445738777_gshared	System.Int32 System.Collections.ObjectModel.ReadOnlyCollection`1<UnityEngine.UILineInfo>::get_Count()	mscorlib
ReadOnlyCollection_1_get_Item_m3443105538_gshared	T System.Collections.ObjectModel.ReadOnlyCollection`1<UnityEngine.UILineInfo>::get_Item(System.Int32)	mscorlib
ReadOnlyCollection_1__ctor_m2338137125_gshared	System.Void System.Collections.ObjectModel.ReadOnlyCollection`1<UnityEngine.UIVertex>::.ctor(System.Collections.Generic.IList`1<T>)	mscorlib
ReadOnlyCollection_1_System_Collections_Generic_ICollectionU3CTU3E_Add_m2451728105_gshared	System.Void System.Collections.ObjectModel.ReadOnlyCollection`1<UnityEngine.UIVertex>::System.Collections.Generic.ICollection<T>.Add(T)	mscorlib
ReadOnlyCollection_1_System_Collections_Generic_ICollectionU3CTU3E_Clear_m4167983473_gshared	System.Void System.Collections.ObjectModel.ReadOnlyCollection`1<UnityEngine.UIVertex>::System.Collections.Generic.ICollection<T>.Clear()	mscorlib
ReadOnlyCollection_1_System_Collections_Generic_IListU3CTU3E_Insert_m447088589_gshared	System.Void System.Collections.ObjectModel.ReadOnlyCollection`1<UnityEngine.UIVertex>::System.Collections.Generic.IList<T>.Insert(System.Int32,T)	mscorlib
ReadOnlyCollection_1_System_Collections_Generic_ICollectionU3CTU3E_Remove_m2211264472_gshared	System.Boolean System.Collections.ObjectModel.ReadOnlyCollection`1<UnityEngine.UIVertex>::System.Collections.Generic.ICollection<T>.Remove(T)	mscorlib
ReadOnlyCollection_1_System_Collections_Generic_IListU3CTU3E_RemoveAt_m2506377382_gshared	System.Void System.Collections.ObjectModel.ReadOnlyCollection`1<UnityEngine.UIVertex>::System.Collections.Generic.IList<T>.RemoveAt(System.Int32)	mscorlib
ReadOnlyCollection_1_System_Collections_Generic_IListU3CTU3E_get_Item_m1020029688_gshared	T System.Collections.ObjectModel.ReadOnlyCollection`1<UnityEngine.UIVertex>::System.Collections.Generic.IList<T>.get_Item(System.Int32)	mscorlib
ReadOnlyCollection_1_System_Collections_Generic_IListU3CTU3E_set_Item_m1620609838_gshared	System.Void System.Collections.ObjectModel.ReadOnlyCollection`1<UnityEngine.UIVertex>::System.Collections.Generic.IList<T>.set_Item(System.Int32,T)	mscorlib
ReadOnlyCollection_1_System_Collections_Generic_ICollectionU3CTU3E_get_IsReadOnly_m1021591824_gshared	System.Boolean System.Collections.ObjectModel.ReadOnlyCollection`1<UnityEngine.UIVertex>::System.Collections.Generic.ICollection<T>.get_IsReadOnly()	mscorlib
ReadOnlyCollection_1_System_Collections_ICollection_CopyTo_m3448148224_gshared	System.Void System.Collections.ObjectModel.ReadOnlyCollection`1<UnityEngine.UIVertex>::System.Collections.ICollection.CopyTo(System.Array,System.Int32)	mscorlib
ReadOnlyCollection_1_System_Collections_IEnumerable_GetEnumerator_m1905081102_gshared	System.Collections.IEnumerator System.Collections.ObjectModel.ReadOnlyCollection`1<UnityEngine.UIVertex>::System.Collections.IEnumerable.GetEnumerator()	mscorlib
ReadOnlyCollection_1_System_Collections_IList_Add_m2898257908_gshared	System.Int32 System.Collections.ObjectModel.ReadOnlyCollection`1<UnityEngine.UIVertex>::System.Collections.IList.Add(System.Object)	mscorlib
ReadOnlyCollection_1_System_Collections_IList_Clear_m12445504_gshared	System.Void System.Collections.ObjectModel.ReadOnlyCollection`1<UnityEngine.UIVertex>::System.Collections.IList.Clear()	mscorlib
ReadOnlyCollection_1_System_Collections_IList_Contains_m2396766451_gshared	System.Boolean System.Collections.ObjectModel.ReadOnlyCollection`1<UnityEngine.UIVertex>::System.Collections.IList.Contains(System.Object)	mscorlib
ReadOnlyCollection_1_System_Collections_IList_IndexOf_m2945692968_gshared	System.Int32 System.Collections.ObjectModel.ReadOnlyCollection`1<UnityEngine.UIVertex>::System.Collections.IList.IndexOf(System.Object)	mscorlib
ReadOnlyCollection_1_System_Collections_IList_Insert_m923045110_gshared	System.Void System.Collections.ObjectModel.ReadOnlyCollection`1<UnityEngine.UIVertex>::System.Collections.IList.Insert(System.Int32,System.Object)	mscorlib
ReadOnlyCollection_1_System_Collections_IList_Remove_m2324089221_gshared	System.Void System.Collections.ObjectModel.ReadOnlyCollection`1<UnityEngine.UIVertex>::System.Collections.IList.Remove(System.Object)	mscorlib
ReadOnlyCollection_1_System_Collections_IList_RemoveAt_m4258434872_gshared	System.Void System.Collections.ObjectModel.ReadOnlyCollection`1<UnityEngine.UIVertex>::System.Collections.IList.RemoveAt(System.Int32)	mscorlib
ReadOnlyCollection_1_System_Collections_ICollection_get_IsSynchronized_m338297688_gshared	System.Boolean System.Collections.ObjectModel.ReadOnlyCollection`1<UnityEngine.UIVertex>::System.Collections.ICollection.get_IsSynchronized()	mscorlib
ReadOnlyCollection_1_System_Collections_ICollection_get_SyncRoot_m732582841_gshared	System.Object System.Collections.ObjectModel.ReadOnlyCollection`1<UnityEngine.UIVertex>::System.Collections.ICollection.get_SyncRoot()	mscorlib
ReadOnlyCollection_1_System_Collections_IList_get_IsFixedSize_m2046901402_gshared	System.Boolean System.Collections.ObjectModel.ReadOnlyCollection`1<UnityEngine.UIVertex>::System.Collections.IList.get_IsFixedSize()	mscorlib
ReadOnlyCollection_1_System_Collections_IList_get_IsReadOnly_m1773071144_gshared	System.Boolean System.Collections.ObjectModel.ReadOnlyCollection`1<UnityEngine.UIVertex>::System.Collections.IList.get_IsReadOnly()	mscorlib
ReadOnlyCollection_1_System_Collections_IList_get_Item_m3210839774_gshared	System.Object System.Collections.ObjectModel.ReadOnlyCollection`1<UnityEngine.UIVertex>::System.Collections.IList.get_Item(System.Int32)	mscorlib
ReadOnlyCollection_1_System_Collections_IList_set_Item_m1538987737_gshared	System.Void System.Collections.ObjectModel.ReadOnlyCollection`1<UnityEngine.UIVertex>::System.Collections.IList.set_Item(System.Int32,System.Object)	mscorlib
ReadOnlyCollection_1_Contains_m3117658801_gshared	System.Boolean System.Collections.ObjectModel.ReadOnlyCollection`1<UnityEngine.UIVertex>::Contains(T)	mscorlib
ReadOnlyCollection_1_CopyTo_m605724295_gshared	System.Void System.Collections.ObjectModel.ReadOnlyCollection`1<UnityEngine.UIVertex>::CopyTo(T[],System.Int32)	mscorlib
ReadOnlyCollection_1_GetEnumerator_m1017886827_gshared	System.Collections.Generic.IEnumerator`1<T> System.Collections.ObjectModel.ReadOnlyCollection`1<UnityEngine.UIVertex>::GetEnumerator()	mscorlib
ReadOnlyCollection_1_IndexOf_m2659941036_gshared	System.Int32 System.Collections.ObjectModel.ReadOnlyCollection`1<UnityEngine.UIVertex>::IndexOf(T)	mscorlib
ReadOnlyCollection_1_get_Count_m658428334_gshared	System.Int32 System.Collections.ObjectModel.ReadOnlyCollection`1<UnityEngine.UIVertex>::get_Count()	mscorlib
ReadOnlyCollection_1_get_Item_m679165083_gshared	T System.Collections.ObjectModel.ReadOnlyCollection`1<UnityEngine.UIVertex>::get_Item(System.Int32)	mscorlib
ReadOnlyCollection_1__ctor_m3989322201_gshared	System.Void System.Collections.ObjectModel.ReadOnlyCollection`1<UnityEngine.Vector2>::.ctor(System.Collections.Generic.IList`1<T>)	mscorlib
ReadOnlyCollection_1_System_Collections_Generic_ICollectionU3CTU3E_Add_m3437279820_gshared	System.Void System.Collections.ObjectModel.ReadOnlyCollection`1<UnityEngine.Vector2>::System.Collections.Generic.ICollection<T>.Add(T)	mscorlib
ReadOnlyCollection_1_System_Collections_Generic_ICollectionU3CTU3E_Clear_m585611446_gshared	System.Void System.Collections.ObjectModel.ReadOnlyCollection`1<UnityEngine.Vector2>::System.Collections.Generic.ICollection<T>.Clear()	mscorlib
ReadOnlyCollection_1_System_Collections_Generic_IListU3CTU3E_Insert_m2194343917_gshared	System.Void System.Collections.ObjectModel.ReadOnlyCollection`1<UnityEngine.Vector2>::System.Collections.Generic.IList<T>.Insert(System.Int32,T)	mscorlib
ReadOnlyCollection_1_System_Collections_Generic_ICollectionU3CTU3E_Remove_m401245573_gshared	System.Boolean System.Collections.ObjectModel.ReadOnlyCollection`1<UnityEngine.Vector2>::System.Collections.Generic.ICollection<T>.Remove(T)	mscorlib
ReadOnlyCollection_1_System_Collections_Generic_IListU3CTU3E_RemoveAt_m400808413_gshared	System.Void System.Collections.ObjectModel.ReadOnlyCollection`1<UnityEngine.Vector2>::System.Collections.Generic.IList<T>.RemoveAt(System.Int32)	mscorlib
ReadOnlyCollection_1_System_Collections_Generic_IListU3CTU3E_get_Item_m2177126942_gshared	T System.Collections.ObjectModel.ReadOnlyCollection`1<UnityEngine.Vector2>::System.Collections.Generic.IList<T>.get_Item(System.Int32)	mscorlib
ReadOnlyCollection_1_System_Collections_Generic_IListU3CTU3E_set_Item_m2769719733_gshared	System.Void System.Collections.ObjectModel.ReadOnlyCollection`1<UnityEngine.Vector2>::System.Collections.Generic.IList<T>.set_Item(System.Int32,T)	mscorlib
ReadOnlyCollection_1_System_Collections_Generic_ICollectionU3CTU3E_get_IsReadOnly_m1009579489_gshared	System.Boolean System.Collections.ObjectModel.ReadOnlyCollection`1<UnityEngine.Vector2>::System.Collections.Generic.ICollection<T>.get_IsReadOnly()	mscorlib
ReadOnlyCollection_1_System_Collections_ICollection_CopyTo_m353321451_gshared	System.Void System.Collections.ObjectModel.ReadOnlyCollection`1<UnityEngine.Vector2>::System.Collections.ICollection.CopyTo(System.Array,System.Int32)	mscorlib
ReadOnlyCollection_1_System_Collections_IEnumerable_GetEnumerator_m2781605075_gshared	System.Collections.IEnumerator System.Collections.ObjectModel.ReadOnlyCollection`1<UnityEngine.Vector2>::System.Collections.IEnumerable.GetEnumerator()	mscorlib
ReadOnlyCollection_1_System_Collections_IList_Add_m4240023232_gshared	System.Int32 System.Collections.ObjectModel.ReadOnlyCollection`1<UnityEngine.Vector2>::System.Collections.IList.Add(System.Object)	mscorlib
ReadOnlyCollection_1_System_Collections_IList_Clear_m687220435_gshared	System.Void System.Collections.ObjectModel.ReadOnlyCollection`1<UnityEngine.Vector2>::System.Collections.IList.Clear()	mscorlib
ReadOnlyCollection_1_System_Collections_IList_Contains_m2904046095_gshared	System.Boolean System.Collections.ObjectModel.ReadOnlyCollection`1<UnityEngine.Vector2>::System.Collections.IList.Contains(System.Object)	mscorlib
ReadOnlyCollection_1_System_Collections_IList_IndexOf_m848971554_gshared	System.Int32 System.Collections.ObjectModel.ReadOnlyCollection`1<UnityEngine.Vector2>::System.Collections.IList.IndexOf(System.Object)	mscorlib
ReadOnlyCollection_1_System_Collections_IList_Insert_m134149130_gshared	System.Void System.Collections.ObjectModel.ReadOnlyCollection`1<UnityEngine.Vector2>::System.Collections.IList.Insert(System.Int32,System.Object)	mscorlib
ReadOnlyCollection_1_System_Collections_IList_Remove_m913116894_gshared	System.Void System.Collections.ObjectModel.ReadOnlyCollection`1<UnityEngine.Vector2>::System.Collections.IList.Remove(System.Object)	mscorlib
ReadOnlyCollection_1_System_Collections_IList_RemoveAt_m3413874437_gshared	System.Void System.Collections.ObjectModel.ReadOnlyCollection`1<UnityEngine.Vector2>::System.Collections.IList.RemoveAt(System.Int32)	mscorlib
ReadOnlyCollection_1_System_Collections_ICollection_get_IsSynchronized_m1150914347_gshared	System.Boolean System.Collections.ObjectModel.ReadOnlyCollection`1<UnityEngine.Vector2>::System.Collections.ICollection.get_IsSynchronized()	mscorlib
ReadOnlyCollection_1_System_Collections_ICollection_get_SyncRoot_m1036904920_gshared	System.Object System.Collections.ObjectModel.ReadOnlyCollection`1<UnityEngine.Vector2>::System.Collections.ICollection.get_SyncRoot()	mscorlib
ReadOnlyCollection_1_System_Collections_IList_get_IsFixedSize_m708992482_gshared	System.Boolean System.Collections.ObjectModel.ReadOnlyCollection`1<UnityEngine.Vector2>::System.Collections.IList.get_IsFixedSize()	mscorlib
ReadOnlyCollection_1_System_Collections_IList_get_IsReadOnly_m2982440401_gshared	System.Boolean System.Collections.ObjectModel.ReadOnlyCollection`1<UnityEngine.Vector2>::System.Collections.IList.get_IsReadOnly()	mscorlib
ReadOnlyCollection_1_System_Collections_IList_get_Item_m1222523409_gshared	System.Object System.Collections.ObjectModel.ReadOnlyCollection`1<UnityEngine.Vector2>::System.Collections.IList.get_Item(System.Int32)	mscorlib
ReadOnlyCollection_1_System_Collections_IList_set_Item_m3352062191_gshared	System.Void System.Collections.ObjectModel.ReadOnlyCollection`1<UnityEngine.Vector2>::System.Collections.IList.set_Item(System.Int32,System.Object)	mscorlib
ReadOnlyCollection_1_Contains_m3652919994_gshared	System.Boolean System.Collections.ObjectModel.ReadOnlyCollection`1<UnityEngine.Vector2>::Contains(T)	mscorlib
ReadOnlyCollection_1_CopyTo_m312507840_gshared	System.Void System.Collections.ObjectModel.ReadOnlyCollection`1<UnityEngine.Vector2>::CopyTo(T[],System.Int32)	mscorlib
ReadOnlyCollection_1_GetEnumerator_m597882569_gshared	System.Collections.Generic.IEnumerator`1<T> System.Collections.ObjectModel.ReadOnlyCollection`1<UnityEngine.Vector2>::GetEnumerator()	mscorlib
ReadOnlyCollection_1_IndexOf_m3668930419_gshared	System.Int32 System.Collections.ObjectModel.ReadOnlyCollection`1<UnityEngine.Vector2>::IndexOf(T)	mscorlib
ReadOnlyCollection_1_get_Count_m3746402610_gshared	System.Int32 System.Collections.ObjectModel.ReadOnlyCollection`1<UnityEngine.Vector2>::get_Count()	mscorlib
ReadOnlyCollection_1_get_Item_m3626736519_gshared	T System.Collections.ObjectModel.ReadOnlyCollection`1<UnityEngine.Vector2>::get_Item(System.Int32)	mscorlib
ReadOnlyCollection_1__ctor_m1807868317_gshared	System.Void System.Collections.ObjectModel.ReadOnlyCollection`1<UnityEngine.Vector3>::.ctor(System.Collections.Generic.IList`1<T>)	mscorlib
ReadOnlyCollection_1_System_Collections_Generic_ICollectionU3CTU3E_Add_m4030875132_gshared	System.Void System.Collections.ObjectModel.ReadOnlyCollection`1<UnityEngine.Vector3>::System.Collections.Generic.ICollection<T>.Add(T)	mscorlib
ReadOnlyCollection_1_System_Collections_Generic_ICollectionU3CTU3E_Clear_m1551418550_gshared	System.Void System.Collections.ObjectModel.ReadOnlyCollection`1<UnityEngine.Vector3>::System.Collections.Generic.ICollection<T>.Clear()	mscorlib
ReadOnlyCollection_1_System_Collections_Generic_IListU3CTU3E_Insert_m1818924748_gshared	System.Void System.Collections.ObjectModel.ReadOnlyCollection`1<UnityEngine.Vector3>::System.Collections.Generic.IList<T>.Insert(System.Int32,T)	mscorlib
ReadOnlyCollection_1_System_Collections_Generic_ICollectionU3CTU3E_Remove_m1426243480_gshared	System.Boolean System.Collections.ObjectModel.ReadOnlyCollection`1<UnityEngine.Vector3>::System.Collections.Generic.ICollection<T>.Remove(T)	mscorlib
ReadOnlyCollection_1_System_Collections_Generic_IListU3CTU3E_RemoveAt_m3317217538_gshared	System.Void System.Collections.ObjectModel.ReadOnlyCollection`1<UnityEngine.Vector3>::System.Collections.Generic.IList<T>.RemoveAt(System.Int32)	mscorlib
ReadOnlyCollection_1_System_Collections_Generic_IListU3CTU3E_get_Item_m3666607533_gshared	T System.Collections.ObjectModel.ReadOnlyCollection`1<UnityEngine.Vector3>::System.Collections.Generic.IList<T>.get_Item(System.Int32)	mscorlib
ReadOnlyCollection_1_System_Collections_Generic_IListU3CTU3E_set_Item_m904536990_gshared	System.Void System.Collections.ObjectModel.ReadOnlyCollection`1<UnityEngine.Vector3>::System.Collections.Generic.IList<T>.set_Item(System.Int32,T)	mscorlib
ReadOnlyCollection_1_System_Collections_Generic_ICollectionU3CTU3E_get_IsReadOnly_m2508509261_gshared	System.Boolean System.Collections.ObjectModel.ReadOnlyCollection`1<UnityEngine.Vector3>::System.Collections.Generic.ICollection<T>.get_IsReadOnly()	mscorlib
ReadOnlyCollection_1_System_Collections_ICollection_CopyTo_m546059009_gshared	System.Void System.Collections.ObjectModel.ReadOnlyCollection`1<UnityEngine.Vector3>::System.Collections.ICollection.CopyTo(System.Array,System.Int32)	mscorlib
ReadOnlyCollection_1_System_Collections_IEnumerable_GetEnumerator_m2136218964_gshared	System.Collections.IEnumerator System.Collections.ObjectModel.ReadOnlyCollection`1<UnityEngine.Vector3>::System.Collections.IEnumerable.GetEnumerator()	mscorlib
ReadOnlyCollection_1_System_Collections_IList_Add_m1986911293_gshared	System.Int32 System.Collections.ObjectModel.ReadOnlyCollection`1<UnityEngine.Vector3>::System.Collections.IList.Add(System.Object)	mscorlib
ReadOnlyCollection_1_System_Collections_IList_Clear_m4215575252_gshared	System.Void System.Collections.ObjectModel.ReadOnlyCollection`1<UnityEngine.Vector3>::System.Collections.IList.Clear()	mscorlib
ReadOnlyCollection_1_System_Collections_IList_Contains_m4284683357_gshared	System.Boolean System.Collections.ObjectModel.ReadOnlyCollection`1<UnityEngine.Vector3>::System.Collections.IList.Contains(System.Object)	mscorlib
ReadOnlyCollection_1_System_Collections_IList_IndexOf_m1446540508_gshared	System.Int32 System.Collections.ObjectModel.ReadOnlyCollection`1<UnityEngine.Vector3>::System.Collections.IList.IndexOf(System.Object)	mscorlib
ReadOnlyCollection_1_System_Collections_IList_Insert_m2928873627_gshared	System.Void System.Collections.ObjectModel.ReadOnlyCollection`1<UnityEngine.Vector3>::System.Collections.IList.Insert(System.Int32,System.Object)	mscorlib
ReadOnlyCollection_1_System_Collections_IList_Remove_m2434650390_gshared	System.Void System.Collections.ObjectModel.ReadOnlyCollection`1<UnityEngine.Vector3>::System.Collections.IList.Remove(System.Object)	mscorlib
ReadOnlyCollection_1_System_Collections_IList_RemoveAt_m1518119111_gshared	System.Void System.Collections.ObjectModel.ReadOnlyCollection`1<UnityEngine.Vector3>::System.Collections.IList.RemoveAt(System.Int32)	mscorlib
ReadOnlyCollection_1_System_Collections_ICollection_get_IsSynchronized_m869291907_gshared	System.Boolean System.Collections.ObjectModel.ReadOnlyCollection`1<UnityEngine.Vector3>::System.Collections.ICollection.get_IsSynchronized()	mscorlib
ReadOnlyCollection_1_System_Collections_ICollection_get_SyncRoot_m2731101222_gshared	System.Object System.Collections.ObjectModel.ReadOnlyCollection`1<UnityEngine.Vector3>::System.Collections.ICollection.get_SyncRoot()	mscorlib
ReadOnlyCollection_1_System_Collections_IList_get_IsFixedSize_m1923250479_gshared	System.Boolean System.Collections.ObjectModel.ReadOnlyCollection`1<UnityEngine.Vector3>::System.Collections.IList.get_IsFixedSize()	mscorlib
ReadOnlyCollection_1_System_Collections_IList_get_IsReadOnly_m3370928715_gshared	System.Boolean System.Collections.ObjectModel.ReadOnlyCollection`1<UnityEngine.Vector3>::System.Collections.IList.get_IsReadOnly()	mscorlib
ReadOnlyCollection_1_System_Collections_IList_get_Item_m1262024888_gshared	System.Object System.Collections.ObjectModel.ReadOnlyCollection`1<UnityEngine.Vector3>::System.Collections.IList.get_Item(System.Int32)	mscorlib
ReadOnlyCollection_1_System_Collections_IList_set_Item_m1559106988_gshared	System.Void System.Collections.ObjectModel.ReadOnlyCollection`1<UnityEngine.Vector3>::System.Collections.IList.set_Item(System.Int32,System.Object)	mscorlib
ReadOnlyCollection_1_Contains_m3888327611_gshared	System.Boolean System.Collections.ObjectModel.ReadOnlyCollection`1<UnityEngine.Vector3>::Contains(T)	mscorlib
ReadOnlyCollection_1_CopyTo_m1280532098_gshared	System.Void System.Collections.ObjectModel.ReadOnlyCollection`1<UnityEngine.Vector3>::CopyTo(T[],System.Int32)	mscorlib
ReadOnlyCollection_1_GetEnumerator_m2167562046_gshared	System.Collections.Generic.IEnumerator`1<T> System.Collections.ObjectModel.ReadOnlyCollection`1<UnityEngine.Vector3>::GetEnumerator()	mscorlib
ReadOnlyCollection_1_IndexOf_m3669095250_gshared	System.Int32 System.Collections.ObjectModel.ReadOnlyCollection`1<UnityEngine.Vector3>::IndexOf(T)	mscorlib
ReadOnlyCollection_1_get_Count_m3746371027_gshared	System.Int32 System.Collections.ObjectModel.ReadOnlyCollection`1<UnityEngine.Vector3>::get_Count()	mscorlib
ReadOnlyCollection_1_get_Item_m1121075254_gshared	T System.Collections.ObjectModel.ReadOnlyCollection`1<UnityEngine.Vector3>::get_Item(System.Int32)	mscorlib
ReadOnlyCollection_1__ctor_m1747474077_gshared	System.Void System.Collections.ObjectModel.ReadOnlyCollection`1<UnityEngine.Vector4>::.ctor(System.Collections.Generic.IList`1<T>)	mscorlib
ReadOnlyCollection_1_System_Collections_Generic_ICollectionU3CTU3E_Add_m2369252587_gshared	System.Void System.Collections.ObjectModel.ReadOnlyCollection`1<UnityEngine.Vector4>::System.Collections.Generic.ICollection<T>.Add(T)	mscorlib
ReadOnlyCollection_1_System_Collections_Generic_ICollectionU3CTU3E_Clear_m1940708191_gshared	System.Void System.Collections.ObjectModel.ReadOnlyCollection`1<UnityEngine.Vector4>::System.Collections.Generic.ICollection<T>.Clear()	mscorlib
ReadOnlyCollection_1_System_Collections_Generic_IListU3CTU3E_Insert_m1602347115_gshared	System.Void System.Collections.ObjectModel.ReadOnlyCollection`1<UnityEngine.Vector4>::System.Collections.Generic.IList<T>.Insert(System.Int32,T)	mscorlib
ReadOnlyCollection_1_System_Collections_Generic_ICollectionU3CTU3E_Remove_m2367904156_gshared	System.Boolean System.Collections.ObjectModel.ReadOnlyCollection`1<UnityEngine.Vector4>::System.Collections.Generic.ICollection<T>.Remove(T)	mscorlib
ReadOnlyCollection_1_System_Collections_Generic_IListU3CTU3E_RemoveAt_m4037795630_gshared	System.Void System.Collections.ObjectModel.ReadOnlyCollection`1<UnityEngine.Vector4>::System.Collections.Generic.IList<T>.RemoveAt(System.Int32)	mscorlib
ReadOnlyCollection_1_System_Collections_Generic_IListU3CTU3E_get_Item_m312201925_gshared	T System.Collections.ObjectModel.ReadOnlyCollection`1<UnityEngine.Vector4>::System.Collections.Generic.IList<T>.get_Item(System.Int32)	mscorlib
ReadOnlyCollection_1_System_Collections_Generic_IListU3CTU3E_set_Item_m2182579298_gshared	System.Void System.Collections.ObjectModel.ReadOnlyCollection`1<UnityEngine.Vector4>::System.Collections.Generic.IList<T>.set_Item(System.Int32,T)	mscorlib
ReadOnlyCollection_1_System_Collections_Generic_ICollectionU3CTU3E_get_IsReadOnly_m1215739200_gshared	System.Boolean System.Collections.ObjectModel.ReadOnlyCollection`1<UnityEngine.Vector4>::System.Collections.Generic.ICollection<T>.get_IsReadOnly()	mscorlib
ReadOnlyCollection_1_System_Collections_ICollection_CopyTo_m511916545_gshared	System.Void System.Collections.ObjectModel.ReadOnlyCollection`1<UnityEngine.Vector4>::System.Collections.ICollection.CopyTo(System.Array,System.Int32)	mscorlib
ReadOnlyCollection_1_System_Collections_IEnumerable_GetEnumerator_m3203429155_gshared	System.Collections.IEnumerator System.Collections.ObjectModel.ReadOnlyCollection`1<UnityEngine.Vector4>::System.Collections.IEnumerable.GetEnumerator()	mscorlib
ReadOnlyCollection_1_System_Collections_IList_Add_m2445024939_gshared	System.Int32 System.Collections.ObjectModel.ReadOnlyCollection`1<UnityEngine.Vector4>::System.Collections.IList.Add(System.Object)	mscorlib
ReadOnlyCollection_1_System_Collections_IList_Clear_m3811739791_gshared	System.Void System.Collections.ObjectModel.ReadOnlyCollection`1<UnityEngine.Vector4>::System.Collections.IList.Clear()	mscorlib
ReadOnlyCollection_1_System_Collections_IList_Contains_m3786805382_gshared	System.Boolean System.Collections.ObjectModel.ReadOnlyCollection`1<UnityEngine.Vector4>::System.Collections.IList.Contains(System.Object)	mscorlib
ReadOnlyCollection_1_System_Collections_IList_IndexOf_m2732195777_gshared	System.Int32 System.Collections.ObjectModel.ReadOnlyCollection`1<UnityEngine.Vector4>::System.Collections.IList.IndexOf(System.Object)	mscorlib
ReadOnlyCollection_1_System_Collections_IList_Insert_m4085855595_gshared	System.Void System.Collections.ObjectModel.ReadOnlyCollection`1<UnityEngine.Vector4>::System.Collections.IList.Insert(System.Int32,System.Object)	mscorlib
ReadOnlyCollection_1_System_Collections_IList_Remove_m1934589923_gshared	System.Void System.Collections.ObjectModel.ReadOnlyCollection`1<UnityEngine.Vector4>::System.Collections.IList.Remove(System.Object)	mscorlib
ReadOnlyCollection_1_System_Collections_IList_RemoveAt_m2555465054_gshared	System.Void System.Collections.ObjectModel.ReadOnlyCollection`1<UnityEngine.Vector4>::System.Collections.IList.RemoveAt(System.Int32)	mscorlib
ReadOnlyCollection_1_System_Collections_ICollection_get_IsSynchronized_m3764535001_gshared	System.Boolean System.Collections.ObjectModel.ReadOnlyCollection`1<UnityEngine.Vector4>::System.Collections.ICollection.get_IsSynchronized()	mscorlib
ReadOnlyCollection_1_System_Collections_ICollection_get_SyncRoot_m4138988005_gshared	System.Object System.Collections.ObjectModel.ReadOnlyCollection`1<UnityEngine.Vector4>::System.Collections.ICollection.get_SyncRoot()	mscorlib
ReadOnlyCollection_1_System_Collections_IList_get_IsFixedSize_m852939981_gshared	System.Boolean System.Collections.ObjectModel.ReadOnlyCollection`1<UnityEngine.Vector4>::System.Collections.IList.get_IsFixedSize()	mscorlib
ReadOnlyCollection_1_System_Collections_IList_get_IsReadOnly_m165706550_gshared	System.Boolean System.Collections.ObjectModel.ReadOnlyCollection`1<UnityEngine.Vector4>::System.Collections.IList.get_IsReadOnly()	mscorlib
ReadOnlyCollection_1_System_Collections_IList_get_Item_m4009596507_gshared	System.Object System.Collections.ObjectModel.ReadOnlyCollection`1<UnityEngine.Vector4>::System.Collections.IList.get_Item(System.Int32)	mscorlib
ReadOnlyCollection_1_System_Collections_IList_set_Item_m2079219712_gshared	System.Void System.Collections.ObjectModel.ReadOnlyCollection`1<UnityEngine.Vector4>::System.Collections.IList.set_Item(System.Int32,System.Object)	mscorlib
ReadOnlyCollection_1_Contains_m561682500_gshared	System.Boolean System.Collections.ObjectModel.ReadOnlyCollection`1<UnityEngine.Vector4>::Contains(T)	mscorlib
ReadOnlyCollection_1_CopyTo_m586367390_gshared	System.Void System.Collections.ObjectModel.ReadOnlyCollection`1<UnityEngine.Vector4>::CopyTo(T[],System.Int32)	mscorlib
ReadOnlyCollection_1_GetEnumerator_m122912648_gshared	System.Collections.Generic.IEnumerator`1<T> System.Collections.ObjectModel.ReadOnlyCollection`1<UnityEngine.Vector4>::GetEnumerator()	mscorlib
ReadOnlyCollection_1_IndexOf_m3668994109_gshared	System.Int32 System.Collections.ObjectModel.ReadOnlyCollection`1<UnityEngine.Vector4>::IndexOf(T)	mscorlib
ReadOnlyCollection_1_get_Count_m3746330764_gshared	System.Int32 System.Collections.ObjectModel.ReadOnlyCollection`1<UnityEngine.Vector4>::get_Count()	mscorlib
ReadOnlyCollection_1_get_Item_m1152615590_gshared	T System.Collections.ObjectModel.ReadOnlyCollection`1<UnityEngine.Vector4>::get_Item(System.Int32)	mscorlib
Comparison_1__ctor_m2649066178_gshared	System.Void System.Comparison`1<System.Int32>::.ctor(System.Object,System.IntPtr)	mscorlib
Comparison_1_Invoke_m758547514_gshared	System.Int32 System.Comparison`1<System.Int32>::Invoke(T,T)	mscorlib
Comparison_1_BeginInvoke_m1918167472_gshared	System.IAsyncResult System.Comparison`1<System.Int32>::BeginInvoke(T,T,System.AsyncCallback,System.Object)	mscorlib
Comparison_1_EndInvoke_m435367240_gshared	System.Int32 System.Comparison`1<System.Int32>::EndInvoke(System.IAsyncResult)	mscorlib
Comparison_1__ctor_m340433212_gshared	System.Void System.Comparison`1<System.Reflection.CustomAttributeNamedArgument>::.ctor(System.Object,System.IntPtr)	mscorlib
Comparison_1_Invoke_m211021171_gshared	System.Int32 System.Comparison`1<System.Reflection.CustomAttributeNamedArgument>::Invoke(T,T)	mscorlib
Comparison_1_BeginInvoke_m3263247262_gshared	System.IAsyncResult System.Comparison`1<System.Reflection.CustomAttributeNamedArgument>::BeginInvoke(T,T,System.AsyncCallback,System.Object)	mscorlib
Comparison_1_EndInvoke_m3337344523_gshared	System.Int32 System.Comparison`1<System.Reflection.CustomAttributeNamedArgument>::EndInvoke(System.IAsyncResult)	mscorlib
Comparison_1__ctor_m533218197_gshared	System.Void System.Comparison`1<System.Reflection.CustomAttributeTypedArgument>::.ctor(System.Object,System.IntPtr)	mscorlib
Comparison_1_Invoke_m517083441_gshared	System.Int32 System.Comparison`1<System.Reflection.CustomAttributeTypedArgument>::Invoke(T,T)	mscorlib
Comparison_1_BeginInvoke_m1735646405_gshared	System.IAsyncResult System.Comparison`1<System.Reflection.CustomAttributeTypedArgument>::BeginInvoke(T,T,System.AsyncCallback,System.Object)	mscorlib
Comparison_1_EndInvoke_m1514982988_gshared	System.Int32 System.Comparison`1<System.Reflection.CustomAttributeTypedArgument>::EndInvoke(System.IAsyncResult)	mscorlib
Comparison_1__ctor_m1597376039_gshared	System.Void System.Comparison`1<UnityEngine.BeforeRenderHelper/OrderBlock>::.ctor(System.Object,System.IntPtr)	mscorlib
Comparison_1_Invoke_m3899730459_gshared	System.Int32 System.Comparison`1<UnityEngine.BeforeRenderHelper/OrderBlock>::Invoke(T,T)	mscorlib
Comparison_1_BeginInvoke_m793617530_gshared	System.IAsyncResult System.Comparison`1<UnityEngine.BeforeRenderHelper/OrderBlock>::BeginInvoke(T,T,System.AsyncCallback,System.Object)	mscorlib
Comparison_1_EndInvoke_m2999525154_gshared	System.Int32 System.Comparison`1<UnityEngine.BeforeRenderHelper/OrderBlock>::EndInvoke(System.IAsyncResult)	mscorlib
Comparison_1__ctor_m3683222655_gshared	System.Void System.Comparison`1<UnityEngine.Color32>::.ctor(System.Object,System.IntPtr)	mscorlib
Comparison_1_Invoke_m1103021447_gshared	System.Int32 System.Comparison`1<UnityEngine.Color32>::Invoke(T,T)	mscorlib
Comparison_1_BeginInvoke_m2650216826_gshared	System.IAsyncResult System.Comparison`1<UnityEngine.Color32>::BeginInvoke(T,T,System.AsyncCallback,System.Object)	mscorlib
Comparison_1_EndInvoke_m3981968715_gshared	System.Int32 System.Comparison`1<UnityEngine.Color32>::EndInvoke(System.IAsyncResult)	mscorlib
Comparison_1_Invoke_m2925518770_gshared	System.Int32 System.Comparison`1<UnityEngine.EventSystems.RaycastResult>::Invoke(T,T)	mscorlib
Comparison_1_BeginInvoke_m4076324035_gshared	System.IAsyncResult System.Comparison`1<UnityEngine.EventSystems.RaycastResult>::BeginInvoke(T,T,System.AsyncCallback,System.Object)	mscorlib
Comparison_1_EndInvoke_m3171293834_gshared	System.Int32 System.Comparison`1<UnityEngine.EventSystems.RaycastResult>::EndInvoke(System.IAsyncResult)	mscorlib
Comparison_1_Invoke_m568154215_gshared	System.Int32 System.Comparison`1<UnityEngine.RaycastHit>::Invoke(T,T)	mscorlib
Comparison_1_BeginInvoke_m3269260419_gshared	System.IAsyncResult System.Comparison`1<UnityEngine.RaycastHit>::BeginInvoke(T,T,System.AsyncCallback,System.Object)	mscorlib
Comparison_1_EndInvoke_m3446517087_gshared	System.Int32 System.Comparison`1<UnityEngine.RaycastHit>::EndInvoke(System.IAsyncResult)	mscorlib
Comparison_1__ctor_m2860072663_gshared	System.Void System.Comparison`1<UnityEngine.UICharInfo>::.ctor(System.Object,System.IntPtr)	mscorlib
Comparison_1_Invoke_m4072250642_gshared	System.Int32 System.Comparison`1<UnityEngine.UICharInfo>::Invoke(T,T)	mscorlib
Comparison_1_BeginInvoke_m816899747_gshared	System.IAsyncResult System.Comparison`1<UnityEngine.UICharInfo>::BeginInvoke(T,T,System.AsyncCallback,System.Object)	mscorlib
Comparison_1_EndInvoke_m1014176120_gshared	System.Int32 System.Comparison`1<UnityEngine.UICharInfo>::EndInvoke(System.IAsyncResult)	mscorlib
Comparison_1__ctor_m1585549742_gshared	System.Void System.Comparison`1<UnityEngine.UILineInfo>::.ctor(System.Object,System.IntPtr)	mscorlib
Comparison_1_Invoke_m668117148_gshared	System.Int32 System.Comparison`1<UnityEngine.UILineInfo>::Invoke(T,T)	mscorlib
Comparison_1_BeginInvoke_m2544021984_gshared	System.IAsyncResult System.Comparison`1<UnityEngine.UILineInfo>::BeginInvoke(T,T,System.AsyncCallback,System.Object)	mscorlib
Comparison_1_EndInvoke_m2438956051_gshared	System.Int32 System.Comparison`1<UnityEngine.UILineInfo>::EndInvoke(System.IAsyncResult)	mscorlib
Comparison_1__ctor_m2495735784_gshared	System.Void System.Comparison`1<UnityEngine.UIVertex>::.ctor(System.Object,System.IntPtr)	mscorlib
Comparison_1_Invoke_m2738752991_gshared	System.Int32 System.Comparison`1<UnityEngine.UIVertex>::Invoke(T,T)	mscorlib
Comparison_1_BeginInvoke_m3158011706_gshared	System.IAsyncResult System.Comparison`1<UnityEngine.UIVertex>::BeginInvoke(T,T,System.AsyncCallback,System.Object)	mscorlib
Comparison_1_EndInvoke_m2734814639_gshared	System.Int32 System.Comparison`1<UnityEngine.UIVertex>::EndInvoke(System.IAsyncResult)	mscorlib
Comparison_1__ctor_m1824284137_gshared	System.Void System.Comparison`1<UnityEngine.Vector2>::.ctor(System.Object,System.IntPtr)	mscorlib
Comparison_1_Invoke_m941130260_gshared	System.Int32 System.Comparison`1<UnityEngine.Vector2>::Invoke(T,T)	mscorlib
Comparison_1_BeginInvoke_m4264168485_gshared	System.IAsyncResult System.Comparison`1<UnityEngine.Vector2>::BeginInvoke(T,T,System.AsyncCallback,System.Object)	mscorlib
Comparison_1_EndInvoke_m1096746294_gshared	System.Int32 System.Comparison`1<UnityEngine.Vector2>::EndInvoke(System.IAsyncResult)	mscorlib
Comparison_1__ctor_m4078530878_gshared	System.Void System.Comparison`1<UnityEngine.Vector3>::.ctor(System.Object,System.IntPtr)	mscorlib
Comparison_1_Invoke_m945371617_gshared	System.Int32 System.Comparison`1<UnityEngine.Vector3>::Invoke(T,T)	mscorlib
Comparison_1_BeginInvoke_m1765981570_gshared	System.IAsyncResult System.Comparison`1<UnityEngine.Vector3>::BeginInvoke(T,T,System.AsyncCallback,System.Object)	mscorlib
Comparison_1_EndInvoke_m827964479_gshared	System.Int32 System.Comparison`1<UnityEngine.Vector3>::EndInvoke(System.IAsyncResult)	mscorlib
Comparison_1__ctor_m3005707178_gshared	System.Void System.Comparison`1<UnityEngine.Vector4>::.ctor(System.Object,System.IntPtr)	mscorlib
Comparison_1_Invoke_m945007214_gshared	System.Int32 System.Comparison`1<UnityEngine.Vector4>::Invoke(T,T)	mscorlib
Comparison_1_BeginInvoke_m3417636795_gshared	System.IAsyncResult System.Comparison`1<UnityEngine.Vector4>::BeginInvoke(T,T,System.AsyncCallback,System.Object)	mscorlib
Comparison_1_EndInvoke_m1896581882_gshared	System.Int32 System.Comparison`1<UnityEngine.Vector4>::EndInvoke(System.IAsyncResult)	mscorlib
Func_2__ctor_m3104565095_gshared	System.Void System.Func`2<System.Object,System.Boolean>::.ctor(System.Object,System.IntPtr)	System.Core
Func_2_Invoke_m1574203759_gshared	TResult System.Func`2<System.Object,System.Boolean>::Invoke(T)	System.Core
Func_2_BeginInvoke_m741019616_gshared	System.IAsyncResult System.Func`2<System.Object,System.Boolean>::BeginInvoke(T,System.AsyncCallback,System.Object)	System.Core
Func_2_EndInvoke_m675918185_gshared	TResult System.Func`2<System.Object,System.Boolean>::EndInvoke(System.IAsyncResult)	System.Core
Func_2__ctor_m1150804732_gshared	System.Void System.Func`2<System.Object,System.Single>::.ctor(System.Object,System.IntPtr)	System.Core
Func_2_Invoke_m3516477887_gshared	TResult System.Func`2<System.Object,System.Single>::Invoke(T)	System.Core
Func_2_BeginInvoke_m3840458125_gshared	System.IAsyncResult System.Func`2<System.Object,System.Single>::BeginInvoke(T,System.AsyncCallback,System.Object)	System.Core
Func_2_EndInvoke_m452534302_gshared	TResult System.Func`2<System.Object,System.Single>::EndInvoke(System.IAsyncResult)	System.Core
Func_2__ctor_m489285992_gshared	System.Void System.Func`2<UnityEngine.Vector2,UnityEngine.Matrix4x4>::.ctor(System.Object,System.IntPtr)	System.Core
Func_2_BeginInvoke_m969339760_gshared	System.IAsyncResult System.Func`2<UnityEngine.Vector2,UnityEngine.Matrix4x4>::BeginInvoke(T,System.AsyncCallback,System.Object)	System.Core
Func_2_EndInvoke_m4181670625_gshared	TResult System.Func`2<UnityEngine.Vector2,UnityEngine.Matrix4x4>::EndInvoke(System.IAsyncResult)	System.Core
Func_3__ctor_m2966131480_gshared	System.Void System.Func`3<System.Int32,System.IntPtr,System.Boolean>::.ctor(System.Object,System.IntPtr)	System.Core
Func_3_BeginInvoke_m2576783546_gshared	System.IAsyncResult System.Func`3<System.Int32,System.IntPtr,System.Boolean>::BeginInvoke(T1,T2,System.AsyncCallback,System.Object)	System.Core
Func_3_EndInvoke_m905146398_gshared	TResult System.Func`3<System.Int32,System.IntPtr,System.Boolean>::EndInvoke(System.IAsyncResult)	System.Core
Nullable_1_Equals_m2119234996_AdjustorThunk	System.Boolean System.Nullable`1<System.TimeSpan>::Equals(System.Object)	mscorlib
Nullable_1_Equals_m4046255732_AdjustorThunk	System.Boolean System.Nullable`1<System.TimeSpan>::Equals(System.Nullable`1<T>)	mscorlib
Nullable_1_GetHashCode_m4232053575_AdjustorThunk	System.Int32 System.Nullable`1<System.TimeSpan>::GetHashCode()	mscorlib
Nullable_1_ToString_m1520177337_AdjustorThunk	System.String System.Nullable`1<System.TimeSpan>::ToString()	mscorlib
Predicate_1__ctor_m2074002922_gshared	System.Void System.Predicate`1<System.Int32>::.ctor(System.Object,System.IntPtr)	mscorlib
Predicate_1_Invoke_m2308795536_gshared	System.Boolean System.Predicate`1<System.Int32>::Invoke(T)	mscorlib
Predicate_1_BeginInvoke_m29636740_gshared	System.IAsyncResult System.Predicate`1<System.Int32>::BeginInvoke(T,System.AsyncCallback,System.Object)	mscorlib
Predicate_1_EndInvoke_m3675319632_gshared	System.Boolean System.Predicate`1<System.Int32>::EndInvoke(System.IAsyncResult)	mscorlib
Predicate_1__ctor_m3002344741_gshared	System.Void System.Predicate`1<System.Reflection.CustomAttributeNamedArgument>::.ctor(System.Object,System.IntPtr)	mscorlib
Predicate_1_Invoke_m2315049893_gshared	System.Boolean System.Predicate`1<System.Reflection.CustomAttributeNamedArgument>::Invoke(T)	mscorlib
Predicate_1_BeginInvoke_m3459414084_gshared	System.IAsyncResult System.Predicate`1<System.Reflection.CustomAttributeNamedArgument>::BeginInvoke(T,System.AsyncCallback,System.Object)	mscorlib
Predicate_1_EndInvoke_m3884403745_gshared	System.Boolean System.Predicate`1<System.Reflection.CustomAttributeNamedArgument>::EndInvoke(System.IAsyncResult)	mscorlib
Predicate_1__ctor_m4256519903_gshared	System.Void System.Predicate`1<System.Reflection.CustomAttributeTypedArgument>::.ctor(System.Object,System.IntPtr)	mscorlib
Predicate_1_Invoke_m685699837_gshared	System.Boolean System.Predicate`1<System.Reflection.CustomAttributeTypedArgument>::Invoke(T)	mscorlib
Predicate_1_BeginInvoke_m401952161_gshared	System.IAsyncResult System.Predicate`1<System.Reflection.CustomAttributeTypedArgument>::BeginInvoke(T,System.AsyncCallback,System.Object)	mscorlib
Predicate_1_EndInvoke_m3252191495_gshared	System.Boolean System.Predicate`1<System.Reflection.CustomAttributeTypedArgument>::EndInvoke(System.IAsyncResult)	mscorlib
Predicate_1__ctor_m1646720565_gshared	System.Void System.Predicate`1<UnityEngine.BeforeRenderHelper/OrderBlock>::.ctor(System.Object,System.IntPtr)	mscorlib
Predicate_1_Invoke_m851618236_gshared	System.Boolean System.Predicate`1<UnityEngine.BeforeRenderHelper/OrderBlock>::Invoke(T)	mscorlib
Predicate_1_BeginInvoke_m2845045805_gshared	System.IAsyncResult System.Predicate`1<UnityEngine.BeforeRenderHelper/OrderBlock>::BeginInvoke(T,System.AsyncCallback,System.Object)	mscorlib
Predicate_1_EndInvoke_m2307501513_gshared	System.Boolean System.Predicate`1<UnityEngine.BeforeRenderHelper/OrderBlock>::EndInvoke(System.IAsyncResult)	mscorlib
Predicate_1__ctor_m2151654926_gshared	System.Void System.Predicate`1<UnityEngine.Color32>::.ctor(System.Object,System.IntPtr)	mscorlib
Predicate_1_Invoke_m1828171037_gshared	System.Boolean System.Predicate`1<UnityEngine.Color32>::Invoke(T)	mscorlib
Predicate_1_BeginInvoke_m265405911_gshared	System.IAsyncResult System.Predicate`1<UnityEngine.Color32>::BeginInvoke(T,System.AsyncCallback,System.Object)	mscorlib
Predicate_1_EndInvoke_m3987519925_gshared	System.Boolean System.Predicate`1<UnityEngine.Color32>::EndInvoke(System.IAsyncResult)	mscorlib
Predicate_1__ctor_m4189146159_gshared	System.Void System.Predicate`1<UnityEngine.EventSystems.RaycastResult>::.ctor(System.Object,System.IntPtr)	mscorlib
Predicate_1_Invoke_m2887746805_gshared	System.Boolean System.Predicate`1<UnityEngine.EventSystems.RaycastResult>::Invoke(T)	mscorlib
Predicate_1_BeginInvoke_m3823292596_gshared	System.IAsyncResult System.Predicate`1<UnityEngine.EventSystems.RaycastResult>::BeginInvoke(T,System.AsyncCallback,System.Object)	mscorlib
Predicate_1_EndInvoke_m152895840_gshared	System.Boolean System.Predicate`1<UnityEngine.EventSystems.RaycastResult>::EndInvoke(System.IAsyncResult)	mscorlib
Predicate_1__ctor_m102233112_gshared	System.Void System.Predicate`1<UnityEngine.UICharInfo>::.ctor(System.Object,System.IntPtr)	mscorlib
Predicate_1_Invoke_m4087887637_gshared	System.Boolean System.Predicate`1<UnityEngine.UICharInfo>::Invoke(T)	mscorlib
Predicate_1_BeginInvoke_m3768208683_gshared	System.IAsyncResult System.Predicate`1<UnityEngine.UICharInfo>::BeginInvoke(T,System.AsyncCallback,System.Object)	mscorlib
Predicate_1_EndInvoke_m1883221632_gshared	System.Boolean System.Predicate`1<UnityEngine.UICharInfo>::EndInvoke(System.IAsyncResult)	mscorlib
Predicate_1__ctor_m1087067902_gshared	System.Void System.Predicate`1<UnityEngine.UILineInfo>::.ctor(System.Object,System.IntPtr)	mscorlib
Predicate_1_Invoke_m2932303859_gshared	System.Boolean System.Predicate`1<UnityEngine.UILineInfo>::Invoke(T)	mscorlib
Predicate_1_BeginInvoke_m3719399882_gshared	System.IAsyncResult System.Predicate`1<UnityEngine.UILineInfo>::BeginInvoke(T,System.AsyncCallback,System.Object)	mscorlib
Predicate_1_EndInvoke_m2572100896_gshared	System.Boolean System.Predicate`1<UnityEngine.UILineInfo>::EndInvoke(System.IAsyncResult)	mscorlib
Predicate_1__ctor_m2717715890_gshared	System.Void System.Predicate`1<UnityEngine.UIVertex>::.ctor(System.Object,System.IntPtr)	mscorlib
Predicate_1_Invoke_m2389850270_gshared	System.Boolean System.Predicate`1<UnityEngine.UIVertex>::Invoke(T)	mscorlib
Predicate_1_BeginInvoke_m3323348752_gshared	System.IAsyncResult System.Predicate`1<UnityEngine.UIVertex>::BeginInvoke(T,System.AsyncCallback,System.Object)	mscorlib
Predicate_1_EndInvoke_m3558323376_gshared	System.Boolean System.Predicate`1<UnityEngine.UIVertex>::EndInvoke(System.IAsyncResult)	mscorlib
Predicate_1__ctor_m2000726592_gshared	System.Void System.Predicate`1<UnityEngine.Vector2>::.ctor(System.Object,System.IntPtr)	mscorlib
Predicate_1_Invoke_m2758354419_gshared	System.Boolean System.Predicate`1<UnityEngine.Vector2>::Invoke(T)	mscorlib
Predicate_1_BeginInvoke_m2800560563_gshared	System.IAsyncResult System.Predicate`1<UnityEngine.Vector2>::BeginInvoke(T,System.AsyncCallback,System.Object)	mscorlib
Predicate_1_EndInvoke_m4041069564_gshared	System.Boolean System.Predicate`1<UnityEngine.Vector2>::EndInvoke(System.IAsyncResult)	mscorlib
Predicate_1__ctor_m4128261089_gshared	System.Void System.Predicate`1<UnityEngine.Vector3>::.ctor(System.Object,System.IntPtr)	mscorlib
Predicate_1_Invoke_m1229727214_gshared	System.Boolean System.Predicate`1<UnityEngine.Vector3>::Invoke(T)	mscorlib
Predicate_1_BeginInvoke_m1281248445_gshared	System.IAsyncResult System.Predicate`1<UnityEngine.Vector3>::BeginInvoke(T,System.AsyncCallback,System.Object)	mscorlib
Predicate_1_EndInvoke_m4121290523_gshared	System.Boolean System.Predicate`1<UnityEngine.Vector3>::EndInvoke(System.IAsyncResult)	mscorlib
Predicate_1__ctor_m3829092036_gshared	System.Void System.Predicate`1<UnityEngine.Vector4>::.ctor(System.Object,System.IntPtr)	mscorlib
Predicate_1_Invoke_m759375343_gshared	System.Boolean System.Predicate`1<UnityEngine.Vector4>::Invoke(T)	mscorlib
Predicate_1_BeginInvoke_m1096326034_gshared	System.IAsyncResult System.Predicate`1<UnityEngine.Vector4>::BeginInvoke(T,System.AsyncCallback,System.Object)	mscorlib
Predicate_1_EndInvoke_m3599005370_gshared	System.Boolean System.Predicate`1<UnityEngine.Vector4>::EndInvoke(System.IAsyncResult)	mscorlib
CachedInvokableCall_1_Invoke_m3002667207_gshared	System.Void UnityEngine.Events.CachedInvokableCall`1<System.Boolean>::Invoke(System.Object[])	UnityEngine.CoreModule
CachedInvokableCall_1_Invoke_m812947504_gshared	System.Void UnityEngine.Events.CachedInvokableCall`1<System.Boolean>::Invoke(T)	UnityEngine.CoreModule
CachedInvokableCall_1_Invoke_m502907382_gshared	System.Void UnityEngine.Events.CachedInvokableCall`1<System.Int32>::Invoke(System.Object[])	UnityEngine.CoreModule
CachedInvokableCall_1_Invoke_m2909479018_gshared	System.Void UnityEngine.Events.CachedInvokableCall`1<System.Int32>::Invoke(T)	UnityEngine.CoreModule
CachedInvokableCall_1_Invoke_m2734252625_gshared	System.Void UnityEngine.Events.CachedInvokableCall`1<System.Single>::Invoke(System.Object[])	UnityEngine.CoreModule
CachedInvokableCall_1_Invoke_m1355947625_gshared	System.Void UnityEngine.Events.CachedInvokableCall`1<System.Single>::Invoke(T)	UnityEngine.CoreModule
InvokableCall_1__ctor_m337513891_gshared	System.Void UnityEngine.Events.InvokableCall`1<System.Boolean>::.ctor(System.Object,System.Reflection.MethodInfo)	UnityEngine.CoreModule
InvokableCall_1__ctor_m1028560745_gshared	System.Void UnityEngine.Events.InvokableCall`1<System.Boolean>::.ctor(UnityEngine.Events.UnityAction`1<T1>)	UnityEngine.CoreModule
InvokableCall_1_add_Delegate_m1011133128_gshared	System.Void UnityEngine.Events.InvokableCall`1<System.Boolean>::add_Delegate(UnityEngine.Events.UnityAction`1<T1>)	UnityEngine.CoreModule
InvokableCall_1_remove_Delegate_m1293546855_gshared	System.Void UnityEngine.Events.InvokableCall`1<System.Boolean>::remove_Delegate(UnityEngine.Events.UnityAction`1<T1>)	UnityEngine.CoreModule
InvokableCall_1_Invoke_m3497872319_gshared	System.Void UnityEngine.Events.InvokableCall`1<System.Boolean>::Invoke(System.Object[])	UnityEngine.CoreModule
InvokableCall_1_Invoke_m3859772291_gshared	System.Void UnityEngine.Events.InvokableCall`1<System.Boolean>::Invoke(T1)	UnityEngine.CoreModule
InvokableCall_1_Find_m3228745517_gshared	System.Boolean UnityEngine.Events.InvokableCall`1<System.Boolean>::Find(System.Object,System.Reflection.MethodInfo)	UnityEngine.CoreModule
InvokableCall_1__ctor_m854286695_gshared	System.Void UnityEngine.Events.InvokableCall`1<System.Int32>::.ctor(System.Object,System.Reflection.MethodInfo)	UnityEngine.CoreModule
InvokableCall_1__ctor_m250126292_gshared	System.Void UnityEngine.Events.InvokableCall`1<System.Int32>::.ctor(UnityEngine.Events.UnityAction`1<T1>)	UnityEngine.CoreModule
InvokableCall_1_add_Delegate_m3984829522_gshared	System.Void UnityEngine.Events.InvokableCall`1<System.Int32>::add_Delegate(UnityEngine.Events.UnityAction`1<T1>)	UnityEngine.CoreModule
InvokableCall_1_remove_Delegate_m1404598405_gshared	System.Void UnityEngine.Events.InvokableCall`1<System.Int32>::remove_Delegate(UnityEngine.Events.UnityAction`1<T1>)	UnityEngine.CoreModule
InvokableCall_1_Invoke_m891112188_gshared	System.Void UnityEngine.Events.InvokableCall`1<System.Int32>::Invoke(System.Object[])	UnityEngine.CoreModule
InvokableCall_1_Invoke_m1665111854_gshared	System.Void UnityEngine.Events.InvokableCall`1<System.Int32>::Invoke(T1)	UnityEngine.CoreModule
InvokableCall_1_Find_m2748617534_gshared	System.Boolean UnityEngine.Events.InvokableCall`1<System.Int32>::Find(System.Object,System.Reflection.MethodInfo)	UnityEngine.CoreModule
InvokableCall_1__ctor_m4147324340_gshared	System.Void UnityEngine.Events.InvokableCall`1<System.Single>::.ctor(System.Object,System.Reflection.MethodInfo)	UnityEngine.CoreModule
InvokableCall_1__ctor_m550191732_gshared	System.Void UnityEngine.Events.InvokableCall`1<System.Single>::.ctor(UnityEngine.Events.UnityAction`1<T1>)	UnityEngine.CoreModule
InvokableCall_1_add_Delegate_m1440777569_gshared	System.Void UnityEngine.Events.InvokableCall`1<System.Single>::add_Delegate(UnityEngine.Events.UnityAction`1<T1>)	UnityEngine.CoreModule
InvokableCall_1_remove_Delegate_m790146436_gshared	System.Void UnityEngine.Events.InvokableCall`1<System.Single>::remove_Delegate(UnityEngine.Events.UnityAction`1<T1>)	UnityEngine.CoreModule
InvokableCall_1_Invoke_m4150391468_gshared	System.Void UnityEngine.Events.InvokableCall`1<System.Single>::Invoke(System.Object[])	UnityEngine.CoreModule
InvokableCall_1_Invoke_m1920505169_gshared	System.Void UnityEngine.Events.InvokableCall`1<System.Single>::Invoke(T1)	UnityEngine.CoreModule
InvokableCall_1_Find_m1741895083_gshared	System.Boolean UnityEngine.Events.InvokableCall`1<System.Single>::Find(System.Object,System.Reflection.MethodInfo)	UnityEngine.CoreModule
InvokableCall_1__ctor_m3910153236_gshared	System.Void UnityEngine.Events.InvokableCall`1<UnityEngine.Color>::.ctor(System.Object,System.Reflection.MethodInfo)	UnityEngine.CoreModule
InvokableCall_1__ctor_m2610016537_gshared	System.Void UnityEngine.Events.InvokableCall`1<UnityEngine.Color>::.ctor(UnityEngine.Events.UnityAction`1<T1>)	UnityEngine.CoreModule
InvokableCall_1_add_Delegate_m1240362230_gshared	System.Void UnityEngine.Events.InvokableCall`1<UnityEngine.Color>::add_Delegate(UnityEngine.Events.UnityAction`1<T1>)	UnityEngine.CoreModule
InvokableCall_1_remove_Delegate_m1889626100_gshared	System.Void UnityEngine.Events.InvokableCall`1<UnityEngine.Color>::remove_Delegate(UnityEngine.Events.UnityAction`1<T1>)	UnityEngine.CoreModule
InvokableCall_1_Invoke_m1524307439_gshared	System.Void UnityEngine.Events.InvokableCall`1<UnityEngine.Color>::Invoke(System.Object[])	UnityEngine.CoreModule
InvokableCall_1_Invoke_m2622045618_gshared	System.Void UnityEngine.Events.InvokableCall`1<UnityEngine.Color>::Invoke(T1)	UnityEngine.CoreModule
InvokableCall_1_Find_m3206830158_gshared	System.Boolean UnityEngine.Events.InvokableCall`1<UnityEngine.Color>::Find(System.Object,System.Reflection.MethodInfo)	UnityEngine.CoreModule
InvokableCall_1__ctor_m2254957474_gshared	System.Void UnityEngine.Events.InvokableCall`1<UnityEngine.Vector2>::.ctor(System.Object,System.Reflection.MethodInfo)	UnityEngine.CoreModule
InvokableCall_1__ctor_m1888496133_gshared	System.Void UnityEngine.Events.InvokableCall`1<UnityEngine.Vector2>::.ctor(UnityEngine.Events.UnityAction`1<T1>)	UnityEngine.CoreModule
InvokableCall_1_add_Delegate_m4123929146_gshared	System.Void UnityEngine.Events.InvokableCall`1<UnityEngine.Vector2>::add_Delegate(UnityEngine.Events.UnityAction`1<T1>)	UnityEngine.CoreModule
InvokableCall_1_remove_Delegate_m667188944_gshared	System.Void UnityEngine.Events.InvokableCall`1<UnityEngine.Vector2>::remove_Delegate(UnityEngine.Events.UnityAction`1<T1>)	UnityEngine.CoreModule
InvokableCall_1_Invoke_m1160628299_gshared	System.Void UnityEngine.Events.InvokableCall`1<UnityEngine.Vector2>::Invoke(System.Object[])	UnityEngine.CoreModule
InvokableCall_1_Invoke_m3205384408_gshared	System.Void UnityEngine.Events.InvokableCall`1<UnityEngine.Vector2>::Invoke(T1)	UnityEngine.CoreModule
InvokableCall_1_Find_m2468125381_gshared	System.Boolean UnityEngine.Events.InvokableCall`1<UnityEngine.Vector2>::Find(System.Object,System.Reflection.MethodInfo)	UnityEngine.CoreModule
UnityAction_1_Invoke_m3535252839_gshared	System.Void UnityEngine.Events.UnityAction`1<System.Boolean>::Invoke(T0)	UnityEngine.CoreModule
UnityAction_1_BeginInvoke_m3721186338_gshared	System.IAsyncResult UnityEngine.Events.UnityAction`1<System.Boolean>::BeginInvoke(T0,System.AsyncCallback,System.Object)	UnityEngine.CoreModule
UnityAction_1_EndInvoke_m1872049713_gshared	System.Void UnityEngine.Events.UnityAction`1<System.Boolean>::EndInvoke(System.IAsyncResult)	UnityEngine.CoreModule
UnityAction_1__ctor_m3569411354_gshared	System.Void UnityEngine.Events.UnityAction`1<System.Int32>::.ctor(System.Object,System.IntPtr)	UnityEngine.CoreModule
UnityAction_1_Invoke_m3388120194_gshared	System.Void UnityEngine.Events.UnityAction`1<System.Int32>::Invoke(T0)	UnityEngine.CoreModule
UnityAction_1_BeginInvoke_m4018737650_gshared	System.IAsyncResult UnityEngine.Events.UnityAction`1<System.Int32>::BeginInvoke(T0,System.AsyncCallback,System.Object)	UnityEngine.CoreModule
UnityAction_1_EndInvoke_m290165017_gshared	System.Void UnityEngine.Events.UnityAction`1<System.Int32>::EndInvoke(System.IAsyncResult)	UnityEngine.CoreModule
UnityAction_1_Invoke_m1035307306_gshared	System.Void UnityEngine.Events.UnityAction`1<System.Single>::Invoke(T0)	UnityEngine.CoreModule
UnityAction_1_BeginInvoke_m2530432941_gshared	System.IAsyncResult UnityEngine.Events.UnityAction`1<System.Single>::BeginInvoke(T0,System.AsyncCallback,System.Object)	UnityEngine.CoreModule
UnityAction_1_EndInvoke_m1615818599_gshared	System.Void UnityEngine.Events.UnityAction`1<System.Single>::EndInvoke(System.IAsyncResult)	UnityEngine.CoreModule
UnityAction_1_Invoke_m927447181_gshared	System.Void UnityEngine.Events.UnityAction`1<UnityEngine.Color>::Invoke(T0)	UnityEngine.CoreModule
UnityAction_1_BeginInvoke_m1166386047_gshared	System.IAsyncResult UnityEngine.Events.UnityAction`1<UnityEngine.Color>::BeginInvoke(T0,System.AsyncCallback,System.Object)	UnityEngine.CoreModule
UnityAction_1_EndInvoke_m1121812453_gshared	System.Void UnityEngine.Events.UnityAction`1<UnityEngine.Color>::EndInvoke(System.IAsyncResult)	UnityEngine.CoreModule
UnityAction_1__ctor_m63817492_gshared	System.Void UnityEngine.Events.UnityAction`1<UnityEngine.SceneManagement.Scene>::.ctor(System.Object,System.IntPtr)	UnityEngine.CoreModule
UnityAction_1_BeginInvoke_m677813163_gshared	System.IAsyncResult UnityEngine.Events.UnityAction`1<UnityEngine.SceneManagement.Scene>::BeginInvoke(T0,System.AsyncCallback,System.Object)	UnityEngine.CoreModule
UnityAction_1_EndInvoke_m367631613_gshared	System.Void UnityEngine.Events.UnityAction`1<UnityEngine.SceneManagement.Scene>::EndInvoke(System.IAsyncResult)	UnityEngine.CoreModule
UnityAction_1__ctor_m1735647206_gshared	System.Void UnityEngine.Events.UnityAction`1<UnityEngine.Vector2>::.ctor(System.Object,System.IntPtr)	UnityEngine.CoreModule
UnityAction_1_Invoke_m610765085_gshared	System.Void UnityEngine.Events.UnityAction`1<UnityEngine.Vector2>::Invoke(T0)	UnityEngine.CoreModule
UnityAction_1_BeginInvoke_m2713840246_gshared	System.IAsyncResult UnityEngine.Events.UnityAction`1<UnityEngine.Vector2>::BeginInvoke(T0,System.AsyncCallback,System.Object)	UnityEngine.CoreModule
UnityAction_1_EndInvoke_m542551745_gshared	System.Void UnityEngine.Events.UnityAction`1<UnityEngine.Vector2>::EndInvoke(System.IAsyncResult)	UnityEngine.CoreModule
UnityAction_2__ctor_m3108471759_gshared	System.Void UnityEngine.Events.UnityAction`2<UnityEngine.SceneManagement.Scene,UnityEngine.SceneManagement.LoadSceneMode>::.ctor(System.Object,System.IntPtr)	UnityEngine.CoreModule
UnityAction_2_BeginInvoke_m1769266175_gshared	System.IAsyncResult UnityEngine.Events.UnityAction`2<UnityEngine.SceneManagement.Scene,UnityEngine.SceneManagement.LoadSceneMode>::BeginInvoke(T0,T1,System.AsyncCallback,System.Object)	UnityEngine.CoreModule
UnityAction_2_EndInvoke_m2179051926_gshared	System.Void UnityEngine.Events.UnityAction`2<UnityEngine.SceneManagement.Scene,UnityEngine.SceneManagement.LoadSceneMode>::EndInvoke(System.IAsyncResult)	UnityEngine.CoreModule
UnityAction_2__ctor_m2941677221_gshared	System.Void UnityEngine.Events.UnityAction`2<UnityEngine.SceneManagement.Scene,UnityEngine.SceneManagement.Scene>::.ctor(System.Object,System.IntPtr)	UnityEngine.CoreModule
UnityAction_2_BeginInvoke_m1733258791_gshared	System.IAsyncResult UnityEngine.Events.UnityAction`2<UnityEngine.SceneManagement.Scene,UnityEngine.SceneManagement.Scene>::BeginInvoke(T0,T1,System.AsyncCallback,System.Object)	UnityEngine.CoreModule
UnityAction_2_EndInvoke_m2385586247_gshared	System.Void UnityEngine.Events.UnityAction`2<UnityEngine.SceneManagement.Scene,UnityEngine.SceneManagement.Scene>::EndInvoke(System.IAsyncResult)	UnityEngine.CoreModule
UnityEvent_1_RemoveListener_m3490899137_gshared	System.Void UnityEngine.Events.UnityEvent`1<System.Boolean>::RemoveListener(UnityEngine.Events.UnityAction`1<T0>)	UnityEngine.CoreModule
UnityEvent_1_FindMethod_Impl_m2511430237_gshared	System.Reflection.MethodInfo UnityEngine.Events.UnityEvent`1<System.Boolean>::FindMethod_Impl(System.String,System.Object)	UnityEngine.CoreModule
UnityEvent_1_GetDelegate_m1518482089_gshared	UnityEngine.Events.BaseInvokableCall UnityEngine.Events.UnityEvent`1<System.Boolean>::GetDelegate(System.Object,System.Reflection.MethodInfo)	UnityEngine.CoreModule
UnityEvent_1_GetDelegate_m1212521776_gshared	UnityEngine.Events.BaseInvokableCall UnityEngine.Events.UnityEvent`1<System.Boolean>::GetDelegate(UnityEngine.Events.UnityAction`1<T0>)	UnityEngine.CoreModule
UnityEvent_1_AddListener_m3158408092_gshared	System.Void UnityEngine.Events.UnityEvent`1<System.Int32>::AddListener(UnityEngine.Events.UnityAction`1<T0>)	UnityEngine.CoreModule
UnityEvent_1_RemoveListener_m1953458448_gshared	System.Void UnityEngine.Events.UnityEvent`1<System.Int32>::RemoveListener(UnityEngine.Events.UnityAction`1<T0>)	UnityEngine.CoreModule
UnityEvent_1_FindMethod_Impl_m1397247356_gshared	System.Reflection.MethodInfo UnityEngine.Events.UnityEvent`1<System.Int32>::FindMethod_Impl(System.String,System.Object)	UnityEngine.CoreModule
UnityEvent_1_GetDelegate_m617150804_gshared	UnityEngine.Events.BaseInvokableCall UnityEngine.Events.UnityEvent`1<System.Int32>::GetDelegate(System.Object,System.Reflection.MethodInfo)	UnityEngine.CoreModule
UnityEvent_1_GetDelegate_m2283422164_gshared	UnityEngine.Events.BaseInvokableCall UnityEngine.Events.UnityEvent`1<System.Int32>::GetDelegate(UnityEngine.Events.UnityAction`1<T0>)	UnityEngine.CoreModule
UnityEvent_1_FindMethod_Impl_m555893253_gshared	System.Reflection.MethodInfo UnityEngine.Events.UnityEvent`1<System.Single>::FindMethod_Impl(System.String,System.Object)	UnityEngine.CoreModule
UnityEvent_1_GetDelegate_m1597732310_gshared	UnityEngine.Events.BaseInvokableCall UnityEngine.Events.UnityEvent`1<System.Single>::GetDelegate(System.Object,System.Reflection.MethodInfo)	UnityEngine.CoreModule
UnityEvent_1_GetDelegate_m25714567_gshared	UnityEngine.Events.BaseInvokableCall UnityEngine.Events.UnityEvent`1<System.Single>::GetDelegate(UnityEngine.Events.UnityAction`1<T0>)	UnityEngine.CoreModule
UnityEvent_1_RemoveListener_m2625750952_gshared	System.Void UnityEngine.Events.UnityEvent`1<UnityEngine.Color>::RemoveListener(UnityEngine.Events.UnityAction`1<T0>)	UnityEngine.CoreModule
UnityEvent_1_FindMethod_Impl_m1420160216_gshared	System.Reflection.MethodInfo UnityEngine.Events.UnityEvent`1<UnityEngine.Color>::FindMethod_Impl(System.String,System.Object)	UnityEngine.CoreModule
UnityEvent_1_GetDelegate_m1771043166_gshared	UnityEngine.Events.BaseInvokableCall UnityEngine.Events.UnityEvent`1<UnityEngine.Color>::GetDelegate(System.Object,System.Reflection.MethodInfo)	UnityEngine.CoreModule
UnityEvent_1_GetDelegate_m274387680_gshared	UnityEngine.Events.BaseInvokableCall UnityEngine.Events.UnityEvent`1<UnityEngine.Color>::GetDelegate(UnityEngine.Events.UnityAction`1<T0>)	UnityEngine.CoreModule
UnityEvent_1_AddListener_m213733913_gshared	System.Void UnityEngine.Events.UnityEvent`1<UnityEngine.Vector2>::AddListener(UnityEngine.Events.UnityAction`1<T0>)	UnityEngine.CoreModule
UnityEvent_1_RemoveListener_m3496608666_gshared	System.Void UnityEngine.Events.UnityEvent`1<UnityEngine.Vector2>::RemoveListener(UnityEngine.Events.UnityAction`1<T0>)	UnityEngine.CoreModule
UnityEvent_1_FindMethod_Impl_m2325208510_gshared	System.Reflection.MethodInfo UnityEngine.Events.UnityEvent`1<UnityEngine.Vector2>::FindMethod_Impl(System.String,System.Object)	UnityEngine.CoreModule
UnityEvent_1_GetDelegate_m2226801754_gshared	UnityEngine.Events.BaseInvokableCall UnityEngine.Events.UnityEvent`1<UnityEngine.Vector2>::GetDelegate(System.Object,System.Reflection.MethodInfo)	UnityEngine.CoreModule
UnityEvent_1_GetDelegate_m2265966113_gshared	UnityEngine.Events.BaseInvokableCall UnityEngine.Events.UnityEvent`1<UnityEngine.Vector2>::GetDelegate(UnityEngine.Events.UnityAction`1<T0>)	UnityEngine.CoreModule
U3CStartU3Ec__Iterator0__ctor_m3001242744_gshared	System.Void UnityEngine.UI.CoroutineTween.TweenRunner`1/<Start>c__Iterator0<UnityEngine.UI.CoroutineTween.ColorTween>::.ctor()	UnityEngine.UI
U3CStartU3Ec__Iterator0_MoveNext_m524356752_gshared	System.Boolean UnityEngine.UI.CoroutineTween.TweenRunner`1/<Start>c__Iterator0<UnityEngine.UI.CoroutineTween.ColorTween>::MoveNext()	UnityEngine.UI
U3CStartU3Ec__Iterator0_System_Collections_Generic_IEnumeratorU3CobjectU3E_get_Current_m2852443338_gshared	System.Object UnityEngine.UI.CoroutineTween.TweenRunner`1/<Start>c__Iterator0<UnityEngine.UI.CoroutineTween.ColorTween>::System.Collections.Generic.IEnumerator<object>.get_Current()	UnityEngine.UI
U3CStartU3Ec__Iterator0_System_Collections_IEnumerator_get_Current_m3282639877_gshared	System.Object UnityEngine.UI.CoroutineTween.TweenRunner`1/<Start>c__Iterator0<UnityEngine.UI.CoroutineTween.ColorTween>::System.Collections.IEnumerator.get_Current()	UnityEngine.UI
U3CStartU3Ec__Iterator0_Dispose_m261027331_gshared	System.Void UnityEngine.UI.CoroutineTween.TweenRunner`1/<Start>c__Iterator0<UnityEngine.UI.CoroutineTween.ColorTween>::Dispose()	UnityEngine.UI
U3CStartU3Ec__Iterator0_Reset_m3175110837_gshared	System.Void UnityEngine.UI.CoroutineTween.TweenRunner`1/<Start>c__Iterator0<UnityEngine.UI.CoroutineTween.ColorTween>::Reset()	UnityEngine.UI
U3CStartU3Ec__Iterator0__ctor_m2366347741_gshared	System.Void UnityEngine.UI.CoroutineTween.TweenRunner`1/<Start>c__Iterator0<UnityEngine.UI.CoroutineTween.FloatTween>::.ctor()	UnityEngine.UI
U3CStartU3Ec__Iterator0_MoveNext_m4270440387_gshared	System.Boolean UnityEngine.UI.CoroutineTween.TweenRunner`1/<Start>c__Iterator0<UnityEngine.UI.CoroutineTween.FloatTween>::MoveNext()	UnityEngine.UI
U3CStartU3Ec__Iterator0_System_Collections_Generic_IEnumeratorU3CobjectU3E_get_Current_m3156493053_gshared	System.Object UnityEngine.UI.CoroutineTween.TweenRunner`1/<Start>c__Iterator0<UnityEngine.UI.CoroutineTween.FloatTween>::System.Collections.Generic.IEnumerator<object>.get_Current()	UnityEngine.UI
U3CStartU3Ec__Iterator0_System_Collections_IEnumerator_get_Current_m1677159983_gshared	System.Object UnityEngine.UI.CoroutineTween.TweenRunner`1/<Start>c__Iterator0<UnityEngine.UI.CoroutineTween.FloatTween>::System.Collections.IEnumerator.get_Current()	UnityEngine.UI
U3CStartU3Ec__Iterator0_Dispose_m3800412744_gshared	System.Void UnityEngine.UI.CoroutineTween.TweenRunner`1/<Start>c__Iterator0<UnityEngine.UI.CoroutineTween.FloatTween>::Dispose()	UnityEngine.UI
U3CStartU3Ec__Iterator0_Reset_m656428886_gshared	System.Void UnityEngine.UI.CoroutineTween.TweenRunner`1/<Start>c__Iterator0<UnityEngine.UI.CoroutineTween.FloatTween>::Reset()	UnityEngine.UI
TweenRunner_1_Start_m817364799_gshared	System.Collections.IEnumerator UnityEngine.UI.CoroutineTween.TweenRunner`1<UnityEngine.UI.CoroutineTween.ColorTween>::Start(T)	UnityEngine.UI
TweenRunner_1_Start_m3757154622_gshared	System.Collections.IEnumerator UnityEngine.UI.CoroutineTween.TweenRunner`1<UnityEngine.UI.CoroutineTween.FloatTween>::Start(T)	UnityEngine.UI
TweenRunner_1_StopTween_m3457627707_gshared	System.Void UnityEngine.UI.CoroutineTween.TweenRunner`1<UnityEngine.UI.CoroutineTween.FloatTween>::StopTween()	UnityEngine.UI
ListPool_1__cctor_m647010813_gshared	System.Void UnityEngine.UI.ListPool`1<System.Int32>::.cctor()	UnityEngine.UI
ListPool_1_U3Cs_ListPoolU3Em__0_m1565128702_gshared	System.Void UnityEngine.UI.ListPool`1<System.Int32>::<s_ListPool>m__0(System.Collections.Generic.List`1<T>)	UnityEngine.UI
ListPool_1__cctor_m1390066271_gshared	System.Void UnityEngine.UI.ListPool`1<UnityEngine.Color32>::.cctor()	UnityEngine.UI
ListPool_1_U3Cs_ListPoolU3Em__0_m3132766965_gshared	System.Void UnityEngine.UI.ListPool`1<UnityEngine.Color32>::<s_ListPool>m__0(System.Collections.Generic.List`1<T>)	UnityEngine.UI
ListPool_1__cctor_m995356616_gshared	System.Void UnityEngine.UI.ListPool`1<UnityEngine.UIVertex>::.cctor()	UnityEngine.UI
ListPool_1_U3Cs_ListPoolU3Em__0_m1647198399_gshared	System.Void UnityEngine.UI.ListPool`1<UnityEngine.UIVertex>::<s_ListPool>m__0(System.Collections.Generic.List`1<T>)	UnityEngine.UI
ListPool_1__cctor_m3480273184_gshared	System.Void UnityEngine.UI.ListPool`1<UnityEngine.Vector2>::.cctor()	UnityEngine.UI
ListPool_1_U3Cs_ListPoolU3Em__0_m579534218_gshared	System.Void UnityEngine.UI.ListPool`1<UnityEngine.Vector2>::<s_ListPool>m__0(System.Collections.Generic.List`1<T>)	UnityEngine.UI
ListPool_1__cctor_m4085211983_gshared	System.Void UnityEngine.UI.ListPool`1<UnityEngine.Vector3>::.cctor()	UnityEngine.UI
ListPool_1_U3Cs_ListPoolU3Em__0_m657844629_gshared	System.Void UnityEngine.UI.ListPool`1<UnityEngine.Vector3>::<s_ListPool>m__0(System.Collections.Generic.List`1<T>)	UnityEngine.UI
ListPool_1__cctor_m704263611_gshared	System.Void UnityEngine.UI.ListPool`1<UnityEngine.Vector4>::.cctor()	UnityEngine.UI
ListPool_1_U3Cs_ListPoolU3Em__0_m2283646495_gshared	System.Void UnityEngine.UI.ListPool`1<UnityEngine.Vector4>::<s_ListPool>m__0(System.Collections.Generic.List`1<T>)	UnityEngine.UI
InternalEnumerator_1__ctor_m1675719794_AdjustorThunk	System.Void System.Array/InternalEnumerator`1<T>::.ctor(System.Array)	mscorlib
Array_Sort_TisRuntimeObject_TisRuntimeObject_m879120523_gshared	System.Void System.Array::Sort<T,T>(!!0[],!!1[],System.Int32,System.Int32,System.Collections.Generic.IComparer`1<!!0>)	mscorlib
Array_Sort_TisRuntimeObject_TisRuntimeObject_m879120523_gshared	System.Void System.Array::Sort<TKey,TValue>(!!0[],!!1[],System.Int32,System.Int32,System.Collections.Generic.IComparer`1<!!0>)	mscorlib
Array_Sort_TisRuntimeObject_TisRuntimeObject_m879120523_gshared	System.Void System.Array::Sort<T,T>(!!0[],!!1[],System.Int32,System.Int32,System.Collections.Generic.IComparer`1<!!0>)	mscorlib
Array_Sort_TisRuntimeObject_TisRuntimeObject_m879120523_gshared	System.Void System.Array::Sort<TKey,TValue>(!!0[],!!1[],System.Int32,System.Int32,System.Collections.Generic.IComparer`1<!!0>)	mscorlib
Array_Sort_TisRuntimeObject_TisRuntimeObject_m879120523_gshared	System.Void System.Array::Sort<T,T>(!!0[],!!1[],System.Int32,System.Int32,System.Collections.Generic.IComparer`1<!!0>)	mscorlib
Array_Sort_TisRuntimeObject_TisRuntimeObject_m879120523_gshared	System.Void System.Array::Sort<TKey,TValue>(!!0[],!!1[],System.Int32,System.Int32,System.Collections.Generic.IComparer`1<!!0>)	mscorlib
Array_Sort_TisRuntimeObject_TisRuntimeObject_m879120523_gshared	System.Void System.Array::Sort<T,T>(!!0[],!!1[],System.Int32,System.Int32,System.Collections.Generic.IComparer`1<!!0>)	mscorlib
Array_get_swapper_TisRuntimeObject_m1378919517_gshared	System.Array/Swapper System.Array::get_swapper<TValue>(!!0[])	mscorlib
Array_qsort_TisRuntimeObject_TisRuntimeObject_m2939659920_gshared	System.Void System.Array::qsort<TKey,TValue>(!!0[],!!1[],System.Int32,System.Int32,System.Collections.Generic.IComparer`1<!!0>)	mscorlib
Array_Sort_TisRuntimeObject_m3700318967_gshared	System.Void System.Array::Sort<T>(!!0[],System.Int32,System.Comparison`1<!!0>)	mscorlib
Array_qsort_TisRuntimeObject_m3032724227_gshared	System.Void System.Array::qsort<T>(!!0[],System.Int32,System.Int32,System.Comparison`1<!!0>)	mscorlib
Array_compare_TisRuntimeObject_m1541275189_gshared	System.Int32 System.Array::compare<K>(!!0,!!0,System.Collections.Generic.IComparer`1<!!0>)	mscorlib
Array_swap_TisRuntimeObject_TisRuntimeObject_m3366857751_gshared	System.Void System.Array::swap<K,V>(!!0[],!!1[],System.Int32,System.Int32)	mscorlib
Array_qsort_TisRuntimeObject_TisRuntimeObject_m2939659920_gshared	System.Void System.Array::qsort<K,V>(!!0[],!!1[],System.Int32,System.Int32,System.Collections.Generic.IComparer`1<!!0>)	mscorlib
Comparison_1_Invoke_m3571748132_gshared	System.Int32 System.Comparison`1<T>::Invoke(T,T)	mscorlib
Array_swap_TisRuntimeObject_m3281757310_gshared	System.Void System.Array::swap<T>(!!0[],System.Int32,System.Int32)	mscorlib
Array_qsort_TisRuntimeObject_m3032724227_gshared	System.Void System.Array::qsort<T>(!!0[],System.Int32,System.Int32,System.Comparison`1<!!0>)	mscorlib
Array_Resize_TisRuntimeObject_m391961866_gshared	System.Void System.Array::Resize<T>(!!0[]&,System.Int32,System.Int32)	mscorlib
Predicate_1_Invoke_m3369767990_gshared	System.Boolean System.Predicate`1<T>::Invoke(T)	mscorlib
Action_1_Invoke_m2461023210_gshared	System.Void System.Action`1<T>::Invoke(T)	mscorlib
Converter_2_Invoke_m2710846192_gshared	TOutput System.Converter`2<TInput,TOutput>::Invoke(TInput)	mscorlib
Array_FindLastIndex_TisRuntimeObject_m2929523835_gshared	System.Int32 System.Array::FindLastIndex<T>(!!0[],System.Int32,System.Int32,System.Predicate`1<!!0>)	mscorlib
Array_FindLastIndex_TisRuntimeObject_m2929523835_gshared	System.Int32 System.Array::FindLastIndex<T>(!!0[],System.Int32,System.Int32,System.Predicate`1<!!0>)	mscorlib
Predicate_1_Invoke_m3369767990_gshared	System.Boolean System.Predicate`1<T>::Invoke(T)	mscorlib
Array_FindIndex_TisRuntimeObject_m2474623804_gshared	System.Int32 System.Array::FindIndex<T>(!!0[],System.Int32,System.Int32,System.Predicate`1<!!0>)	mscorlib
Array_FindIndex_TisRuntimeObject_m2474623804_gshared	System.Int32 System.Array::FindIndex<T>(!!0[],System.Int32,System.Int32,System.Predicate`1<!!0>)	mscorlib
Predicate_1_Invoke_m3369767990_gshared	System.Boolean System.Predicate`1<T>::Invoke(T)	mscorlib
Array_BinarySearch_TisRuntimeObject_m3933462998_gshared	System.Int32 System.Array::BinarySearch<T>(!!0[],System.Int32,System.Int32,!!0,System.Collections.Generic.IComparer`1<!!0>)	mscorlib
Array_BinarySearch_TisRuntimeObject_m3933462998_gshared	System.Int32 System.Array::BinarySearch<T>(!!0[],System.Int32,System.Int32,!!0,System.Collections.Generic.IComparer`1<!!0>)	mscorlib
Array_BinarySearch_TisRuntimeObject_m3933462998_gshared	System.Int32 System.Array::BinarySearch<T>(!!0[],System.Int32,System.Int32,!!0,System.Collections.Generic.IComparer`1<!!0>)	mscorlib
Comparer_1_get_Default_m1030668641_gshared	System.Collections.Generic.Comparer`1<T> System.Collections.Generic.Comparer`1<T>::get_Default()	mscorlib
Array_IndexOf_TisRuntimeObject_m828474689_gshared	System.Int32 System.Array::IndexOf<T>(!!0[],!!0,System.Int32,System.Int32)	mscorlib
Array_IndexOf_TisRuntimeObject_m828474689_gshared	System.Int32 System.Array::IndexOf<T>(!!0[],!!0,System.Int32,System.Int32)	mscorlib
EqualityComparer_1_get_Default_m180770000_gshared	System.Collections.Generic.EqualityComparer`1<T> System.Collections.Generic.EqualityComparer`1<T>::get_Default()	mscorlib
NULL	System.Boolean System.Collections.Generic.EqualityComparer`1<T>::Equals(T,T)	mscorlib
Array_LastIndexOf_TisRuntimeObject_m1677937501_gshared	System.Int32 System.Array::LastIndexOf<T>(!!0[],!!0,System.Int32)	mscorlib
Array_LastIndexOf_TisRuntimeObject_m2701366436_gshared	System.Int32 System.Array::LastIndexOf<T>(!!0[],!!0,System.Int32,System.Int32)	mscorlib
EqualityComparer_1_get_Default_m180770000_gshared	System.Collections.Generic.EqualityComparer`1<T> System.Collections.Generic.EqualityComparer`1<T>::get_Default()	mscorlib
NULL	System.Boolean System.Collections.Generic.EqualityComparer`1<T>::Equals(T,T)	mscorlib
Predicate_1_Invoke_m3369767990_gshared	System.Boolean System.Predicate`1<T>::Invoke(T)	mscorlib
Array_Resize_TisRuntimeObject_m856296018_gshared	System.Void System.Array::Resize<T>(!!0[]&,System.Int32)	mscorlib
Predicate_1_Invoke_m3369767990_gshared	System.Boolean System.Predicate`1<T>::Invoke(T)	mscorlib
ArrayReadOnlyList_1__ctor_m3411930943_gshared	System.Void System.Array/ArrayReadOnlyList`1<T>::.ctor(T[])	mscorlib
ReadOnlyCollection_1__ctor_m2122524688_gshared	System.Void System.Collections.ObjectModel.ReadOnlyCollection`1<T>::.ctor(System.Collections.Generic.IList`1<T>)	mscorlib
Predicate_1_Invoke_m3369767990_gshared	System.Boolean System.Predicate`1<T>::Invoke(T)	mscorlib
Predicate_1_Invoke_m3369767990_gshared	System.Boolean System.Predicate`1<T>::Invoke(T)	mscorlib
InternalEnumerator_1_get_Current_m3839250771_AdjustorThunk	T System.Array/InternalEnumerator`1<T>::get_Current()	mscorlib
Array_InternalArray__get_Item_TisRuntimeObject_m3347010206_gshared	!!0 System.Array::InternalArray__get_Item<T>(System.Int32)	mscorlib
ArrayReadOnlyList_1_GetEnumerator_m1835926958_gshared	System.Collections.Generic.IEnumerator`1<T> System.Array/ArrayReadOnlyList`1<T>::GetEnumerator()	mscorlib
ArrayReadOnlyList_1_ReadOnlyError_m1047641207_gshared	System.Exception System.Array/ArrayReadOnlyList`1<T>::ReadOnlyError()	mscorlib
Array_IndexOf_TisRuntimeObject_m3944231312_gshared	System.Int32 System.Array::IndexOf<T>(!!0[],!!0)	mscorlib
U3CGetEnumeratorU3Ec__Iterator0__ctor_m3091529227_gshared	System.Void System.Array/ArrayReadOnlyList`1/<GetEnumerator>c__Iterator0<T>::.ctor()	mscorlib
Nullable_1_Equals_m1504895862_AdjustorThunk	System.Boolean System.Nullable`1<T>::Equals(System.Nullable`1<T>)	mscorlib
Comparer_1__ctor_m3541673631_gshared	System.Void System.Collections.Generic.Comparer`1<T>::.ctor()	mscorlib
DefaultComparer__ctor_m3948233172_gshared	System.Void System.Collections.Generic.Comparer`1/DefaultComparer<T>::.ctor()	mscorlib
NULL	System.Int32 System.Collections.Generic.Comparer`1<T>::Compare(T,T)	mscorlib
Comparer_1__ctor_m3541673631_gshared	System.Void System.Collections.Generic.Comparer`1<T>::.ctor()	mscorlib
NULL	System.Int32 System.IComparable`1<T>::CompareTo(T)	mscorlib
Transform_1_Invoke_m2986796014_gshared	TRet System.Collections.Generic.Dictionary`2/Transform`1<TKey,TValue,TRet>::Invoke(TKey,TValue)	mscorlib
Dictionary_2_Do_CopyTo_TisRuntimeObject_TisRuntimeObject_m976542334_gshared	System.Void System.Collections.Generic.Dictionary`2<TKey,TValue>::Do_CopyTo<TRet,System.Object>(!!1[],System.Int32,System.Collections.Generic.Dictionary`2/Transform`1<TKey,TValue,!!0>)	mscorlib
Dictionary_2_GetEnumerator_m3278257048_gshared	System.Collections.Generic.Dictionary`2/Enumerator<TKey,TValue> System.Collections.Generic.Dictionary`2<TKey,TValue>::GetEnumerator()	mscorlib
Enumerator_MoveNext_m1107569389_AdjustorThunk	System.Boolean System.Collections.Generic.Dictionary`2/Enumerator<TKey,TValue>::MoveNext()	mscorlib
Enumerator_get_Current_m2655181939_AdjustorThunk	System.Collections.Generic.KeyValuePair`2<TKey,TValue> System.Collections.Generic.Dictionary`2/Enumerator<TKey,TValue>::get_Current()	mscorlib
KeyValuePair_2_get_Key_m4184817181_AdjustorThunk	TKey System.Collections.Generic.KeyValuePair`2<TKey,TValue>::get_Key()	mscorlib
KeyValuePair_2_get_Value_m3464904234_AdjustorThunk	TValue System.Collections.Generic.KeyValuePair`2<TKey,TValue>::get_Value()	mscorlib
ShimEnumerator_get_Entry_m979380979_gshared	System.Collections.DictionaryEntry System.Collections.Generic.Dictionary`2/ShimEnumerator<TKey,TValue>::get_Entry()	mscorlib
Enumerator_Reset_m1473454555_AdjustorThunk	System.Void System.Collections.Generic.Dictionary`2/Enumerator<TKey,TValue>::Reset()	mscorlib
Enumerator_VerifyCurrent_m93918543_AdjustorThunk	System.Void System.Collections.Generic.Dictionary`2/Enumerator<TKey,TValue>::VerifyCurrent()	mscorlib
Enumerator_Reset_m1473454555_AdjustorThunk	System.Void System.Collections.Generic.Dictionary`2/Enumerator<TKey,TValue>::Reset()	mscorlib
KeyValuePair_2_get_Key_m4184817181_AdjustorThunk	TKey System.Collections.Generic.KeyValuePair`2<TKey,TValue>::get_Key()	mscorlib
KeyValuePair_2_get_Value_m3464904234_AdjustorThunk	TValue System.Collections.Generic.KeyValuePair`2<TKey,TValue>::get_Value()	mscorlib
Enumerator_get_CurrentKey_m3735262888_AdjustorThunk	TKey System.Collections.Generic.Dictionary`2/Enumerator<TKey,TValue>::get_CurrentKey()	mscorlib
Enumerator_get_CurrentValue_m785745355_AdjustorThunk	TValue System.Collections.Generic.Dictionary`2/Enumerator<TKey,TValue>::get_CurrentValue()	mscorlib
Enumerator_VerifyState_m2651392036_AdjustorThunk	System.Void System.Collections.Generic.Dictionary`2/Enumerator<TKey,TValue>::VerifyState()	mscorlib
KeyValuePair_2__ctor_m1794021352_AdjustorThunk	System.Void System.Collections.Generic.KeyValuePair`2<TKey,TValue>::.ctor(TKey,TValue)	mscorlib
Dictionary_2_GetEnumerator_m3278257048_gshared	System.Collections.Generic.Dictionary`2/Enumerator<TKey,TValue> System.Collections.Generic.Dictionary`2<TKey,TValue>::GetEnumerator()	mscorlib
Enumerator_get_CurrentValue_m785745355_AdjustorThunk	TValue System.Collections.Generic.Dictionary`2/Enumerator<TKey,TValue>::get_CurrentValue()	mscorlib
Enumerator_Reset_m1473454555_AdjustorThunk	System.Void System.Collections.Generic.Dictionary`2/Enumerator<TKey,TValue>::Reset()	mscorlib
Enumerator_Dispose_m3885012575_AdjustorThunk	System.Void System.Collections.Generic.Dictionary`2/Enumerator<TKey,TValue>::Dispose()	mscorlib
Enumerator_MoveNext_m1107569389_AdjustorThunk	System.Boolean System.Collections.Generic.Dictionary`2/Enumerator<TKey,TValue>::MoveNext()	mscorlib
KeyValuePair_2_get_Value_m3464904234_AdjustorThunk	TValue System.Collections.Generic.KeyValuePair`2<TKey,TValue>::get_Value()	mscorlib
Dictionary_2_ContainsValue_m4163124949_gshared	System.Boolean System.Collections.Generic.Dictionary`2<TKey,TValue>::ContainsValue(TValue)	mscorlib
ValueCollection_GetEnumerator_m3046098970_gshared	System.Collections.Generic.Dictionary`2/ValueCollection/Enumerator<TKey,TValue> System.Collections.Generic.Dictionary`2/ValueCollection<TKey,TValue>::GetEnumerator()	mscorlib
ValueCollection_CopyTo_m499275609_gshared	System.Void System.Collections.Generic.Dictionary`2/ValueCollection<TKey,TValue>::CopyTo(TValue[],System.Int32)	mscorlib
Dictionary_2_CopyToCheck_m305548979_gshared	System.Void System.Collections.Generic.Dictionary`2<TKey,TValue>::CopyToCheck(System.Array,System.Int32)	mscorlib
Dictionary_2_pick_value_m3376391509_gshared	TValue System.Collections.Generic.Dictionary`2<TKey,TValue>::pick_value(TKey,TValue)	mscorlib
Transform_1__ctor_m2699925986_gshared	System.Void System.Collections.Generic.Dictionary`2/Transform`1<TKey,TValue,TValue>::.ctor(System.Object,System.IntPtr)	mscorlib
Dictionary_2_Do_ICollectionCopyTo_TisRuntimeObject_m3942192587_gshared	System.Void System.Collections.Generic.Dictionary`2<TKey,TValue>::Do_ICollectionCopyTo<TValue>(System.Array,System.Int32,System.Collections.Generic.Dictionary`2/Transform`1<TKey,TValue,!!0>)	mscorlib
Dictionary_2_Do_CopyTo_TisRuntimeObject_TisRuntimeObject_m976542334_gshared	System.Void System.Collections.Generic.Dictionary`2<TKey,TValue>::Do_CopyTo<TValue,TValue>(!!1[],System.Int32,System.Collections.Generic.Dictionary`2/Transform`1<TKey,TValue,!!0>)	mscorlib
Enumerator__ctor_m10850803_AdjustorThunk	System.Void System.Collections.Generic.Dictionary`2/ValueCollection/Enumerator<TKey,TValue>::.ctor(System.Collections.Generic.Dictionary`2<TKey,TValue>)	mscorlib
Dictionary_2_get_Count_m3919933788_gshared	System.Int32 System.Collections.Generic.Dictionary`2<TKey,TValue>::get_Count()	mscorlib
Dictionary_2_Init_m2505938117_gshared	System.Void System.Collections.Generic.Dictionary`2<TKey,TValue>::Init(System.Int32,System.Collections.Generic.IEqualityComparer`1<TKey>)	mscorlib
Dictionary_2_ContainsKey_m3993293265_gshared	System.Boolean System.Collections.Generic.Dictionary`2<TKey,TValue>::ContainsKey(TKey)	mscorlib
Dictionary_2_ToTKey_m1865885486_gshared	TKey System.Collections.Generic.Dictionary`2<TKey,TValue>::ToTKey(System.Object)	mscorlib
Dictionary_2_get_Item_m4278578609_gshared	TValue System.Collections.Generic.Dictionary`2<TKey,TValue>::get_Item(TKey)	mscorlib
Dictionary_2_ToTValue_m4148303222_gshared	TValue System.Collections.Generic.Dictionary`2<TKey,TValue>::ToTValue(System.Object)	mscorlib
Dictionary_2_set_Item_m258553009_gshared	System.Void System.Collections.Generic.Dictionary`2<TKey,TValue>::set_Item(TKey,TValue)	mscorlib
Dictionary_2_Add_m2387223709_gshared	System.Void System.Collections.Generic.Dictionary`2<TKey,TValue>::Add(TKey,TValue)	mscorlib
Dictionary_2_Remove_m1786738978_gshared	System.Boolean System.Collections.Generic.Dictionary`2<TKey,TValue>::Remove(TKey)	mscorlib
KeyValuePair_2_get_Key_m4184817181_AdjustorThunk	TKey System.Collections.Generic.KeyValuePair`2<TKey,TValue>::get_Key()	mscorlib
KeyValuePair_2_get_Value_m3464904234_AdjustorThunk	TValue System.Collections.Generic.KeyValuePair`2<TKey,TValue>::get_Value()	mscorlib
Dictionary_2_ContainsKeyValuePair_m3793079331_gshared	System.Boolean System.Collections.Generic.Dictionary`2<TKey,TValue>::ContainsKeyValuePair(System.Collections.Generic.KeyValuePair`2<TKey,TValue>)	mscorlib
Dictionary_2_CopyTo_m338280030_gshared	System.Void System.Collections.Generic.Dictionary`2<TKey,TValue>::CopyTo(System.Collections.Generic.KeyValuePair`2<TKey,TValue>[],System.Int32)	mscorlib
Dictionary_2_CopyToCheck_m305548979_gshared	System.Void System.Collections.Generic.Dictionary`2<TKey,TValue>::CopyToCheck(System.Array,System.Int32)	mscorlib
Dictionary_2_U3CCopyToU3Em__0_m2023886030_gshared	System.Collections.DictionaryEntry System.Collections.Generic.Dictionary`2<TKey,TValue>::<CopyTo>m__0(TKey,TValue)	mscorlib
Transform_1__ctor_m1781248964_gshared	System.Void System.Collections.Generic.Dictionary`2/Transform`1<TKey,TValue,System.Collections.DictionaryEntry>::.ctor(System.Object,System.IntPtr)	mscorlib
Dictionary_2_Do_CopyTo_TisDictionaryEntry_t3123975638_TisDictionaryEntry_t3123975638_m3864993650_gshared	System.Void System.Collections.Generic.Dictionary`2<TKey,TValue>::Do_CopyTo<System.Collections.DictionaryEntry,System.Collections.DictionaryEntry>(!!1[],System.Int32,System.Collections.Generic.Dictionary`2/Transform`1<TKey,TValue,!!0>)	mscorlib
Dictionary_2_make_pair_m912614255_gshared	System.Collections.Generic.KeyValuePair`2<TKey,TValue> System.Collections.Generic.Dictionary`2<TKey,TValue>::make_pair(TKey,TValue)	mscorlib
Transform_1__ctor_m498158356_gshared	System.Void System.Collections.Generic.Dictionary`2/Transform`1<TKey,TValue,System.Collections.Generic.KeyValuePair`2<TKey,TValue>>::.ctor(System.Object,System.IntPtr)	mscorlib
Dictionary_2_Do_ICollectionCopyTo_TisKeyValuePair_2_t2530217319_m1439704807_gshared	System.Void System.Collections.Generic.Dictionary`2<TKey,TValue>::Do_ICollectionCopyTo<System.Collections.Generic.KeyValuePair`2<TKey,TValue>>(System.Array,System.Int32,System.Collections.Generic.Dictionary`2/Transform`1<TKey,TValue,!!0>)	mscorlib
Enumerator__ctor_m1946955878_AdjustorThunk	System.Void System.Collections.Generic.Dictionary`2/Enumerator<TKey,TValue>::.ctor(System.Collections.Generic.Dictionary`2<TKey,TValue>)	mscorlib
ShimEnumerator__ctor_m2143350687_gshared	System.Void System.Collections.Generic.Dictionary`2/ShimEnumerator<TKey,TValue>::.ctor(System.Collections.Generic.Dictionary`2<TKey,TValue>)	mscorlib
Dictionary_2_Resize_m3287623642_gshared	System.Void System.Collections.Generic.Dictionary`2<TKey,TValue>::Resize()	mscorlib
EqualityComparer_1_get_Default_m180770000_gshared	System.Collections.Generic.EqualityComparer`1<T> System.Collections.Generic.EqualityComparer`1<TKey>::get_Default()	mscorlib
Dictionary_2_InitArrays_m3414820685_gshared	System.Void System.Collections.Generic.Dictionary`2<TKey,TValue>::InitArrays(System.Int32)	mscorlib
Dictionary_2_get_Count_m3919933788_gshared	System.Int32 System.Collections.Generic.Dictionary`2<TKey,TValue>::get_Count()	mscorlib
KeyValuePair_2__ctor_m1794021352_AdjustorThunk	System.Void System.Collections.Generic.KeyValuePair`2<TKey,TValue>::.ctor(TKey,TValue)	mscorlib
Dictionary_2_Do_CopyTo_TisKeyValuePair_2_t2530217319_TisKeyValuePair_2_t2530217319_m985448706_gshared	System.Void System.Collections.Generic.Dictionary`2<TKey,TValue>::Do_CopyTo<System.Collections.Generic.KeyValuePair`2<TKey,TValue>,System.Collections.Generic.KeyValuePair`2<TKey,TValue>>(!!1[],System.Int32,System.Collections.Generic.Dictionary`2/Transform`1<TKey,TValue,!!0>)	mscorlib
EqualityComparer_1_get_Default_m180770000_gshared	System.Collections.Generic.EqualityComparer`1<T> System.Collections.Generic.EqualityComparer`1<TValue>::get_Default()	mscorlib
ValueCollection__ctor_m2244993774_gshared	System.Void System.Collections.Generic.Dictionary`2/ValueCollection<TKey,TValue>::.ctor(System.Collections.Generic.Dictionary`2<TKey,TValue>)	mscorlib
Dictionary_2_TryGetValue_m3280774074_gshared	System.Boolean System.Collections.Generic.Dictionary`2<TKey,TValue>::TryGetValue(TKey,TValue&)	mscorlib
NULL	System.Boolean System.Collections.Generic.EqualityComparer`1<TValue>::Equals(T,T)	mscorlib
EqualityComparer_1__ctor_m3263481450_gshared	System.Void System.Collections.Generic.EqualityComparer`1<T>::.ctor()	mscorlib
DefaultComparer__ctor_m41012692_gshared	System.Void System.Collections.Generic.EqualityComparer`1/DefaultComparer<T>::.ctor()	mscorlib
NULL	System.Int32 System.Collections.Generic.EqualityComparer`1<T>::GetHashCode(T)	mscorlib
NULL	System.Boolean System.Collections.Generic.EqualityComparer`1<T>::Equals(T,T)	mscorlib
EqualityComparer_1__ctor_m3263481450_gshared	System.Void System.Collections.Generic.EqualityComparer`1<T>::.ctor()	mscorlib
NULL	System.Boolean System.IEquatable`1<T>::Equals(T)	mscorlib
KeyValuePair_2_set_Key_m3170517671_AdjustorThunk	System.Void System.Collections.Generic.KeyValuePair`2<TKey,TValue>::set_Key(TKey)	mscorlib
KeyValuePair_2_set_Value_m1153752644_AdjustorThunk	System.Void System.Collections.Generic.KeyValuePair`2<TKey,TValue>::set_Value(TValue)	mscorlib
KeyValuePair_2_get_Key_m4184817181_AdjustorThunk	TKey System.Collections.Generic.KeyValuePair`2<TKey,TValue>::get_Key()	mscorlib
KeyValuePair_2_get_Value_m3464904234_AdjustorThunk	TValue System.Collections.Generic.KeyValuePair`2<TKey,TValue>::get_Value()	mscorlib
Enumerator_VerifyState_m2933667029_AdjustorThunk	System.Void System.Collections.Generic.List`1/Enumerator<T>::VerifyState()	mscorlib
List_1_GetEnumerator_m2930774921_gshared	System.Collections.Generic.List`1/Enumerator<T> System.Collections.Generic.List`1<T>::GetEnumerator()	mscorlib
List_1_Add_m3338814081_gshared	System.Void System.Collections.Generic.List`1<T>::Add(T)	mscorlib
List_1_Contains_m2654125393_gshared	System.Boolean System.Collections.Generic.List`1<T>::Contains(T)	mscorlib
List_1_IndexOf_m2662756272_gshared	System.Int32 System.Collections.Generic.List`1<T>::IndexOf(T)	mscorlib
List_1_CheckIndex_m46333114_gshared	System.Void System.Collections.Generic.List`1<T>::CheckIndex(System.Int32)	mscorlib
List_1_Insert_m3748206754_gshared	System.Void System.Collections.Generic.List`1<T>::Insert(System.Int32,T)	mscorlib
List_1_Remove_m1416767016_gshared	System.Boolean System.Collections.Generic.List`1<T>::Remove(T)	mscorlib
List_1_get_Item_m2287542950_gshared	T System.Collections.Generic.List`1<T>::get_Item(System.Int32)	mscorlib
List_1_set_Item_m1979164443_gshared	System.Void System.Collections.Generic.List`1<T>::set_Item(System.Int32,T)	mscorlib
List_1_GrowIfNeeded_m2809844946_gshared	System.Void System.Collections.Generic.List`1<T>::GrowIfNeeded(System.Int32)	mscorlib
List_1_get_Capacity_m318281511_gshared	System.Int32 System.Collections.Generic.List`1<T>::get_Capacity()	mscorlib
List_1_set_Capacity_m2372349928_gshared	System.Void System.Collections.Generic.List`1<T>::set_Capacity(System.Int32)	mscorlib
List_1_CheckCollection_m3132853353_gshared	System.Void System.Collections.Generic.List`1<T>::CheckCollection(System.Collections.Generic.IEnumerable`1<T>)	mscorlib
List_1_AddCollection_m2026039026_gshared	System.Void System.Collections.Generic.List`1<T>::AddCollection(System.Collections.Generic.ICollection`1<T>)	mscorlib
List_1_AddEnumerable_m3391653386_gshared	System.Void System.Collections.Generic.List`1<T>::AddEnumerable(System.Collections.Generic.IEnumerable`1<T>)	mscorlib
ReadOnlyCollection_1__ctor_m2122524688_gshared	System.Void System.Collections.ObjectModel.ReadOnlyCollection`1<T>::.ctor(System.Collections.Generic.IList`1<T>)	mscorlib
Array_IndexOf_TisRuntimeObject_m828474689_gshared	System.Int32 System.Array::IndexOf<T>(!!0[],!!0,System.Int32,System.Int32)	mscorlib
List_1_CheckMatch_m2025108246_gshared	System.Void System.Collections.Generic.List`1<T>::CheckMatch(System.Predicate`1<T>)	mscorlib
List_1_GetIndex_m2832472557_gshared	System.Int32 System.Collections.Generic.List`1<T>::GetIndex(System.Int32,System.Int32,System.Predicate`1<T>)	mscorlib
Predicate_1_Invoke_m3369767990_gshared	System.Boolean System.Predicate`1<T>::Invoke(T)	mscorlib
Enumerator__ctor_m3170385166_AdjustorThunk	System.Void System.Collections.Generic.List`1/Enumerator<T>::.ctor(System.Collections.Generic.List`1<T>)	mscorlib
List_1_Shift_m258688363_gshared	System.Void System.Collections.Generic.List`1<T>::Shift(System.Int32,System.Int32)	mscorlib
List_1_RemoveAt_m2730968292_gshared	System.Void System.Collections.Generic.List`1<T>::RemoveAt(System.Int32)	mscorlib
Comparer_1_get_Default_m1030668641_gshared	System.Collections.Generic.Comparer`1<T> System.Collections.Generic.Comparer`1<T>::get_Default()	mscorlib
Array_Sort_TisRuntimeObject_m2698056810_gshared	System.Void System.Array::Sort<T>(!!0[],System.Int32,System.Int32,System.Collections.Generic.IComparer`1<!!0>)	mscorlib
Array_Sort_TisRuntimeObject_m3700318967_gshared	System.Void System.Array::Sort<T>(!!0[],System.Int32,System.Comparison`1<!!0>)	mscorlib
Array_Resize_TisRuntimeObject_m856296018_gshared	System.Void System.Array::Resize<T>(!!0[]&,System.Int32)	mscorlib
List_1__ctor_m2321703786_gshared	System.Void System.Collections.Generic.List`1<T>::.ctor()	mscorlib
Collection_1_ConvertItem_m1743542180_gshared	T System.Collections.ObjectModel.Collection`1<T>::ConvertItem(System.Object)	mscorlib
Collection_1_InsertItem_m1638143248_gshared	System.Void System.Collections.ObjectModel.Collection`1<T>::InsertItem(System.Int32,T)	mscorlib
Collection_1_IsValidItem_m2967404270_gshared	System.Boolean System.Collections.ObjectModel.Collection`1<T>::IsValidItem(System.Object)	mscorlib
Collection_1_CheckWritable_m1688928016_gshared	System.Void System.Collections.ObjectModel.Collection`1<T>::CheckWritable(System.Collections.Generic.IList`1<T>)	mscorlib
Collection_1_IndexOf_m2532283559_gshared	System.Int32 System.Collections.ObjectModel.Collection`1<T>::IndexOf(T)	mscorlib
Collection_1_RemoveItem_m4079307753_gshared	System.Void System.Collections.ObjectModel.Collection`1<T>::RemoveItem(System.Int32)	mscorlib
Collection_1_IsSynchronized_m4038249104_gshared	System.Boolean System.Collections.ObjectModel.Collection`1<T>::IsSynchronized(System.Collections.Generic.IList`1<T>)	mscorlib
Collection_1_IsFixedSize_m2513451617_gshared	System.Boolean System.Collections.ObjectModel.Collection`1<T>::IsFixedSize(System.Collections.Generic.IList`1<T>)	mscorlib
Collection_1_SetItem_m1093999320_gshared	System.Void System.Collections.ObjectModel.Collection`1<T>::SetItem(System.Int32,T)	mscorlib
Collection_1_ClearItems_m1096166028_gshared	System.Void System.Collections.ObjectModel.Collection`1<T>::ClearItems()	mscorlib
ReadOnlyCollection_1_get_Item_m1938581258_gshared	T System.Collections.ObjectModel.ReadOnlyCollection`1<T>::get_Item(System.Int32)	mscorlib
Collection_1_IsValidItem_m2967404270_gshared	System.Boolean System.Collections.ObjectModel.Collection`1<T>::IsValidItem(System.Object)	mscorlib
Getter_2_Invoke_m3667195478_gshared	R System.Reflection.MonoProperty/Getter`2<T,R>::Invoke(T)	mscorlib
StaticGetter_1_Invoke_m3640162116_gshared	R System.Reflection.MonoProperty/StaticGetter`1<R>::Invoke()	mscorlib
Enumerator_get_Current_m3656702832_AdjustorThunk	T System.Collections.Generic.Queue`1/Enumerator<T>::get_Current()	System
Queue_1_GetEnumerator_m3453105872_gshared	System.Collections.Generic.Queue`1/Enumerator<T> System.Collections.Generic.Queue`1<T>::GetEnumerator()	System
Queue_1_Peek_m2302800625_gshared	T System.Collections.Generic.Queue`1<T>::Peek()	System
Enumerator__ctor_m1880089175_AdjustorThunk	System.Void System.Collections.Generic.Queue`1/Enumerator<T>::.ctor(System.Collections.Generic.Queue`1<T>)	System
Enumerator_get_Current_m42805805_AdjustorThunk	T System.Collections.Generic.Stack`1/Enumerator<T>::get_Current()	System
Stack_1_GetEnumerator_m2255833865_gshared	System.Collections.Generic.Stack`1/Enumerator<T> System.Collections.Generic.Stack`1<T>::GetEnumerator()	System
Array_Resize_TisRuntimeObject_m856296018_gshared	System.Void System.Array::Resize<T>(!!0[]&,System.Int32)	System
Enumerator__ctor_m3419056812_AdjustorThunk	System.Void System.Collections.Generic.Stack`1/Enumerator<T>::.ctor(System.Collections.Generic.Stack`1<T>)	System
Enumerator_CheckState_m2729407260_AdjustorThunk	System.Void System.Collections.Generic.HashSet`1/Enumerator<T>::CheckState()	System.Core
HashSet_1_GetLinkHashCode_m1097900102_gshared	System.Int32 System.Collections.Generic.HashSet`1<T>::GetLinkHashCode(System.Int32)	System.Core
PrimeHelper_TestPrime_m2318568626_gshared	System.Boolean System.Collections.Generic.HashSet`1/PrimeHelper<T>::TestPrime(System.Int32)	System.Core
PrimeHelper_CalcPrime_m3965958767_gshared	System.Int32 System.Collections.Generic.HashSet`1/PrimeHelper<T>::CalcPrime(System.Int32)	System.Core
HashSet_1_Init_m2976925848_gshared	System.Void System.Collections.Generic.HashSet`1<T>::Init(System.Int32,System.Collections.Generic.IEqualityComparer`1<T>)	System.Core
Enumerator__ctor_m1590062855_AdjustorThunk	System.Void System.Collections.Generic.HashSet`1/Enumerator<T>::.ctor(System.Collections.Generic.HashSet`1<T>)	System.Core
HashSet_1_CopyTo_m1623862577_gshared	System.Void System.Collections.Generic.HashSet`1<T>::CopyTo(T[],System.Int32)	System.Core
HashSet_1_Add_m1971460364_gshared	System.Boolean System.Collections.Generic.HashSet`1<T>::Add(T)	System.Core
EqualityComparer_1_get_Default_m180770000_gshared	System.Collections.Generic.EqualityComparer`1<!0> System.Collections.Generic.EqualityComparer`1<T>::get_Default()	System.Core
HashSet_1_InitArrays_m2493945259_gshared	System.Void System.Collections.Generic.HashSet`1<T>::InitArrays(System.Int32)	System.Core
HashSet_1_CopyTo_m2849056227_gshared	System.Void System.Collections.Generic.HashSet`1<T>::CopyTo(T[],System.Int32,System.Int32)	System.Core
HashSet_1_GetLinkHashCode_m1097900102_gshared	System.Int32 System.Collections.Generic.HashSet`1<T>::GetLinkHashCode(System.Int32)	System.Core
PrimeHelper_ToPrime_m3704362632_gshared	System.Int32 System.Collections.Generic.HashSet`1/PrimeHelper<T>::ToPrime(System.Int32)	System.Core
HashSet_1_GetItemHashCode_m973779378_gshared	System.Int32 System.Collections.Generic.HashSet`1<T>::GetItemHashCode(T)	System.Core
HashSet_1_SlotsContainsAt_m1127338994_gshared	System.Boolean System.Collections.Generic.HashSet`1<T>::SlotsContainsAt(System.Int32,System.Int32,T)	System.Core
HashSet_1_Resize_m2067174885_gshared	System.Void System.Collections.Generic.HashSet`1<T>::Resize()	System.Core
Enumerable_CreateWhereIterator_TisRuntimeObject_m3410152003_gshared	System.Collections.Generic.IEnumerable`1<!!0> System.Linq.Enumerable::CreateWhereIterator<TSource>(System.Collections.Generic.IEnumerable`1<!!0>,System.Func`2<!!0,System.Boolean>)	System.Core
U3CCreateWhereIteratorU3Ec__Iterator1D_1__ctor_m1723214851_gshared	System.Void System.Linq.Enumerable/<CreateWhereIterator>c__Iterator1D`1<TSource>::.ctor()	System.Core
U3CCreateWhereIteratorU3Ec__Iterator1D_1_System_Collections_Generic_IEnumerableU3CTSourceU3E_GetEnumerator_m183487175_gshared	System.Collections.Generic.IEnumerator`1<TSource> System.Linq.Enumerable/<CreateWhereIterator>c__Iterator1D`1<TSource>::System.Collections.Generic.IEnumerable<TSource>.GetEnumerator()	System.Core
U3CCreateWhereIteratorU3Ec__Iterator1D_1__ctor_m1723214851_gshared	System.Void System.Linq.Enumerable/<CreateWhereIterator>c__Iterator1D`1<TSource>::.ctor()	System.Core
Func_2_Invoke_m1574203759_gshared	TResult System.Func`2<TSource,System.Boolean>::Invoke(T)	System.Core
Component_GetComponentInChildren_TisRuntimeObject_m3151737292_gshared	T UnityEngine.Component::GetComponentInChildren<T>(System.Boolean)	UnityEngine.CoreModule
GameObject_GetComponentsInChildren_TisRuntimeObject_m2621777305_gshared	T[] UnityEngine.GameObject::GetComponentsInChildren<T>(System.Boolean)	UnityEngine.CoreModule
GameObject_GetComponentsInChildren_TisRuntimeObject_m467804091_gshared	System.Void UnityEngine.GameObject::GetComponentsInChildren<T>(System.Boolean,System.Collections.Generic.List`1<T>)	UnityEngine.CoreModule
Component_GetComponentsInChildren_TisRuntimeObject_m3825404836_gshared	T[] UnityEngine.Component::GetComponentsInChildren<T>(System.Boolean)	UnityEngine.CoreModule
Component_GetComponentsInChildren_TisRuntimeObject_m674916799_gshared	System.Void UnityEngine.Component::GetComponentsInChildren<T>(System.Boolean,System.Collections.Generic.List`1<T>)	UnityEngine.CoreModule
GameObject_GetComponentsInParent_TisRuntimeObject_m947018401_gshared	System.Void UnityEngine.GameObject::GetComponentsInParent<T>(System.Boolean,System.Collections.Generic.List`1<T>)	UnityEngine.CoreModule
GameObject_GetComponents_TisRuntimeObject_m1550324888_gshared	T[] UnityEngine.GameObject::GetComponents<T>()	UnityEngine.CoreModule
GameObject_GetComponentInChildren_TisRuntimeObject_m1310240902_gshared	T UnityEngine.GameObject::GetComponentInChildren<T>(System.Boolean)	UnityEngine.CoreModule
GameObject_GetComponentsInChildren_TisRuntimeObject_m2621777305_gshared	T[] UnityEngine.GameObject::GetComponentsInChildren<T>(System.Boolean)	UnityEngine.CoreModule
List_1_get_Count_m2934127733_gshared	System.Int32 System.Collections.Generic.List`1<T>::get_Count()	UnityEngine.CoreModule
Mesh_GetAllocArrayFromChannel_TisRuntimeObject_m1538119140_gshared	T[] UnityEngine.Mesh::GetAllocArrayFromChannel<T>(UnityEngine.Mesh/InternalShaderChannel,UnityEngine.Mesh/InternalVertexChannelType,System.Int32)	UnityEngine.CoreModule
NoAllocHelpers_SafeLength_TisRuntimeObject_m1926395370_gshared	System.Int32 UnityEngine.NoAllocHelpers::SafeLength<T>(System.Collections.Generic.List`1<T>)	UnityEngine.CoreModule
NoAllocHelpers_SafeLength_TisRuntimeObject_m1926395370_gshared	System.Int32 UnityEngine.NoAllocHelpers::SafeLength<T>(System.Collections.Generic.List`1<T>)	UnityEngine.CoreModule
Mesh_SetListForChannel_TisRuntimeObject_m3859265206_gshared	System.Void UnityEngine.Mesh::SetListForChannel<T>(UnityEngine.Mesh/InternalShaderChannel,UnityEngine.Mesh/InternalVertexChannelType,System.Int32,System.Collections.Generic.List`1<T>)	UnityEngine.CoreModule
InvokableCall_1_add_Delegate_m1149657958_gshared	System.Void UnityEngine.Events.InvokableCall`1<T1>::add_Delegate(UnityEngine.Events.UnityAction`1<T1>)	UnityEngine.CoreModule
NULL	!!0 System.Threading.Interlocked::CompareExchange<UnityEngine.Events.UnityAction`1<T1>>(!!0&,!!0,!!0)	UnityEngine.CoreModule
BaseInvokableCall_ThrowOnInvalidArg_TisRuntimeObject_m2266633109_gshared	System.Void UnityEngine.Events.BaseInvokableCall::ThrowOnInvalidArg<T1>(System.Object)	UnityEngine.CoreModule
UnityAction_1_Invoke_m2929687399_gshared	System.Void UnityEngine.Events.UnityAction`1<T1>::Invoke(T0)	UnityEngine.CoreModule
BaseInvokableCall_ThrowOnInvalidArg_TisRuntimeObject_m2266633109_gshared	System.Void UnityEngine.Events.BaseInvokableCall::ThrowOnInvalidArg<T1>(System.Object)	UnityEngine.CoreModule
BaseInvokableCall_ThrowOnInvalidArg_TisRuntimeObject_m2266633109_gshared	System.Void UnityEngine.Events.BaseInvokableCall::ThrowOnInvalidArg<T2>(System.Object)	UnityEngine.CoreModule
UnityAction_2_Invoke_m2304474703_gshared	System.Void UnityEngine.Events.UnityAction`2<T1,T2>::Invoke(T0,T1)	UnityEngine.CoreModule
BaseInvokableCall_ThrowOnInvalidArg_TisRuntimeObject_m2266633109_gshared	System.Void UnityEngine.Events.BaseInvokableCall::ThrowOnInvalidArg<T1>(System.Object)	UnityEngine.CoreModule
BaseInvokableCall_ThrowOnInvalidArg_TisRuntimeObject_m2266633109_gshared	System.Void UnityEngine.Events.BaseInvokableCall::ThrowOnInvalidArg<T2>(System.Object)	UnityEngine.CoreModule
BaseInvokableCall_ThrowOnInvalidArg_TisRuntimeObject_m2266633109_gshared	System.Void UnityEngine.Events.BaseInvokableCall::ThrowOnInvalidArg<T3>(System.Object)	UnityEngine.CoreModule
UnityAction_3_Invoke_m1904347475_gshared	System.Void UnityEngine.Events.UnityAction`3<T1,T2,T3>::Invoke(T0,T1,T2)	UnityEngine.CoreModule
BaseInvokableCall_ThrowOnInvalidArg_TisRuntimeObject_m2266633109_gshared	System.Void UnityEngine.Events.BaseInvokableCall::ThrowOnInvalidArg<T1>(System.Object)	UnityEngine.CoreModule
BaseInvokableCall_ThrowOnInvalidArg_TisRuntimeObject_m2266633109_gshared	System.Void UnityEngine.Events.BaseInvokableCall::ThrowOnInvalidArg<T2>(System.Object)	UnityEngine.CoreModule
BaseInvokableCall_ThrowOnInvalidArg_TisRuntimeObject_m2266633109_gshared	System.Void UnityEngine.Events.BaseInvokableCall::ThrowOnInvalidArg<T3>(System.Object)	UnityEngine.CoreModule
BaseInvokableCall_ThrowOnInvalidArg_TisRuntimeObject_m2266633109_gshared	System.Void UnityEngine.Events.BaseInvokableCall::ThrowOnInvalidArg<T4>(System.Object)	UnityEngine.CoreModule
UnityAction_4_Invoke_m218720656_gshared	System.Void UnityEngine.Events.UnityAction`4<T1,T2,T3,T4>::Invoke(T0,T1,T2,T3)	UnityEngine.CoreModule
InvokableCall_1__ctor_m974734014_gshared	System.Void UnityEngine.Events.InvokableCall`1<T>::.ctor(System.Object,System.Reflection.MethodInfo)	UnityEngine.CoreModule
InvokableCall_1_Invoke_m1111745191_gshared	System.Void UnityEngine.Events.InvokableCall`1<T>::Invoke(T1)	UnityEngine.CoreModule
UnityEvent_1_GetDelegate_m1604725783_gshared	UnityEngine.Events.BaseInvokableCall UnityEngine.Events.UnityEvent`1<T0>::GetDelegate(UnityEngine.Events.UnityAction`1<T0>)	UnityEngine.CoreModule
InvokableCall_1__ctor_m974734014_gshared	System.Void UnityEngine.Events.InvokableCall`1<T0>::.ctor(System.Object,System.Reflection.MethodInfo)	UnityEngine.CoreModule
InvokableCall_1__ctor_m2204476693_gshared	System.Void UnityEngine.Events.InvokableCall`1<T0>::.ctor(UnityEngine.Events.UnityAction`1<T1>)	UnityEngine.CoreModule
InvokableCall_1_Invoke_m1111745191_gshared	System.Void UnityEngine.Events.InvokableCall`1<T0>::Invoke(T1)	UnityEngine.CoreModule
InvokableCall_2__ctor_m3619012188_gshared	System.Void UnityEngine.Events.InvokableCall`2<T0,T1>::.ctor(System.Object,System.Reflection.MethodInfo)	UnityEngine.CoreModule
InvokableCall_3__ctor_m4245235439_gshared	System.Void UnityEngine.Events.InvokableCall`3<T0,T1,T2>::.ctor(System.Object,System.Reflection.MethodInfo)	UnityEngine.CoreModule
InvokableCall_4__ctor_m3136187504_gshared	System.Void UnityEngine.Events.InvokableCall`4<T0,T1,T2,T3>::.ctor(System.Object,System.Reflection.MethodInfo)	UnityEngine.CoreModule
ExecuteEvents_GetEventList_TisRuntimeObject_m3803188029_gshared	System.Void UnityEngine.EventSystems.ExecuteEvents::GetEventList<T>(UnityEngine.GameObject,System.Collections.Generic.IList`1<UnityEngine.EventSystems.IEventSystemHandler>)	UnityEngine.UI
EventFunction_1_Invoke_m2429482587_gshared	System.Void UnityEngine.EventSystems.ExecuteEvents/EventFunction`1<T>::Invoke(T1,UnityEngine.EventSystems.BaseEventData)	UnityEngine.UI
ExecuteEvents_Execute_TisRuntimeObject_m1952955951_gshared	System.Boolean UnityEngine.EventSystems.ExecuteEvents::Execute<T>(UnityEngine.GameObject,UnityEngine.EventSystems.BaseEventData,UnityEngine.EventSystems.ExecuteEvents/EventFunction`1<T>)	UnityEngine.UI
ExecuteEvents_ShouldSendToComponent_TisRuntimeObject_m2008221122_gshared	System.Boolean UnityEngine.EventSystems.ExecuteEvents::ShouldSendToComponent<T>(UnityEngine.Component)	UnityEngine.UI
ExecuteEvents_GetEventList_TisRuntimeObject_m3803188029_gshared	System.Void UnityEngine.EventSystems.ExecuteEvents::GetEventList<T>(UnityEngine.GameObject,System.Collections.Generic.IList`1<UnityEngine.EventSystems.IEventSystemHandler>)	UnityEngine.UI
ExecuteEvents_CanHandleEvent_TisRuntimeObject_m1442722301_gshared	System.Boolean UnityEngine.EventSystems.ExecuteEvents::CanHandleEvent<T>(UnityEngine.GameObject)	UnityEngine.UI
U3CStartU3Ec__Iterator0__ctor_m257387859_gshared	System.Void UnityEngine.UI.CoroutineTween.TweenRunner`1/<Start>c__Iterator0<T>::.ctor()	UnityEngine.UI
TweenRunner_1_StopTween_m3727271050_gshared	System.Void UnityEngine.UI.CoroutineTween.TweenRunner`1<T>::StopTween()	UnityEngine.UI
TweenRunner_1_Start_m1219364956_gshared	System.Collections.IEnumerator UnityEngine.UI.CoroutineTween.TweenRunner`1<T>::Start(T)	UnityEngine.UI
GameObject_GetComponent_TisRuntimeObject_m2049753423_gshared	!!0 UnityEngine.GameObject::GetComponent<T>()	UnityEngine.UI
GameObject_AddComponent_TisRuntimeObject_m3469369570_gshared	!!0 UnityEngine.GameObject::AddComponent<T>()	UnityEngine.UI
EqualityComparer_1_get_Default_m180770000_gshared	System.Collections.Generic.EqualityComparer`1<!0> System.Collections.Generic.EqualityComparer`1<T>::get_Default()	UnityEngine.UI
NULL	System.Boolean System.Collections.Generic.EqualityComparer`1<T>::Equals(!0,!0)	UnityEngine.UI
List_1__ctor_m2321703786_gshared	System.Void System.Collections.Generic.List`1<T>::.ctor()	UnityEngine.UI
Dictionary_2__ctor_m2253601317_gshared	System.Void System.Collections.Generic.Dictionary`2<T,System.Int32>::.ctor()	UnityEngine.UI
List_1_Add_m3338814081_gshared	System.Void System.Collections.Generic.List`1<T>::Add(!0)	UnityEngine.UI
List_1_get_Count_m2934127733_gshared	System.Int32 System.Collections.Generic.List`1<T>::get_Count()	UnityEngine.UI
Dictionary_2_Add_m1279427033_gshared	System.Void System.Collections.Generic.Dictionary`2<T,System.Int32>::Add(!0,!1)	UnityEngine.UI
Dictionary_2_ContainsKey_m1302194241_gshared	System.Boolean System.Collections.Generic.Dictionary`2<T,System.Int32>::ContainsKey(!0)	UnityEngine.UI
Dictionary_2_TryGetValue_m3959998165_gshared	System.Boolean System.Collections.Generic.Dictionary`2<T,System.Int32>::TryGetValue(!0,!1&)	UnityEngine.UI
IndexedSet_1_RemoveAt_m3002732320_gshared	System.Void UnityEngine.UI.Collections.IndexedSet`1<T>::RemoveAt(System.Int32)	UnityEngine.UI
IndexedSet_1_GetEnumerator_m3750514392_gshared	System.Collections.Generic.IEnumerator`1<T> UnityEngine.UI.Collections.IndexedSet`1<T>::GetEnumerator()	UnityEngine.UI
List_1_Clear_m3697625829_gshared	System.Void System.Collections.Generic.List`1<T>::Clear()	UnityEngine.UI
Dictionary_2_Clear_m3483845403_gshared	System.Void System.Collections.Generic.Dictionary`2<T,System.Int32>::Clear()	UnityEngine.UI
List_1_CopyTo_m1760614370_gshared	System.Void System.Collections.Generic.List`1<T>::CopyTo(!0[],System.Int32)	UnityEngine.UI
List_1_get_Item_m2287542950_gshared	!0 System.Collections.Generic.List`1<T>::get_Item(System.Int32)	UnityEngine.UI
Dictionary_2_Remove_m2269517757_gshared	System.Boolean System.Collections.Generic.Dictionary`2<T,System.Int32>::Remove(!0)	UnityEngine.UI
List_1_RemoveAt_m2730968292_gshared	System.Void System.Collections.Generic.List`1<T>::RemoveAt(System.Int32)	UnityEngine.UI
List_1_set_Item_m1979164443_gshared	System.Void System.Collections.Generic.List`1<T>::set_Item(System.Int32,!0)	UnityEngine.UI
Dictionary_2_set_Item_m2143527826_gshared	System.Void System.Collections.Generic.Dictionary`2<T,System.Int32>::set_Item(!0,!1)	UnityEngine.UI
Predicate_1_Invoke_m3369767990_gshared	System.Boolean System.Predicate`1<T>::Invoke(!0)	UnityEngine.UI
IndexedSet_1_Remove_m4118314453_gshared	System.Boolean UnityEngine.UI.Collections.IndexedSet`1<T>::Remove(T)	UnityEngine.UI
List_1_Sort_m2076177611_gshared	System.Void System.Collections.Generic.List`1<T>::Sort(System.Comparison`1<!0>)	UnityEngine.UI
ObjectPool_1_Get_m3351668383_gshared	T UnityEngine.UI.ObjectPool`1<System.Collections.Generic.List`1<T>>::Get()	UnityEngine.UI
ObjectPool_1_Release_m3263354170_gshared	System.Void UnityEngine.UI.ObjectPool`1<System.Collections.Generic.List`1<T>>::Release(T)	UnityEngine.UI
ListPool_1_U3Cs_ListPoolU3Em__0_m2790550420_gshared	System.Void UnityEngine.UI.ListPool`1<T>::<s_ListPool>m__0(System.Collections.Generic.List`1<T>)	UnityEngine.UI
UnityAction_1__ctor_m2434317150_gshared	System.Void UnityEngine.Events.UnityAction`1<System.Collections.Generic.List`1<T>>::.ctor(System.Object,System.IntPtr)	UnityEngine.UI
ObjectPool_1__ctor_m2535233435_gshared	System.Void UnityEngine.UI.ObjectPool`1<System.Collections.Generic.List`1<T>>::.ctor(UnityEngine.Events.UnityAction`1<T>,UnityEngine.Events.UnityAction`1<T>)	UnityEngine.UI
List_1_Clear_m3697625829_gshared	System.Void System.Collections.Generic.List`1<T>::Clear()	UnityEngine.UI
Stack_1__ctor_m3164958980_gshared	System.Void System.Collections.Generic.Stack`1<T>::.ctor()	UnityEngine.UI
ObjectPool_1_get_countAll_m819305395_gshared	System.Int32 UnityEngine.UI.ObjectPool`1<T>::get_countAll()	UnityEngine.UI
ObjectPool_1_get_countInactive_m526975942_gshared	System.Int32 UnityEngine.UI.ObjectPool`1<T>::get_countInactive()	UnityEngine.UI
Stack_1_get_Count_m1599740434_gshared	System.Int32 System.Collections.Generic.Stack`1<T>::get_Count()	UnityEngine.UI
Activator_CreateInstance_TisRuntimeObject_m729575857_gshared	!!0 System.Activator::CreateInstance<T>()	UnityEngine.UI
ObjectPool_1_set_countAll_m3507126863_gshared	System.Void UnityEngine.UI.ObjectPool`1<T>::set_countAll(System.Int32)	UnityEngine.UI
Stack_1_Pop_m756553478_gshared	!0 System.Collections.Generic.Stack`1<T>::Pop()	UnityEngine.UI
UnityAction_1_Invoke_m2929687399_gshared	System.Void UnityEngine.Events.UnityAction`1<T>::Invoke(!0)	UnityEngine.UI
Stack_1_Peek_m1714688658_gshared	!0 System.Collections.Generic.Stack`1<T>::Peek()	UnityEngine.UI
Stack_1_Push_m1669856732_gshared	System.Void System.Collections.Generic.Stack`1<T>::Push(!0)	UnityEngine.UI
PostProcessingBehaviour_AddCommandBuffer_TisRuntimeObject_m2015353702_gshared	UnityEngine.Rendering.CommandBuffer UnityEngine.PostProcessing.PostProcessingBehaviour::AddCommandBuffer<T>(UnityEngine.Rendering.CameraEvent,System.String)	Assembly-CSharp
PostProcessingBehaviour_RemoveCommandBuffer_TisRuntimeObject_m4008454459_gshared	System.Void UnityEngine.PostProcessing.PostProcessingBehaviour::RemoveCommandBuffer<T>()	Assembly-CSharp
NULL	UnityEngine.Rendering.CameraEvent UnityEngine.PostProcessing.PostProcessingComponentCommandBuffer`1<T>::GetCameraEvent()	Assembly-CSharp
NULL	System.String UnityEngine.PostProcessing.PostProcessingComponentCommandBuffer`1<T>::GetName()	Assembly-CSharp
PostProcessingBehaviour_GetCommandBuffer_TisRuntimeObject_m2507505718_gshared	UnityEngine.Rendering.CommandBuffer UnityEngine.PostProcessing.PostProcessingBehaviour::GetCommandBuffer<T>(UnityEngine.Rendering.CameraEvent,System.String)	Assembly-CSharp
NULL	System.Void UnityEngine.PostProcessing.PostProcessingComponentCommandBuffer`1<T>::PopulateCommandBuffer(UnityEngine.Rendering.CommandBuffer)	Assembly-CSharp
PostProcessingBehaviour_RemoveCommandBuffer_TisRuntimeObject_m4008454459_gshared	System.Void UnityEngine.PostProcessing.PostProcessingBehaviour::RemoveCommandBuffer<T>()	Assembly-CSharp
PostProcessingComponentRenderTexture_1_Prepare_m313453436_gshared	System.Void UnityEngine.PostProcessing.PostProcessingComponentRenderTexture`1<T>::Prepare(UnityEngine.Material)	Assembly-CSharp
PostProcessingComponent_1_set_model_m890758158_gshared	System.Void UnityEngine.PostProcessing.PostProcessingComponent`1<T>::set_model(T)	Assembly-CSharp
PostProcessingComponent_1_get_model_m1119990137_gshared	T UnityEngine.PostProcessing.PostProcessingComponent`1<T>::get_model()	Assembly-CSharp
PostProcessingComponent_1__ctor_m3056517686_gshared	System.Void UnityEngine.PostProcessing.PostProcessingComponent`1<T>::.ctor()	Assembly-CSharp
PostProcessingComponent_1__ctor_m3056517686_gshared	System.Void UnityEngine.PostProcessing.PostProcessingComponent`1<T>::.ctor()	Assembly-CSharp
Comparer_1_System_Collections_IComparer_Compare_m3873488533_gshared	System.Int32 System.Collections.Generic.Comparer`1<T>::System.Collections.IComparer.Compare(System.Object,System.Object)	mscorlib
Comparer_1_System_Collections_IComparer_Compare_m3873488533_gshared	System.Int32 System.Collections.Generic.Comparer`1<T>::System.Collections.IComparer.Compare(System.Object,System.Object)	mscorlib
EqualityComparer_1_System_Collections_IEqualityComparer_Equals_m3876978661_gshared	System.Boolean System.Collections.Generic.EqualityComparer`1<T>::System.Collections.IEqualityComparer.Equals(System.Object,System.Object)	mscorlib
EqualityComparer_1_System_Collections_IEqualityComparer_GetHashCode_m1228373509_gshared	System.Int32 System.Collections.Generic.EqualityComparer`1<T>::System.Collections.IEqualityComparer.GetHashCode(System.Object)	mscorlib
EqualityComparer_1_System_Collections_IEqualityComparer_Equals_m3876978661_gshared	System.Boolean System.Collections.Generic.EqualityComparer`1<T>::System.Collections.IEqualityComparer.Equals(System.Object,System.Object)	mscorlib
EqualityComparer_1_System_Collections_IEqualityComparer_GetHashCode_m1228373509_gshared	System.Int32 System.Collections.Generic.EqualityComparer`1<T>::System.Collections.IEqualityComparer.GetHashCode(System.Object)	mscorlib
InvokableCall_1_Find_m667253485_gshared	System.Boolean UnityEngine.Events.InvokableCall`1<T>::Find(System.Object,System.Reflection.MethodInfo)	UnityEngine.CoreModule
UnityEvent_1_FindMethod_Impl_m322741469_gshared	System.Reflection.MethodInfo UnityEngine.Events.UnityEvent`1<UnityEngine.Networking.PlayerConnection.MessageEventArgs>::FindMethod_Impl(System.String,System.Object)	UnityEngine.CoreModule
UnityEvent_1_GetDelegate_m1223269239_gshared	UnityEngine.Events.BaseInvokableCall UnityEngine.Events.UnityEvent`1<UnityEngine.Networking.PlayerConnection.MessageEventArgs>::GetDelegate(System.Object,System.Reflection.MethodInfo)	UnityEngine.CoreModule
UnityEvent_1_FindMethod_Impl_m322741469_gshared	System.Reflection.MethodInfo UnityEngine.Events.UnityEvent`1<UnityEngine.EventSystems.BaseEventData>::FindMethod_Impl(System.String,System.Object)	UnityEngine.CoreModule
UnityEvent_1_GetDelegate_m1223269239_gshared	UnityEngine.Events.BaseInvokableCall UnityEngine.Events.UnityEvent`1<UnityEngine.EventSystems.BaseEventData>::GetDelegate(System.Object,System.Reflection.MethodInfo)	UnityEngine.CoreModule
UnityEvent_1_FindMethod_Impl_m322741469_gshared	System.Reflection.MethodInfo UnityEngine.Events.UnityEvent`1<System.String>::FindMethod_Impl(System.String,System.Object)	UnityEngine.CoreModule
UnityEvent_1_GetDelegate_m1223269239_gshared	UnityEngine.Events.BaseInvokableCall UnityEngine.Events.UnityEvent`1<System.String>::GetDelegate(System.Object,System.Reflection.MethodInfo)	UnityEngine.CoreModule
PostProcessingComponent_1_GetModel_m2658164631_gshared	UnityEngine.PostProcessing.PostProcessingModel UnityEngine.PostProcessing.PostProcessingComponent`1<UnityEngine.PostProcessing.AmbientOcclusionModel>::GetModel()	Assembly-CSharp
PostProcessingComponent_1_Init_m1213350177_gshared	System.Void UnityEngine.PostProcessing.PostProcessingComponent`1<UnityEngine.PostProcessing.AmbientOcclusionModel>::Init(UnityEngine.PostProcessing.PostProcessingContext,T)	Assembly-CSharp
PostProcessingComponent_1_GetModel_m2658164631_gshared	UnityEngine.PostProcessing.PostProcessingModel UnityEngine.PostProcessing.PostProcessingComponent`1<UnityEngine.PostProcessing.BloomModel>::GetModel()	Assembly-CSharp
PostProcessingComponent_1_Init_m1213350177_gshared	System.Void UnityEngine.PostProcessing.PostProcessingComponent`1<UnityEngine.PostProcessing.BloomModel>::Init(UnityEngine.PostProcessing.PostProcessingContext,T)	Assembly-CSharp
PostProcessingComponentRenderTexture_1_Prepare_m313453436_gshared	System.Void UnityEngine.PostProcessing.PostProcessingComponentRenderTexture`1<UnityEngine.PostProcessing.BloomModel>::Prepare(UnityEngine.Material)	Assembly-CSharp
PostProcessingComponent_1_GetModel_m2658164631_gshared	UnityEngine.PostProcessing.PostProcessingModel UnityEngine.PostProcessing.PostProcessingComponent`1<UnityEngine.PostProcessing.BuiltinDebugViewsModel>::GetModel()	Assembly-CSharp
PostProcessingComponent_1_Init_m1213350177_gshared	System.Void UnityEngine.PostProcessing.PostProcessingComponent`1<UnityEngine.PostProcessing.BuiltinDebugViewsModel>::Init(UnityEngine.PostProcessing.PostProcessingContext,T)	Assembly-CSharp
PostProcessingComponent_1_GetModel_m2658164631_gshared	UnityEngine.PostProcessing.PostProcessingModel UnityEngine.PostProcessing.PostProcessingComponent`1<UnityEngine.PostProcessing.ChromaticAberrationModel>::GetModel()	Assembly-CSharp
PostProcessingComponent_1_Init_m1213350177_gshared	System.Void UnityEngine.PostProcessing.PostProcessingComponent`1<UnityEngine.PostProcessing.ChromaticAberrationModel>::Init(UnityEngine.PostProcessing.PostProcessingContext,T)	Assembly-CSharp
PostProcessingComponent_1_GetModel_m2658164631_gshared	UnityEngine.PostProcessing.PostProcessingModel UnityEngine.PostProcessing.PostProcessingComponent`1<UnityEngine.PostProcessing.ColorGradingModel>::GetModel()	Assembly-CSharp
PostProcessingComponent_1_Init_m1213350177_gshared	System.Void UnityEngine.PostProcessing.PostProcessingComponent`1<UnityEngine.PostProcessing.ColorGradingModel>::Init(UnityEngine.PostProcessing.PostProcessingContext,T)	Assembly-CSharp
PostProcessingComponent_1_GetModel_m2658164631_gshared	UnityEngine.PostProcessing.PostProcessingModel UnityEngine.PostProcessing.PostProcessingComponent`1<UnityEngine.PostProcessing.DepthOfFieldModel>::GetModel()	Assembly-CSharp
PostProcessingComponent_1_Init_m1213350177_gshared	System.Void UnityEngine.PostProcessing.PostProcessingComponent`1<UnityEngine.PostProcessing.DepthOfFieldModel>::Init(UnityEngine.PostProcessing.PostProcessingContext,T)	Assembly-CSharp
PostProcessingComponentRenderTexture_1_Prepare_m313453436_gshared	System.Void UnityEngine.PostProcessing.PostProcessingComponentRenderTexture`1<UnityEngine.PostProcessing.DepthOfFieldModel>::Prepare(UnityEngine.Material)	Assembly-CSharp
PostProcessingComponent_1_GetModel_m2658164631_gshared	UnityEngine.PostProcessing.PostProcessingModel UnityEngine.PostProcessing.PostProcessingComponent`1<UnityEngine.PostProcessing.DitheringModel>::GetModel()	Assembly-CSharp
PostProcessingComponent_1_Init_m1213350177_gshared	System.Void UnityEngine.PostProcessing.PostProcessingComponent`1<UnityEngine.PostProcessing.DitheringModel>::Init(UnityEngine.PostProcessing.PostProcessingContext,T)	Assembly-CSharp
PostProcessingComponent_1_GetModel_m2658164631_gshared	UnityEngine.PostProcessing.PostProcessingModel UnityEngine.PostProcessing.PostProcessingComponent`1<UnityEngine.PostProcessing.EyeAdaptationModel>::GetModel()	Assembly-CSharp
PostProcessingComponent_1_Init_m1213350177_gshared	System.Void UnityEngine.PostProcessing.PostProcessingComponent`1<UnityEngine.PostProcessing.EyeAdaptationModel>::Init(UnityEngine.PostProcessing.PostProcessingContext,T)	Assembly-CSharp
PostProcessingComponentRenderTexture_1_Prepare_m313453436_gshared	System.Void UnityEngine.PostProcessing.PostProcessingComponentRenderTexture`1<UnityEngine.PostProcessing.EyeAdaptationModel>::Prepare(UnityEngine.Material)	Assembly-CSharp
PostProcessingComponent_1_GetModel_m2658164631_gshared	UnityEngine.PostProcessing.PostProcessingModel UnityEngine.PostProcessing.PostProcessingComponent`1<UnityEngine.PostProcessing.FogModel>::GetModel()	Assembly-CSharp
PostProcessingComponent_1_Init_m1213350177_gshared	System.Void UnityEngine.PostProcessing.PostProcessingComponent`1<UnityEngine.PostProcessing.FogModel>::Init(UnityEngine.PostProcessing.PostProcessingContext,T)	Assembly-CSharp
PostProcessingComponent_1_GetModel_m2658164631_gshared	UnityEngine.PostProcessing.PostProcessingModel UnityEngine.PostProcessing.PostProcessingComponent`1<UnityEngine.PostProcessing.AntialiasingModel>::GetModel()	Assembly-CSharp
PostProcessingComponent_1_Init_m1213350177_gshared	System.Void UnityEngine.PostProcessing.PostProcessingComponent`1<UnityEngine.PostProcessing.AntialiasingModel>::Init(UnityEngine.PostProcessing.PostProcessingContext,T)	Assembly-CSharp
PostProcessingComponentRenderTexture_1_Prepare_m313453436_gshared	System.Void UnityEngine.PostProcessing.PostProcessingComponentRenderTexture`1<UnityEngine.PostProcessing.AntialiasingModel>::Prepare(UnityEngine.Material)	Assembly-CSharp
PostProcessingComponent_1_GetModel_m2658164631_gshared	UnityEngine.PostProcessing.PostProcessingModel UnityEngine.PostProcessing.PostProcessingComponent`1<UnityEngine.PostProcessing.GrainModel>::GetModel()	Assembly-CSharp
PostProcessingComponent_1_Init_m1213350177_gshared	System.Void UnityEngine.PostProcessing.PostProcessingComponent`1<UnityEngine.PostProcessing.GrainModel>::Init(UnityEngine.PostProcessing.PostProcessingContext,T)	Assembly-CSharp
PostProcessingComponent_1_GetModel_m2658164631_gshared	UnityEngine.PostProcessing.PostProcessingModel UnityEngine.PostProcessing.PostProcessingComponent`1<UnityEngine.PostProcessing.MotionBlurModel>::GetModel()	Assembly-CSharp
PostProcessingComponent_1_Init_m1213350177_gshared	System.Void UnityEngine.PostProcessing.PostProcessingComponent`1<UnityEngine.PostProcessing.MotionBlurModel>::Init(UnityEngine.PostProcessing.PostProcessingContext,T)	Assembly-CSharp
PostProcessingComponent_1_GetModel_m2658164631_gshared	UnityEngine.PostProcessing.PostProcessingModel UnityEngine.PostProcessing.PostProcessingComponent`1<UnityEngine.PostProcessing.ScreenSpaceReflectionModel>::GetModel()	Assembly-CSharp
PostProcessingComponent_1_Init_m1213350177_gshared	System.Void UnityEngine.PostProcessing.PostProcessingComponent`1<UnityEngine.PostProcessing.ScreenSpaceReflectionModel>::Init(UnityEngine.PostProcessing.PostProcessingContext,T)	Assembly-CSharp
PostProcessingComponent_1_GetModel_m2658164631_gshared	UnityEngine.PostProcessing.PostProcessingModel UnityEngine.PostProcessing.PostProcessingComponent`1<UnityEngine.PostProcessing.UserLutModel>::GetModel()	Assembly-CSharp
PostProcessingComponent_1_Init_m1213350177_gshared	System.Void UnityEngine.PostProcessing.PostProcessingComponent`1<UnityEngine.PostProcessing.UserLutModel>::Init(UnityEngine.PostProcessing.PostProcessingContext,T)	Assembly-CSharp
PostProcessingComponent_1_GetModel_m2658164631_gshared	UnityEngine.PostProcessing.PostProcessingModel UnityEngine.PostProcessing.PostProcessingComponent`1<UnityEngine.PostProcessing.VignetteModel>::GetModel()	Assembly-CSharp
PostProcessingComponent_1_Init_m1213350177_gshared	System.Void UnityEngine.PostProcessing.PostProcessingComponent`1<UnityEngine.PostProcessing.VignetteModel>::Init(UnityEngine.PostProcessing.PostProcessingContext,T)	Assembly-CSharp
PostProcessingComponent_1_GetModel_m2658164631_gshared	UnityEngine.PostProcessing.PostProcessingModel UnityEngine.PostProcessing.PostProcessingComponent`1<T>::GetModel()	Assembly-CSharp
PostProcessingComponent_1_Init_m1213350177_gshared	System.Void UnityEngine.PostProcessing.PostProcessingComponent`1<T>::Init(UnityEngine.PostProcessing.PostProcessingContext,T)	Assembly-CSharp
PostProcessingComponent_1_GetModel_m2658164631_gshared	UnityEngine.PostProcessing.PostProcessingModel UnityEngine.PostProcessing.PostProcessingComponent`1<T>::GetModel()	Assembly-CSharp
PostProcessingComponent_1_Init_m1213350177_gshared	System.Void UnityEngine.PostProcessing.PostProcessingComponent`1<T>::Init(UnityEngine.PostProcessing.PostProcessingContext,T)	Assembly-CSharp
